172.0367324203433,1206.6062621172323
127.74396484555103,1620.417900495092
165.75844622325735,926.954254750736
187.85816937226826,1993.602189559302
195.38851999663106,1382.7163962452246
152.71747796503212,427.8218131575147
158.27000764899498,1115.2516463977195
146.05143448171947,1338.8748557006293
179.6684134954021,996.9360462216465
172.18564578891835,1485.3218393934346
150.30568690390675,1174.6432693339539
154.70233513414163,1080.8949802572397
141.68025221123906,1143.035996969967
157.49917727178467,1460.0972885914596
167.45279080907503,1661.1745386511657
123.8151377189263,1852.646529862271
153.63963182951875,253.18735088728755
198.81915599673113,1291.8767629466877
177.09721305744705,181.35688922804536
184.53589298660458,140.45082730489418
179.80874568543322,1509.84650342738
106.61242752189602,1044.02740215724
145.9303546428273,1136.8241990571887
125.964695024289,653.975396719812
172.84040258527912,1206.6676160844784
154.0241773495537,557.9155369356059
169.10699421347368,1441.6542817196273
188.21952685296543,429.4847891113948
163.980192657075,249.8961488958928
183.53270386735807,1439.5618869422644
196.47858861253002,648.3900465590509
127.4922469547215,1668.8711227324538
139.1306252879261,1564.9434602206738
177.61955087367528,749.2156391336753
163.78951677641805,651.37491298993
149.79311604475225,515.583527865771
190.2163184000259,1435.8994166910225
165.89450455782503,846.8357500057659
135.65632606648268,1754.2971109794098
124.54906254377333,1008.5405630458513
165.73040282191783,922.1319350310745
144.7585124073123,206.4165198072996
125.29167807868492,1625.9752633301832
189.1172678839748,1966.716950041919
191.94061825941606,300.50932449555035
99.89434506240771,1050.3183182526163
124.326835786834,1445.796210118584
124.68583134012555,1511.3855227479694
134.81308386370867,602.7875168261743
166.7235907624724,1749.2184119082558
147.38011653848253,830.3870331198622
163.97257370374004,942.775222380964
165.68776735933858,1529.6532862756758
182.5883541432986,1839.9200936391057
145.79827886037992,1339.9155079338602
179.60675313114788,1341.273602319004
169.66161021393333,931.5710924258362
194.76567040325017,1036.595171137797
189.77625553067196,1510.2419287581029
135.70138959324004,282.7279116734987
155.9036263290802,1970.3027468355672
152.05109643680177,218.82020423632974
197.49899140543477,1086.9342755772846
103.80000208180932,1297.8052668865307
163.66917062183583,1159.162066093226
115.2922848910328,26.5744461480883
193.41684229869722,1720.8152965722704
174.85896155193726,846.111142499576
148.98811503983592,1479.9843063982662
135.24481448535875,886.8445378436052
156.6497247307939,385.40290319069595
150.97990717497237,1074.8053737209593
149.1233537128993,1109.7136259959057
158.06283723701006,1613.260471820327
194.1448680790461,1126.872026541287
146.00886511679917,901.5830573965873
165.86855061293198,1067.329365442863
123.53658751505395,1885.5640852700385
133.25767085003235,245.75373773254614
138.69930363178804,1222.624404180567
189.42197490467012,1765.5281324124471
195.3733511975429,1181.3649540699776
193.84389546060558,528.9565941057415
196.8100803715306,1530.818419824966
129.65774197804132,743.8785306544637
191.40959428608417,1883.5487990946392
143.25355378698407,563.7173737627209
157.84032916031975,1784.6860084270152
189.94854671134362,1482.443960909802
129.19277080312474,571.0565754851568
178.57864746264045,439.9653120279902
138.98124231636666,324.96406984838774
152.85785387936903,1640.4351351545276
130.33368917208645,1196.364842347217
111.0329689556927,626.2367802353766
151.76930974859673,1408.0015172269148
186.43752779138185,587.9874436016694
165.07399204813478,1616.1064686949906
146.98821414329433,1591.5471887405697
170.85275877610482,1178.6390332191945
197.5707156737714,651.3914288654212
131.67282707323906,1572.586490784397
199.36518902375235,1990.4438271543722
195.27166233994788,1091.9949742717868
188.0783540352325,192.26906046526392
176.74752873777794,471.98716565899247
135.5110562629521,1481.9320858582219
138.3900508672862,1722.715866331752
170.75651093371823,1020.1184357303655
110.71795208979881,721.2430251236308
170.48640042147946,1052.7882632464057
140.71795087784704,1657.6460551954522
162.73002558752688,1408.3502439617348
181.13157894509618,1013.8850134558525
140.42665012130323,1638.4103441897594
197.6206069505729,1091.5690275536144
130.721399577384,189.32319992616112
179.5153531337278,1107.0551054441066
180.72848856383922,1077.264875355142
189.65772523317963,1087.1912263473912
198.04255534405445,1020.2595304404018
140.37562276451513,945.278459966863
141.9129472139112,1490.1733359745874
141.84604152370872,1695.2614675603015
176.62537356115695,1816.7522788290325
156.9954583122514,1057.1822820834725
125.22290853773589,1407.6247410677113
155.9740014814372,1414.1716863581896
195.87574419794538,881.1544137360975
110.67415909859002,1127.281242663042
178.89665210662946,1169.4501444577145
124.81328902091387,495.1166561007975
138.3883250392118,976.3935897792608
143.21049428346566,1472.9118173477966
159.20346580082466,1015.5433766277674
170.3812959320456,1536.6645399454792
172.14023263868768,423.432878167795
146.45841453871344,344.83211260696874
157.01046996760664,992.3622014786281
142.143866303229,1807.5678773238474
187.0634343392753,1197.8501457573439
178.0640987775907,1743.7185231232158
162.76467808674374,1492.0847690186845
138.21346047466494,1226.854090771295
172.68655759312765,550.4781783349694
127.08881115416648,1632.2738089996196
176.18885046283597,1559.6774478156262
98.18852214183107,1080.0652609017932
109.95279017132967,1715.2216633195956
136.27921817523128,835.8283882994025
190.8224236538367,1603.8210125520122
184.86836699480793,1780.5414562756482
136.4142372219408,1292.6621220624584
103.45471616127736,210.74301314754564
157.57391962688433,106.78975477964963
133.2237935440209,186.73738151402227
180.87678012438536,485.20963460974303
147.20075030146657,1975.9030080163689
100.6899399196908,0.3929628623647261
197.59032535124834,1749.2615882086293
198.05202882419974,1297.400744877303
135.0112729240256,1373.0866867748487
99.93405609604748,1330.5447472097912
175.19337349798988,1154.934364091221
149.4095758069629,1503.552714507026
160.1895203330281,1161.5559856007667
150.29894512013976,345.72934657991595
152.56985955254532,810.1376823497728
151.80027829006485,1199.790987598189
175.9808575490639,1313.1337809725617
172.19817901800104,316.40210450514326
185.45962937233554,1284.3268248803045
148.1025885010909,276.6707785568643
155.84484425450438,1315.523563114803
168.55495405180875,941.0186665487465
104.21918238377962,1706.5311060638019
152.1330949516543,206.889672763436
195.3545368417192,1616.1387877736609
129.50986391601666,272.1039629115169
191.57298459596336,1236.0059512470025
166.8548114580521,1267.106839506097
140.02667887082364,628.219657662661
152.78433299327463,1800.1275509279285
165.1338517591929,1610.1034867842163
190.63569828304122,1006.0155431325655
190.1451094892828,183.27292015655047
156.25278370815892,1455.513593787177
159.93238172613792,1226.771056292252
180.5299230839945,1064.551879444337
190.68268449121084,170.36770148008236
146.33330368061462,1188.5794561509865
126.2266750412968,49.266661074340306
127.23511809815271,1776.520736533191
169.76998153925734,1675.6246527929145
134.7476886405517,349.83250755543855
109.13069377079641,971.4895415939873
130.90042465304595,856.8278476346346
153.65302592509124,216.44857095752548
157.1903310430941,422.03396734838327
139.04012539159396,1259.4892322663557
