-173.39882720509354,1.1000249143571317
-180.5120780442084,1.161019316096752
-181.75404394665605,0.9465920637402725
-290.576525607801,9.626418408196471
-262.0160736739291,0.47326745526669
-278.04535191416943,1.0461559858561351
-245.91558332657848,0.5878069723128476
-168.94052313048127,0.7101761556570316
-273.3319479678672,0.6247204919000675
-91.92391799578675,0.7764498893871838
-274.36073870446427,8.337380458066818
-266.21870249329424,1.007153952882561
-258.96190300850424,0.41836364067742604
-90.75960940876342,0.5827352320538388
-183.1108365619895,1.4020761828024249
-175.86102738657368,1.0274837298877717
-286.59095571673333,1.4105898014791336
-104.22191514930309,1.1097517281772822
-292.38483950999984,0.19311125311712019
-255.72759976363344,1.0387347859429266
-266.9892313047079,8.402126326985512
-241.63764481486834,-0.6451766276302777
-272.0123134329306,1.0301838333772944
-258.62592090751076,1.50980372740871
-80.809555389948,0.5627987141388466
-297.84356429514037,0.5544272628244826
-133.15265831789685,0.5148825154705357
-179.12629779532466,1.116644370490942
-235.50278954539314,0.7253393992353896
-200.75345253587255,1.071394600018686
-185.86190371277434,1.3165455644759205
-178.7928121800429,0.8575639159483119
-298.8853193928726,0.9729602923131573
-196.0861521534826,0.45732162377666086
-212.75710586395272,6.316162391360745
-264.8347718778597,1.2527962155224373
-189.58996649942017,0.9893324155464533
-299.88977008728216,9.530445567376011
-247.2708734477639,1.785174876029906
-233.59311966370296,1.1148164312019375
-279.6843315141399,1.6799440110326997
-80.85300244230757,0.7124520689671421
-290.4354449612365,0.7474997925872504
-179.58489925490892,0.5959767939645815
-270.5917619598564,7.7213575798995
-283.43497695084193,0.2588852808350137
-280.37881910827997,1.4156301387372903
-261.360213438026,0.7829764175409757
-193.99828620601062,0.8389669788447973
-63.35376002876455,0.777541168362422
-293.60192951673156,0.6346071755345584
-266.89057648635156,1.4432580145650145
-294.5213170567069,0.15882050441346607
-241.01154498293457,1.0955705346761238
-252.13115559359017,1.0799052610297846
-238.7622349220601,0.9790935385742117
-172.5520765910552,0.4406843174168831
-190.99756995083507,0.6902285185434955
-184.85861730083224,0.6410338781664748
-116.54967918708857,0.8885654042829552
-202.80523972580625,1.1257990873950376
-241.76689388925863,1.1320478936676786
-187.52958235034458,1.057004683351927
-152.01913217511526,1.058096905263727
-176.44225994516083,0.9924529461162876
-277.55370113074804,0.9121280938653413
-250.99493935702867,0.5475107404271986
-233.75975590779655,0.9245259813117457
-144.15994099768938,1.0166481688740667
-196.23633155618765,1.1337687917883859
-268.47913126138695,0.8391660946927271
-254.85725413301014,1.7013018906541522
-142.05136335166378,0.6017880536677067
-290.28182698817795,0.5749240815235916
-162.94846605457732,1.014069244401437
-244.925858790773,7.609100512257211
-276.1083996198657,11.366193205831062
-273.45452627829997,8.6902602801798
-295.0298450299035,1.4065503644164323
-254.6188229615691,7.822232502390843
-230.3537658737398,8.055781142763433
-273.7760994031808,1.1234939253521024
-275.22260193107104,0.8401971733355253
-135.8321020016177,1.068344919314356
-253.31168304045082,1.7066731943564393
-267.0545224497122,7.772145357155766
-102.57571886011576,0.6938128289731864
-150.33279890953622,1.1358385995486842
-255.03759329733415,7.891491664427465
-228.37839107115383,0.9429251958347784
-268.1383691924488,0.3080014549718961
-267.49404545037703,1.1337148906374992
-185.43251466200815,0.7033140534497742
-175.80089921968158,1.171319402481533
-252.0503163467896,1.0212868814072165
-136.9063790961299,0.6383898474779093
-272.4830607530981,1.3068681825947028
-285.3531744722788,8.965824437214582
-180.11860232891695,1.1030380901709886
-236.6613178929673,0.9538222040533562
-259.10088393575745,1.2558999869452387
-122.57298195408441,0.768499976937461
-166.94174217116668,1.291583133132133
-212.1555460122358,0.44950886908991805
-239.39067524198387,1.0683634761880683
-104.7453737248644,0.5575719864219897
-223.37953932633786,1.0134657113286174
-261.0573156803913,0.2354966222598005
-232.21997879374445,1.4977329519677642
-184.82133115014102,0.9657356719374857
-258.88842531996556,0.3189112673937231
-168.29468829253804,0.9022963941112758
-230.24068583604523,0.640486418357149
-45.64097505236958,0.5621630793118619
-296.6498133515093,0.92446761854427
-236.75820612610414,7.797880149217555
-278.6869360769833,0.2856907336638752
-204.42877188040742,1.0188308190467836
-248.63277399355835,8.149740221399545
-211.65216402236587,1.0360414646324554
-230.2528078407362,0.873591572769433
-216.8923788432311,0.9941951430530658
-185.4655737773425,1.1197579491196692
-267.8359177023535,0.5979098204436504
-210.4488690861393,0.5154233033458349
-251.63553747381445,1.293279696942335
-227.6252263303272,0.6275446622513492
-273.5493497156892,0.534512074075078
-97.89948014085155,0.7016306346519454
-191.34570724671048,1.365813847013106
-274.71202940959364,0.912218508060608
-280.9733007939013,1.0981623961912117
-115.21938350419173,0.979730376142177
-156.39513500128362,0.6954560708414306
-298.5704601858382,1.4196428852116294
-159.25869363876873,0.9906182618269295
-54.50579824740052,0.5303021978079556
-259.29219333957417,0.7944379321660477
-146.33747685837739,0.8670259066874215
-264.8898115992248,1.5154167904054496
-183.4314199170309,1.0444349500726942
-177.00568268727187,0.5774363471945847
-125.0954597522304,1.1259983292727953
-104.36003017275019,0.776664361437561
-148.80991282368188,0.7559092756184036
-205.9121766615188,0.9439377705166188
-216.65702025405628,0.6818053633656955
-230.6007864855189,0.5907080673465455
-125.62590923068169,0.7575680212198961
-275.4185915909603,9.01608342769365
-284.38337676525725,1.424391419832253
-273.1262137592795,0.6946102844569921
-259.7309614433405,0.7716064484754357
-198.53635084168076,1.2872749064686886
-271.7882544512151,1.5349770529861573
-146.26016453787935,0.6816585553886298
-269.6001532992677,0.7511617189144353
-272.3096129281682,1.0929614642021948
-238.91177154104068,7.1340856704898625
-196.34264065515904,1.086260478380216
-111.74702066790458,0.7030979979091256
-245.79002902826437,7.716256559585762
-226.90644176995863,0.8103767190287271
-277.33079094383805,1.2956614594270626
-207.54618498424148,1.1380042014746685
-209.4214584021147,1.6440476035876088
-255.29579037007838,0.6662107376425839
-86.7822490857684,0.6207758128156051
-273.4652595246982,7.8718896711902815
-175.28170534034462,1.0798299337833832
-213.16607199738905,1.1040111199815799
-234.9962877616391,0.9949407583452476
-196.60244385801494,1.2377157320511998
-250.11276371659966,1.5386221431611862
-199.89839451318238,0.6455966392968602
-284.6692725691639,1.1429182059843424
-198.21366848014725,1.0902491330658002
-105.78733546628919,0.8090515358590382
-271.9038742778263,0.8725990995606949
-279.8460479443686,8.198125687351192
-274.419211290523,7.829499757583222
-258.54388851234853,0.6604222156980697
-257.36478261691695,0.9523198530673653
-174.85090706238776,1.1618670915220632
-271.0388860982096,1.1044549087060975
-269.3532182980346,8.972574812518019
-256.10211178695,1.0392259759787912
-176.70456920857214,0.7740894263258333
-192.69018812124716,0.9354387213391444
-294.5756533390699,1.0970900892327649
-238.30381681397822,0.8424591492350686
-288.9823632251348,0.6084883804436331
-269.1179612937306,1.2757457395433214
-192.48668380913838,1.1755019170359295
-180.28986660522799,0.6722956109616653
-285.3818587995174,1.042718772480299
-249.46117269423732,0.9558829694723674
-297.8700351058405,8.96888548971329
-176.54037359319162,0.6963472540917621
-272.4164010447025,0.24338181602335496
