-121.87179958695725,154.84945393044012,-199.64291076752318,122.51787876192475,870.0520811675011
-146.8390271087129,53.97309920962098,-63.85932695326345,154.7178012531745,722.3355224554547
-183.01936242104762,172.6586995842586,-83.12275333871118,122.88988516546429,607.1254505322378
-197.86931075958412,167.866099337785,-0.6303689213717689,190.64488556147109,1551.287429223519
-72.51371599809966,144.75285106785248,-176.6036390276064,89.95726425635507,629.9004162865417
-99.00389675642424,22.744375613083236,-147.81441434107788,79.16679095963582,465.9760888953318
-161.18714343576482,72.52576539755933,-54.261033744752524,53.28310428795811,281.33010977360857
-156.79330168067796,50.07140108583414,-50.80736705573264,59.92842011517331,451.46207164422515
-103.1633015524387,54.05868878127137,-100.24075615585551,96.51699721924405,702.9960606006308
-3.295751034086976,77.74101357887272,-17.10618066987243,-199.62517577864455,383.16277893181405
-76.07899126175074,192.99086942518284,-72.32036435302328,-41.00129878574086,775.9575703092793
-123.77595587462673,184.65390059299796,-35.36442097523215,82.49570144877522,666.8120308748139
-78.03142765413557,181.794373467001,-59.3846036626133,-121.25993800655594,663.0553978716829
-127.64726605131482,146.0780739988034,-121.40603300708182,-14.33618681368067,568.4272122050736
-122.9401308514388,83.77690599468707,-130.38594142829206,136.34982582631562,620.8796269721001
-114.78931751325581,168.62438119944005,-56.056153779189174,62.361946996287344,747.001517002912
-194.44540940173388,193.670042042641,-106.00020278800395,185.2997490418275,845.5284531645518
-89.98782999847285,115.94130331122818,-21.437505598791404,174.42348389650513,735.9665876920387
11.786908080814783,100.1326142351428,-124.49580298384844,166.59810974514488,539.8425608395085
-23.10175132435657,99.05540397250071,-0.2608541334210628,-33.674083148855004,1417.9405841904074
-21.794352403830203,43.363899407769026,-6.223486906374362,-54.80374745814635,1692.4614964931645
-56.884925772784925,188.50548693288818,-152.7449058309081,89.58298729966708,729.3553879454721
-131.84366525425193,189.12170445546124,-67.7361632480901,194.07445947932143,841.541891351409
-172.0138747540421,198.12531031108853,-130.11681282001638,197.11947914141268,1395.8960719771753
-38.97570325502454,89.70331598249103,-29.128084149536235,188.75914348886954,1010.8954368600961
-162.6343972665731,168.16575897042895,-20.335822853888416,115.29525240396103,566.6262418619385
-193.53160721143755,146.68249013424497,-123.61516434275777,-134.2140672044874,1334.632842962095
-104.92770727600173,2.8827638325070737,-95.14973351333171,132.11258807555518,799.7677569321961
-36.34873311734154,154.33366396036894,6.708882225066986,164.49294859988032,1148.7245139930733
-79.23734250057512,16.734257635566166,2.321203114886856,183.42052023488813,913.4023421795838
-131.58454163622267,184.7006479656983,-168.26842151689004,110.13480509662104,771.762370355164
-142.66820836020557,103.40906572042718,-37.59532702298563,140.96463247061425,933.475970240628
-100.36253492267818,12.340419548807347,-25.514896939929223,50.6804087720549,432.3762949439098
-142.84443221745732,109.1809152239403,-140.34397003431562,-45.81197429357883,1686.0262430683108
28.285239812280963,122.8054321463961,-21.854979412987788,93.52424512325376,871.1812958109275
-94.9458212009846,164.94175355101518,-129.48437293161274,192.9206003795096,1071.8982158233568
-59.50556411994362,173.8921146505912,-68.98784031865044,-8.577875097382407,1648.6644705617598
-80.0301082478595,161.19826861141394,-164.74624309826322,143.21966503331882,684.2376697703842
-184.16482212303873,122.41064780116331,-141.22152601761945,170.2998276169007,1204.086464532213
23.437159734955962,129.8484094918989,-198.92471890656026,164.97786141941293,700.1751071927997
-56.94318864227154,198.45116906326703,-109.80398714271456,-27.664763442364972,947.9382166032747
-72.5693901444483,164.72898823717918,-4.728694649478626,193.29100990314447,805.0663585259206
-46.78789023461135,-67.03929871956149,-49.99248296211448,152.80482196410685,397.4868011393355
-15.021488033410236,85.74557588300894,1.1313773070432092,-124.49866973144967,367.96514446897015
-80.81737699099797,159.6245031297462,-43.83078745902475,-90.58773128520835,970.7488766680198
-123.05470452551253,120.6771190769154,-75.82680758702263,41.52448652098508,496.9628793756923
-80.70428180981531,135.6940567728447,-149.19808121673032,66.5141383038013,532.6823937219002
-74.45321307633162,129.078305803753,-77.70237261428642,169.93837724259967,595.2141685684422
-14.208033851754024,76.53301023957778,-97.84397574931555,198.33215516753,1544.9768754402387
-143.0345557561891,196.98946182019094,-34.037557996907594,-57.39397302111544,1040.9135948550263
-95.95892050666335,86.13778573110727,-70.00639173074144,149.4652460675486,471.97822549728915
-133.01764854888648,193.25411827101124,-173.51420522515429,149.50734402204552,1095.7470176341549
-24.278331296634946,137.99476880773096,-121.34708439838671,199.04037556087104,1749.722949061967
-98.77885650857485,188.0280907503255,-152.50976552437598,-11.59812303111111,882.0432091136211
12.405889669362438,117.19783601952616,-114.91437328823858,108.49689001936883,1006.7746990921042
-114.14971134375432,106.92403219872378,-158.23733761817422,199.99348603028525,548.165305962015
-194.46664212544584,188.51156455125144,-107.11861699497986,153.1620424250302,1247.5798776814847
-157.06776271063836,82.93910626559853,5.713849890343063,194.06002168851984,943.2959773514699
-41.57468536171652,121.35406565864298,-117.93291586631022,131.9340028793119,1035.880898220647
-69.28728548009043,128.62771724640265,-56.48510126786623,132.13187794419213,546.3136281406022
-107.21923802045863,83.6161248819987,-65.35718591603111,-195.30421150512888,293.0099948271046
2.453632782987114,191.39825051440215,-32.608438020509226,-183.93937812066045,1113.682630079178
-42.95483206609443,21.615193652056377,-79.04013636035683,183.37789208094577,1006.3177011827657
-16.010329569880724,106.46132377082948,-86.24880119603539,196.927775050744,816.3253784805996
-86.54724803542948,56.25319158892654,-39.20019914470262,80.41730967877407,358.60390796549206
-91.23010410199919,199.1314020902793,-189.19856835861822,123.85685851113578,992.0960284859666
-58.49846746364209,159.41937816798568,-11.815598433159465,-61.638585898779,1765.761808749134
-132.56328417437737,147.41014185568469,-63.459166382339134,178.0000010716051,1220.0804084128756
-134.65083735626405,150.1513497889827,-50.78469475090131,144.51206559876863,1157.8590052960133
-139.42489051455505,108.29564010250257,-160.1533828168785,102.43950621226236,738.1487266653927
-75.04714532776488,115.67442367092936,-54.105506469867876,142.28018450956876,800.050555385878
-117.7623935311589,128.33787064507533,-88.97506359674843,-42.45046420325235,429.9660723296214
-35.73409562830953,132.10243363492455,-101.13436059120684,-136.5859205838052,695.9294603537228
-134.18579645680177,119.42390578524703,-50.53126319972782,129.37284128465245,768.9934760872267
-156.08385084339062,141.0601720398323,-16.16097264233092,161.62301046136713,784.3075057691964
-91.646221332241,17.695356715803833,-6.804149932891704,194.35851178197547,931.6810298780022
-196.94030543411205,191.92356207499864,-116.35500122829508,59.985955282137425,631.3432142770271
-166.86682234985724,91.93272960686268,-23.5810334226434,44.519260691762724,333.8674748868657
-156.3031820429105,139.59872395550596,5.652410783111904,146.7921165887201,1682.4586487434565
-177.97944626126085,144.6184982398865,-74.21504558196298,-47.33599879962085,457.6679695420753
-34.09780584460441,50.34046456370535,-127.32256756608018,170.563668518979,555.4195724676249
-129.59162898589602,172.33104719009043,-4.3990395016713535,32.29058530699666,595.909718786136
-71.3628971603772,34.17367056550982,-14.368169116732219,178.66182703834107,1382.7471376940116
-12.73319984822217,118.60583835480779,-108.25020521692839,122.2997355131633,896.9957818169729
-117.6378978124547,167.2228485917655,-107.05997074180776,54.55234969777473,827.8102867594602
8.797380357103876,21.51655011442345,-65.47677585487163,-195.67826665675173,622.6158639174769
-3.8604773163753805,169.44660187002253,-184.39812123210274,-89.21178518194478,812.7475063639024
-133.06057196250538,142.4377524759126,-188.56519899758888,48.2003112742571,640.2313715312996
-32.21823319130658,179.92903115705417,-46.7666719146259,-26.000675373396405,1007.7517498547386
-194.76300260977627,50.35944501430525,-112.08718753821074,153.163612986026,620.428913853598
-142.3308239075771,189.77183184225157,-12.718790834151037,106.49963408114598,1209.3362091161343
-50.22900138882804,100.21098897313372,-52.157590529692406,91.13703895698148,684.99323368251
-112.64144708431746,94.92150408683455,-72.27992439974206,97.68332368988345,682.750687998588
-62.56629042404563,98.74503558988766,-46.236421156733996,131.255555178804,597.7447177856899
-199.99951126713458,112.77607188300706,-130.57481842535992,-80.57791492066227,1777.7178012236818
-49.52011187855892,101.15981964424583,-55.45543578170819,74.77746957860542,560.654270899037
-53.94190654643815,148.86080738845254,-7.31719736757843,87.27303855589085,833.0228877797861
-138.61226778052676,115.61096282673554,-102.95425076495863,99.0438401503638,569.36950154116
-132.1754022531977,75.01638699284416,-40.49609144970652,198.5518559558824,1364.0058983903996
-70.51805074517145,86.63166889252719,-58.51933587450009,-178.0654254923165,413.1330030948579
-73.42804322161092,141.26842915158556,-26.047599983428825,-82.69848634944913,883.6881077741916
-19.82711443224646,103.02015174826083,-143.1475576766943,184.07626719073738,1394.2569866385463
5.645144297616135,182.76879271097997,-80.08520587830937,174.4429372307893,767.7118678592143
-73.36475477407033,139.6988752024112,-112.09811616687126,107.04154797628692,770.4669460962865
-137.5672390111528,195.45039849184573,-180.97755188486505,170.0163440130113,1208.3130230464758
-98.71836658818376,121.95796874795616,-27.35409861844954,-180.87613736603427,1798.387820523987
-104.1523613245811,116.6258409510221,-100.8879312731902,110.508922433299,455.4574785946984
-116.57972064509181,152.82193845088534,-60.94393492280474,135.74503187748542,801.1111142671932
-101.08886774377063,96.83874312989678,-82.8787434448351,199.2016345313889,1326.4406301586096
-191.21845415097414,169.96272935528594,-57.1765349420827,190.7888067506015,1430.5111568834525
-142.31560193117792,134.89576960071437,-146.82078579154296,84.26705553472638,513.7543444119347
5.290977668685244,199.7977666532968,-133.12897077945428,-38.90431540866419,1299.9318594453177
-152.51417853324557,75.6125671515693,-63.01390684887596,152.92068344496303,1248.3945811584156
-49.45256878560626,35.61574093370617,-27.47256171264749,114.78705367712759,837.9861624314558
-199.5404006447672,137.96122726204862,-97.1333325754322,75.05840766217801,536.2234239560022
-129.1294950025102,175.98937608858824,-22.37283206962769,183.95996666114945,1742.713682292506
-76.01883021302096,-57.20760597154315,-88.47896281614857,93.68559657279555,269.65154888646276
10.364271164882297,-65.03174820507701,-41.72728427207696,-126.40001714811,308.91109818292546
-27.960277150624563,176.67691143902323,-42.45553058649571,12.007894676319495,883.8864093682351
-128.37747022892538,140.45765009944296,-34.796715024748906,-198.03936388714075,921.736151202021
-144.51240879346685,176.6667885589475,-74.04279894483895,130.48360181363975,668.9129784674908
-125.1417088241011,111.3043408972458,-80.53880471486706,2.104530988129329,401.2754418677527
-57.242311749292114,118.87788888890742,-183.9996306467386,195.81585454930968,685.2474950508248
-114.29305404026096,158.39180694818958,-118.47644478025535,-123.58310322731428,564.9934397172453
-1.5293168947196847,89.79192276157194,-190.68027424469153,116.37583495698846,933.8994817927996
-193.80132831383108,137.77943763298185,-177.22944505869992,110.75515446763796,738.2444609075729
2.2152690316096155,107.22834294562512,-102.28039788187786,78.7754627525003,730.908247747456
-130.3200860420484,169.48307079548619,-52.22748267385691,153.12103863906907,877.4204240101615
-187.75444009624272,159.72892690926318,-143.44003902060055,46.44996298935577,529.991121454041
-192.33435032035632,140.35840693629785,-67.91021376724888,137.12776378608316,748.5359611050387
-186.43957858257735,47.449196098986704,-152.37323368537432,70.90020127458192,650.045994114205
-123.87227063947262,194.29539663096705,-199.4656722228941,-48.34674456733845,934.5944041699561
-54.63988736963651,102.74358113681774,-64.88772845631226,-143.5559931382088,442.5718933952187
-101.7636149912847,190.31148596308054,-196.4683598175005,46.57434810801297,687.1931799865588
-142.17025832337873,161.55007338204328,-87.772543051274,139.09401623945223,627.8981158184366
-54.02869029138576,82.60274640050199,-108.70301419484194,56.62101013664197,394.71748004405805
-166.8545004207353,174.77765098824764,-81.71359815741522,90.75954513729968,651.4601554545244
-122.885495856663,140.65945906057277,-39.41940846190536,171.83984337326146,1303.7542307651133
-171.57907019775487,26.36636207394415,-125.51763740604059,108.6658911093026,600.5379061685039
-135.46845163466395,149.53949824785494,-3.3146964862246504,101.74768026036679,812.3749321778829
-190.31788229862067,92.82023290225797,-126.4756402320576,161.76827897582308,551.1912213768777
-199.89568407157162,155.09679703985347,-112.13023876526992,140.04003340934094,1101.4702625054952
-49.117725350373036,113.73325353897934,-198.39390620076216,96.05590974411956,639.4637140320499
-64.80493407384196,121.05742424981791,-60.11563634223626,-115.04630473899543,1858.8701896717075
-79.70593294633571,155.37926337132575,-83.22792020136534,115.40635408342962,771.7399804456751
-116.15531359901779,-182.65201777976324,-42.469701126780365,-188.7435880173166,329.998597007006
-75.48948538092142,122.22911570204865,-106.82983459945594,-28.252380841160203,465.7301399956574
-161.16459980734487,199.29955746124753,-148.85538269948185,141.63406600668264,808.7129538814396
-59.700077275301204,170.04000860234567,-38.71357549591565,102.34786368896695,929.2815036660938
-92.94052049066721,164.41212773310974,-37.523308392881034,-72.4574253255056,618.9663777258202
-13.40190658437831,180.39181580894166,-161.91729754540373,163.51105690832634,1049.5535724952406
-86.2600594501413,100.69336584400415,-165.18215083399713,166.4169475100078,650.5812553867661
-78.8730941687066,160.22302601945233,-93.56321794007133,177.89234717017362,677.0641127488726
-155.99717698765784,61.380088501891095,-39.687006997812716,129.40083108468207,1022.4427073055712
-144.83120293255328,67.7177275976745,-68.51143933636953,188.36140120349586,1312.9838440740791
-133.77162582190968,177.3290309990468,-155.22006031093787,181.10558078665088,1636.184564160996
-147.65169326601637,116.02665112640013,-175.77929605786602,-80.68941886657838,1362.0121205402495
-55.170331949329054,175.4673435429479,-103.00733153214196,-74.6311414473118,1046.8346906435072
-78.15172702848673,23.29970192040402,-16.381941617470943,-152.25488392746306,401.33288401413415
-3.103529405435822,178.94176266618683,-198.38380356740066,88.02704569462657,909.2433113393791
-72.75387188751597,176.18372780623014,-112.8666083657902,134.13756989388833,690.273547329714
-7.410383780895046,94.21735117242568,-31.008480971171945,-175.36255877071702,418.60170103180735
-124.30515993797039,153.27367770284576,-23.988300030284933,174.7913298297295,649.134585076388
-31.61724815293465,122.37699495935635,-33.187423275130556,-182.10084347519572,443.66231955096873
10.532915199542018,154.20772816436812,-149.98537212819252,140.46610954621312,624.0107457169709
-117.7401491563175,54.147924249874514,-48.872865089411846,164.9319515667474,805.6503865293137
-57.220251661678944,164.94338086697363,-150.54184771883877,178.96709692159402,972.9264191929283
-74.50426044980266,129.79565123735279,-71.82180862342372,-152.16671162119502,813.9902132889935
-63.87981327739533,119.54263052205604,-40.04066411102137,58.18803242813758,501.1815461418629
-91.9555563490727,144.99980158619246,-38.29452840382004,-89.00868798002536,1670.7986961802483
-103.0035461607721,120.99993678693579,-179.02376208687258,-124.26734946218909,942.5249876603086
-108.2958777360872,195.26556010501872,-150.4535586410684,-16.64049413593014,652.227947481185
-63.79419990287536,143.71374701930085,-148.60584166724212,92.26738886940302,978.5624364921314
-69.45880708412707,149.97947975851855,-74.21410613809823,-3.649719846213145,877.7006043682345
-122.95650412832951,145.30896941197494,-89.61560344200697,-189.89230721710797,489.6168795703479
-72.28395673848802,158.19060045316286,-36.41821308385913,193.665613897523,691.1088336209543
-132.25444570196925,111.75839892598404,-45.61219641307835,166.7261267656047,597.0363872444826
-150.15602459930818,44.061159800555714,-178.0239137204498,159.9901039139753,988.1111525673014
-92.01116134558346,176.94098472604264,-56.408414310370404,127.82331456914625,659.8486768767876
-153.8803208980475,118.29539377075302,-71.15182321239882,-89.4879759591237,503.8273349779754
-119.57618710594528,103.41537083141247,-51.72035533960076,72.34641042201451,516.0482405691362
-133.89849437863148,177.80697739386682,-40.11900022071582,119.3256383795983,916.0155658789198
-139.33982612932934,124.83865194250868,-72.38971646109738,137.91796699341447,677.1100685842545
-105.84640299388072,140.48968710899067,-12.104764206180448,8.519587969025451,528.9886274926741
-100.1216982683323,178.11674543842517,-58.19992821871612,167.3316759229793,904.355346557908
-140.2379198669406,134.29708947041098,-186.46331694404313,119.82444336908358,719.4391252951401
-191.9630523729622,168.2885755674622,-71.29787461831252,-98.92361942254306,882.8188161700594
-181.15441145548826,136.906842838834,-67.4174547819296,161.92260372790545,1407.5898497008973
-55.7706514859068,22.03907567028068,-87.37009094217059,124.62852715770515,677.9794120919315
-82.30388887979362,110.30675241850577,-124.0696441179337,-44.90626635419957,741.2551686456809
0.3430480840357433,175.0916589695247,-82.92188638228698,-118.26453166475352,656.5859252928556
-33.97851070339979,57.01748208531859,-186.28235127214626,199.17402777328616,1015.8093372321687
-87.3077907214862,151.6611555388906,-22.846817928760316,149.4062797957983,1230.0963799944552
13.080321369544794,173.7422565820808,-178.79920507331184,134.70779009571976,1260.5175150744535
-116.4594676622009,117.1908231909204,-75.94788109034572,-95.98363790103627,404.00990216708163
-176.00944232480467,104.79769793142486,-53.7252068826524,177.14791032716278,838.1792746243465
-37.722914678610486,193.86291999254087,-15.52101314025927,-46.45670983546723,716.858763144988
-106.37976566266566,174.03230327323044,-144.41193680465793,180.26655566134434,1273.0575956580244
-61.8291740144563,24.262851313503546,-185.0030552196743,177.15097002984146,944.9149587173804
-83.00093367081075,117.89861421894446,-38.96355643612947,114.1160215091461,897.8813995393604
