-181.01255823192193,1744.070091014593
-171.56463531505594,149.59236573957602
-174.34947718397234,7.003137098052747
-194.65213226033825,121.37415196678364
-167.2902301397604,1653.7155545974629
-191.38188043521578,1155.5919161944407
-190.79139352893137,1679.6892658593256
-88.44009058441756,1639.2590795766582
-102.54743275313717,685.4712208942964
-176.4333796212367,1256.6972976010047
-174.94077273710104,334.5162631014053
-192.78762623115236,1280.8031422041563
-183.25282853450506,1663.8853619278545
-193.34043856090588,402.4363257686627
-178.71195147301847,419.93958485216524
-191.82579582388234,1182.8437713444318
-194.1470007614637,353.16786253567784
-165.0715460814528,604.8351740341375
-195.2876214829185,1617.2112808320474
-184.69950452582253,1625.166827352605
-169.1960256877253,952.6460650629331
-199.27854456523826,306.8620538615321
-187.0533434010711,1217.3662750030717
-116.36702273437179,1033.6753417676637
-198.1784768952091,1137.0599208010374
-178.68525177850788,1171.3168179477211
-196.87619017433545,1131.7990644694205
-187.1917804643936,1749.6000844915798
-197.82950761542168,1511.8741497351116
-191.89952232933553,1559.8240110855243
-167.89335532001823,1046.6993750992478
-105.80251494182878,215.7249445568649
-85.6932399795005,1460.6456068584093
-180.15599915732918,1855.956778910977
-169.35732871776196,1151.954892664985
-94.37566482155269,447.8629583542332
-194.74631719483054,188.9022318666457
-188.9017146372384,1729.50966887598
-187.00488128896043,973.7347636743439
-174.07883004183608,452.4132926743424
-107.83116968085574,1303.0473732803778
-99.69545427269227,1541.5317591210303
-89.08372310825148,310.6076175661963
-188.0397864383193,107.02288856969031
-196.8383140462539,1155.3656357000993
-166.71105197980796,411.6863893573848
-105.55597892641612,1758.8275116931318
-166.7185760791619,429.6105949137625
-174.741486001606,1083.7750630940054
-176.01150051574984,127.64342312310943
-196.3499656489557,791.4889588641104
-193.7192994890804,319.1460224157741
-193.5712023375153,1013.6187017273097
-183.75416884258192,138.4479333838115
-195.30502056416447,1619.8702801906668
-88.37670860975894,591.9519413246588
-177.58061677635627,1545.7340615098146
-184.3321398155638,1551.0750839867806
-172.05170968540642,194.8449436114572
-99.2801699183075,415.92681517896756
-188.25258483592094,400.1268621598074
-198.430563898688,1287.3767204904866
-172.0323942130736,1424.272511831253
-148.34702050485876,1552.632340288676
-173.29487803605062,1159.162066093226
-185.035800753832,997.8867249279303
-185.93092893394945,1643.4541847848989
-175.5077909758038,1563.40082020877
-192.31882767903434,491.9672410949721
-95.1184276307104,1040.2022862986323
-186.44623433081674,1316.2749506092748
-194.45133363356047,1209.8919105967461
-87.75144089706377,1365.876342444544
-197.34487314356892,1459.8959834570962
-193.6724280974411,1170.2527957687598
-110.68192710699115,1318.7696106675482
-110.44818135123975,437.3021197021725
-94.72352986053363,342.26528721599664
-165.82877327735028,1652.425971756709
-169.7458819743794,1360.667206375519
-165.38602361470492,242.860835815913
-171.7234946358083,1422.3942387029779
-178.01434418570292,1593.383644055306
-109.6282453095651,831.936228012672
-109.40797716640292,1056.1309216622212
-173.9572828137783,1261.6314017703144
-184.5862038793756,437.4280230445329
-199.9536988179,81.5805268975842
-172.55141392814602,1029.2845780521095
-184.49153357847254,912.164234545392
-108.79545845395563,426.9703178042752
-196.4975415579,1324.8598478991642
-191.52992700118364,504.37201138008777
-189.36222698851267,1046.956011972898
-171.14373628448166,1605.845695921325
-177.68924441476304,1265.976940029897
-156.1292139658367,1421.5425873430108
-190.01742280519943,998.9901649623882
-174.3301872265426,1200.8749915612066
-197.72307733175077,346.4717279937946
-182.347617207878,532.3842348589662
-190.5830158675239,1216.8440552686393
-180.44738965930216,1943.0548967367106
-167.41687167308385,328.62221174076143
-187.30016017529846,25.86323831893688
-191.9789530729806,1387.994471946855
-172.2597913028843,1323.2756475953324
-199.32674408079902,1187.7028245527706
-194.5485400435725,261.94181966600945
-179.15882226763492,986.7668751370004
-178.10122361129666,235.81263861714433
-188.65774782219398,1491.2464246141817
-181.2595871019564,1203.5130162968676
-181.07978578321945,1296.2246448244866
-175.5404006447672,1697.459888970904
-172.21712198265774,296.64314025925273
-190.58551063286833,1005.6810364957989
-185.21355134623713,243.49660612212455
-182.0050142188454,201.77676944757746
-102.68819371659816,1749.6705509809258
-90.04724945632731,1423.82717729983
-188.67559380336422,1054.1688553118324
-168.52386937599607,1052.6318478093199
-178.55727846823572,981.3902655732916
-195.2036567183341,170.59593549859665
-191.91495245653573,402.4155771364433
-196.08745979631675,1000.4671762165974
-182.60407586439518,1687.9419141950457
-197.70380669589431,1883.1299695054959
-89.68399043955637,87.20426178776793
-188.44801776598874,1453.4182748896294
-191.97238175378416,347.83840561233023
-198.24016349284074,1702.456283923043
-174.78698628289436,762.2526005912758
-199.11968441963165,244.4423632117421
-90.82864412678302,1170.9434497791408
-196.355553379881,343.82779923218027
-174.15654619861138,1292.800751928242
-92.38222663463722,133.09574245137557
-91.06738268255602,442.5711828007403
-92.92678604116033,1014.277657312683
-175.41085455077163,326.41935108196617
-98.5415941012715,1516.7495870554014
-165.05951211138938,1747.3671253987604
-187.04967601758835,503.3859857713875
-104.62087675061738,1159.909235930102
-199.61125707962856,259.91818301492094
-198.28938758868017,1364.076384590845
-95.32445696989116,256.0888778838124
-106.13651061291172,1094.7428770667948
-179.6357078390749,1567.1547152127382
-192.6201554108891,321.748646352507
-105.15615314257047,452.2698358578001
-152.9365350586696,268.90851563119145
-170.5985807607549,1773.9482631264955
-199.29343474149158,447.48009622916175
-179.73343553284514,177.1261706393758
-190.56952150624699,1146.7948858991958
-104.70801580644243,1663.554755124335
-122.07948963052291,1614.0567296033093
-175.85720708982808,1107.2323530865478
-188.886339984391,1521.852939603859
-190.9533170901897,957.7799651957762
-186.04345554503948,1776.118549826568
-190.0717782818632,1225.4121195579573
-195.65787082598962,1188.7716192637026
-88.84181354557447,1727.0510993214784
-93.0658533466881,1082.522083579941
-186.5477576926683,1380.3666013396428
-176.7951254576871,1024.2594480550001
-193.56990823558206,1105.9679501184323
-101.74584278207294,635.4483943279532
-198.02501621342284,1065.9768893468415
-166.7418424777331,1813.0993174575867
-183.27508010136592,1344.2296751065694
-181.0995067605221,6.091810220274752
-170.8275216419593,944.3402755416365
-188.84196931395036,1414.8250564823127
-90.64235409749797,1617.9413600685943
-192.7145690838975,136.68689095986545
-172.01218591513097,1674.961286434633
-185.36473904397013,1266.9518667685943
-167.8171591920231,308.6559469225536
-180.15284767058353,117.55070914242981
-190.13975731492445,366.56751893597357
-173.4640310109268,1183.645569819585
-95.44457368536142,478.68644477542296
-184.88844674381164,1468.7136030873164
-89.09370152641024,918.6928849574745
-176.15558820634007,1700.8192848056683
-174.07840528032398,1580.1451532896904
-192.65490881675655,981.9456399732907
-189.97763390307915,265.68055083559625
-197.30534715846258,1397.6928645985208
-194.70068817480222,510.0238873204989
-97.64460038269637,875.3294546231858
-173.7417067423975,1799.9867313393179
-198.58002340389368,1420.8664882099479
-95.12346926875381,724.8874210321779
-188.10459407219187,1335.3079445370822
