198.5633240559534,66.5462067003159
191.53368770583523,868.9334097226161
199.99788187791634,1909.5916808189766
193.47109120266754,596.3271050487042
193.4174348982769,973.0196938614438
195.4981081454493,682.1218816996686
196.1975608437163,841.34663045243
193.03746550417952,614.3962704554982
196.70927713375804,893.0024120933667
194.48531123034329,1379.5239389811468
196.00641810843376,584.3608673330388
197.88850644198388,1950.1970169138006
191.20958090582343,1495.7292337870874
196.01087192351096,118.96052900670315
193.63784883201015,1420.738048001438
199.8107838024249,509.48165626374646
195.20472831239613,962.4314702310894
198.81915599673113,1291.8767629466877
198.71408062263166,1548.6951229525234
199.99485221097777,1304.1966133869064
196.96673624855566,236.83486966849358
195.58459013104766,269.6894793651663
190.91287154063502,691.9616799566138
196.31711250494317,933.2536128874822
189.85266920636485,944.6930176563087
198.70821464514393,1990.5707482498703
193.25625612795125,1572.652483459182
195.24607088619902,611.3696978238869
194.3426736375773,911.6961424402197
198.39912786214632,312.25463494845945
190.36160004246284,341.17870961039614
197.3617136065347,1673.741277915993
191.39288708046467,1996.8040097088747
195.59270571747086,884.2941891138319
196.0426627772823,1609.6145581849537
197.57170743024756,560.2305756973952
191.73151185183485,1750.062565372595
195.237355575309,850.7568468372724
193.88022939322133,464.431508170327
194.62046882434285,1426.5231006118574
193.21385580752155,761.4365892996694
192.04351433081416,112.60614668004848
199.20865689748007,1297.7433702202852
197.9269001796515,687.0783432661165
197.64531559206426,1006.0849500927322
198.33247542826857,1084.0146077557254
197.6916815533507,1803.160821517809
194.87509187497764,667.2704575120238
195.42929359336273,137.42202255831765
196.82268406354464,1014.6006349877729
192.89724812889528,607.1196952143807
190.1486550009423,858.2076691313379
194.73234851623374,1892.764176747098
194.91715540133652,1128.9219299114259
189.60417758436728,159.94521373751036
193.7252539911766,656.8914744499107
193.18533002396617,555.1740618189334
197.07073134059044,1433.233634842494
191.47534803383215,1270.726985886192
189.19512306644995,773.3792996109297
197.4882172480231,1095.4171476921235
192.2071197674054,950.0152039127404
199.6606328378313,697.996924943069
193.68407382482135,102.23138394716139
198.07143242060334,1318.748799890504
199.03988490697253,1697.6782710262748
192.36885089017494,786.3649966537985
193.12759837040542,512.1692056381054
199.53594583295364,1798.279371370472
197.42532609159525,516.4655832860623
196.96295480652404,1452.6916131741073
191.44073071281807,664.1459255551858
197.2934505600026,444.00043979390523
195.67919770812745,892.0161261114017
194.3734925496167,1140.9271316368036
199.1000386882161,1219.0050704563018
196.81957467713931,1378.9983577406686
189.86747965566457,1212.344802868631
196.776647598338,151.07309093659524
189.98591049789445,433.1651864286192
190.98336845301537,330.998494786723
193.7011461306024,981.5705017277223
194.0905677740049,1362.1651926000343
195.52253922235792,1300.538554695934
197.52684075542396,363.50965699061567
199.2047066461625,1469.2979111293982
190.48094756778085,475.13936951908545
195.22748713951432,857.0865242790741
189.94854671134362,1482.443960909802
198.17059797251164,556.5803866029048
189.86537323317782,1337.4706480723098
199.78004834666115,952.0857330298568
197.81603479352623,1820.0927808239903
191.06209100655062,1352.4405219647224
196.42322304258414,1052.5222264974896
189.5452382409946,183.41318566389447
191.13832951461805,1267.0220846370737
195.82842451215507,808.9362571832637
197.56134303089794,883.3726357857446
191.3338700789405,415.8162725859735
199.38936848895685,1070.3114372487266
196.14031804393662,480.35429381516997
193.58344661146526,1373.855638429771
192.3819370462431,308.44872633440707
197.17415052955135,1730.112476850991
196.35569242026642,1883.8868410600478
198.88574033888386,50.83938250891478
189.4943855783264,71.28276769096175
197.8051383918368,52.49568915274338
192.60746537844057,1966.0524637819644
192.0192395875174,1866.8068365530048
195.3072234992799,626.3250330728386
199.49419149778794,559.0748738974331
191.1190055688332,1013.8850134558525
197.38093838758104,376.2478835911773
196.19480242270046,1230.268029519888
192.6101788631513,1579.1674775582803
193.21589649920168,1683.7086330886104
197.97441874785744,994.2051112944278
192.83056629924897,1383.4186162975707
198.04255534405445,719.7557845540243
197.3401797831959,1803.9821560401426
192.7302564485276,1642.6086791394935
198.6338184332142,1464.2215927363245
189.58333555943366,1093.226794428831
198.4016221735217,1791.6123775849128
193.0277920378167,1062.9563173821598
192.78598778249307,1814.3213888890805
198.37163002917436,994.1911246219366
193.48541408705532,516.6935593108593
196.62857596140844,583.9463779969916
162.01974370232836,1329.293372086463
195.7616166561748,1145.4378568997972
195.38549407660855,317.5381777377438
197.4782675252263,703.5618961778163
190.2959841666019,1709.927407339323
193.58337898515043,101.13624499721715
195.91468518366196,976.3503413134474
195.619695060402,188.33037681181986
198.89265402777824,133.17688671532085
197.4883482154275,207.51064388390765
190.63309559992723,653.4774158979246
194.4488442530561,1355.9932190983602
198.28001259192752,1159.8684217768587
192.05161679302353,1268.3761119709402
190.53788599882358,1958.6062227048142
199.10073322019454,1565.0944175292566
199.26428928739284,1234.8718076464866
199.337304299175,1365.2106492900284
193.81753785677893,428.9769693616468
198.32739452651407,1459.7545289440272
194.21702939931444,1703.6888491718178
198.7414664942831,60.745583942942915
191.93796410141965,36.80632687113618
199.9849579432516,694.576410937633
195.9289561327814,816.4244397140002
191.9937003568121,529.8772530516412
199.824557622296,1496.6365515872967
195.2194617441337,992.3302245869704
193.68782159296228,114.14132924745718
198.05202882419974,1297.400744877303
189.45089160698467,205.2409589742873
198.0823585089172,1133.7115982426421
189.24316022107212,325.57882443669854
193.25645952762625,147.06187321686576
193.5830133105997,352.57056348169664
197.73098477288642,883.193852571056
199.62092417024465,370.54512761345336
191.47454009676454,960.3941244054365
197.54579197245414,1458.2794737122451
194.42848878793126,889.9934376715768
198.27940743355947,79.77648173534695
191.8423561138317,209.44045712711852
194.73654022894897,361.4316691080459
193.89993191466098,956.3326781052153
198.01305191305332,585.2968181495272
194.1951279422094,1599.4748799067165
192.73104453695916,1691.0799092426346
191.91674757248842,934.7339721735432
199.30716459908382,32.67786879515012
193.9261099628608,249.87583031509135
199.17075756311982,250.67340058754573
189.6843866468658,687.6624028483318
192.15101215272156,680.9790637050535
199.1409474218197,340.2112402107359
199.0562407611667,39.644769880043214
197.66096515994656,1888.7359042018566
192.09586004193903,1283.3667729203546
191.4185218126795,1203.9733537164586
195.5634393991748,1441.0195782856547
193.1062009345426,1046.0644929500677
196.6797311352377,1337.3545467835538
199.3428063014664,1269.8080182439014
197.78138702663415,1668.4201837045223
195.17374518040296,1302.930214677203
196.0177163156205,1963.154770209065
195.21183776370998,1694.4320737003525
190.84797805089534,1498.1678149864726
196.22225387316786,661.2041589413608
192.07658970826253,431.915630146849
