-154.79118615154536,-68.01625461916291,-149.82379608069118,-131.27977335872447,-31.67096900865335,1848.3306121010583
134.35205733702895,-89.01552140190485,-67.99498039388988,-97.59454812411565,-194.34470373422837,1283.1330218721268
-168.9577833448475,-96.08759592065778,-33.371539081342675,-42.43122339547448,-55.60764759774412,1345.726220215801
57.84472229826201,-83.9045499131193,-107.61595066287124,-101.09051306434029,-34.238659892547986,1679.8392404839165
155.22406390915307,-19.04770869086032,-93.26862352247693,-43.65420468967491,-174.70706403945758,849.5389124057306
-161.95282049750142,-171.57785825114206,-69.89567344226958,-59.865821272823354,-100.94179753863828,106.42234039565204
-172.44378500896224,-137.11730934183072,-5.068580115808935,-2.074541200432904,-32.09677586424134,858.5233888374866
191.57892482174276,-81.45390679774789,-112.0909141482421,-197.01214779963675,-24.983848066362114,734.3959897502806
-196.71108456102235,-61.89869621475196,-131.86909909288676,-58.834101108811964,-138.5680785579162,1937.0579744761826
-132.55297425763052,-146.72088591722178,-151.53296612067714,-36.495715801480856,-3.22988737708383,602.8348034616582
138.60179898202722,-19.22023056818962,-15.666574635964146,-37.877843748315115,-156.8564756764602,521.9852740696516
141.05094084561364,-5.1853155642894535,-101.23669623799796,-190.5855638740448,-148.58288998923217,499.40797942296575
-161.21221222119038,-36.47088146040531,-34.93267856983289,-67.78299247913992,-72.11091937906018,681.2613575580823
136.23018212586993,-66.36377868564658,-107.87989759331998,-17.183173926308495,-82.77234784541774,1763.5040304493523
55.109833707595314,-92.49939647292598,-78.4265428970277,-7.491490231162961,-139.651783771802,1705.3022804969141
-119.52259467924439,-82.10409456543768,-102.37538975611498,-58.52153910984879,-24.761817606761184,821.6501253402228
113.12226125390679,-69.15344027227567,-25.086975598491335,-63.834321418100785,-106.4783895033602,1257.29378845349
-155.48513456013,-32.00193265537136,-14.188989460752282,-74.66880812254345,-78.89468135901248,1002.5345884656083
142.68851707683265,-79.47816674725343,-137.03823464503085,-193.44199936182696,-23.511585628885065,843.464287217417
131.73699150947843,-180.49948400041666,-75.41829402625228,-26.351830132223192,-135.28419763571213,1884.4385977906468
116.87678878641194,-27.2219287852444,-178.79006844991744,-164.92192074108036,-42.75587503881532,323.88729307020697
-198.8073723246601,-80.82133316841441,-140.0059180144868,-93.95362360460034,-140.34360170370402,701.1058559232072
-177.01821456399904,-22.240595964045557,-124.95420401177587,-175.43283249156636,-41.34221993194546,846.2477312929034
199.2019697804764,-98.28470919265533,-64.40173380973127,-92.50595518038534,-85.88802546896558,26.773439534238136
-166.68429142772075,-75.82125813298428,-50.77958139160836,-21.78351735363563,-28.985923535031702,1918.2354766010449
-155.9984009645121,-22.20382907478748,-96.76178300870804,-129.2627255149242,-57.76826047833187,1796.032605663222
49.87704034842898,-62.25551803474359,-90.87980504845154,-110.64061211819092,-192.49965789740713,438.2779647484341
-184.73621549056168,-181.391768816584,-85.51944860099509,-54.397114460491224,-171.47785617105515,221.79188354045255
196.86769915525716,-15.670441525389037,-183.13694264053032,-128.92892357167585,-178.23348130228518,1793.324227889696
197.52335383295195,-82.26000072138073,-105.12201930849396,-5.933088695260608,-70.4374096059064,1077.3837796937
-102.69150939283335,-32.839553006806085,-96.72063783763352,-68.63788303461371,-24.722887578528628,353.8719500430267
-130.8094531631691,-1.3208018451329337,-175.01441504484674,-181.7731316658776,-10.259799071601094,533.527399648649
154.12018157070366,-159.2691576554551,-22.664387174989088,-108.93648801105594,-74.3630087756155,363.20587371317487
166.5485540048856,-24.726682388796505,-33.821636722449995,-169.41284925551454,-126.77077909323609,588.7020110902985
141.65400355259538,-45.83356634627212,-131.484587765811,-95.04976466343092,-38.318424906443205,172.4423444015892
-169.61025519731783,-60.46908391196956,-5.540127668469384,-6.794859765423382,-57.82271917008934,530.2741059257803
111.00233810853396,-94.39192257363861,-96.14806285506495,-45.24546372599787,-88.0074289065227,874.6862528149321
-166.8220612649934,-83.9736657903324,-97.41276700562504,-67.79003422867123,-148.8048274703681,1535.5128452885465
95.31559894570847,-138.87208975685044,-65.84067960347049,-93.83168611319269,-183.9258993390828,1140.7914142038571
98.97772923940852,-130.68299101577142,-162.19169928432584,-47.684501379726186,-55.731681253282915,1488.0881372211663
133.70609019622873,-28.486225954215627,-17.31259698536337,-159.07230081214772,-98.94543658674529,1743.8372177186486
-128.08138456371114,-106.72016631191254,-24.767776709262662,-11.51251806303261,-48.84281081592761,653.4427841761366
126.10184881995754,-115.85842158303247,-24.003039518889487,-87.4456682989915,-181.17219979805606,896.0966702903517
125.71147973259536,-81.05414318650402,-15.762213474108279,-6.782265882543356,-59.51678547570879,341.52666633415004
-167.0002675750982,-199.8897890648713,-199.58995439119553,-128.59069276525946,-54.03051462279372,987.0465390786242
198.74513975079958,-97.45942315173477,-120.86284660839618,-138.62628716547968,-73.98906331243094,74.18936173576722
154.5664795614566,-64.16932125569153,-69.02136413049112,-194.84243209628147,-30.135837293227596,841.1101790631388
76.868001875923,-195.58813320118642,-126.95782686687245,-106.60633665000279,-74.36906817586441,679.1657852201763
160.44235785489658,-179.11921137513227,-43.21663658793446,-46.254490847787594,-65.81740380011422,1815.993880465108
192.0358433641907,-50.68085276512562,-76.9620404978991,-127.58657548161179,-58.73988333086932,1766.2234758793513
74.64110593356725,-21.332684860150408,-141.80267489822404,-179.95513889199682,-10.789626421110263,431.72199911257314
-173.15619378372446,-19.305764286899574,-9.14216868008036,-109.28360399305107,-164.3725976222873,1497.4083710827342
55.43774996511429,-145.04887181281387,-59.84940468890138,-186.78976773117074,-83.92184994513461,1898.0821614046076
-179.32907058286497,-12.153607117168647,-47.688042444709396,-24.407912812045986,-104.67188624937327,718.9760441672179
-193.20013183901187,-72.42162508585903,-95.6819413388101,-6.364264968300375,-69.28033475601943,639.6777703451653
-153.8827151498094,-154.6046027562994,-172.8002934303395,-76.0207655627622,-68.20408912661881,1720.3915905749277
118.96892893712206,-189.84610350583606,-73.27305047508946,-192.428461979945,-81.89283254857142,1887.9061108374399
-139.75785564300688,-53.56758103701614,-182.09586835746953,-71.79826887217354,-47.60664193774187,1824.4387112534575
149.14367893662126,-88.06647684641516,-4.915342602092608,-29.734370784613276,-71.75891120731086,940.1911387582338
-78.15322664504723,-9.3337676225959,-67.02964633953243,-62.53399756176023,-73.78337143486492,475.2456903058835
-192.93143648501464,-52.72810324420221,-26.69993071263056,-197.60658733700782,-27.680620633167408,1726.7639094612089
-188.5681033749241,-26.66345853052954,-163.8102952867799,-47.283970561875655,-65.47726935818014,606.5493407107567
-58.276983708115864,-3.2900439560831956,-137.27916473459413,-72.65242073518725,-78.8685772294935,741.0593387057293
-148.7307724964122,-32.85702823417381,-122.4038092319269,-99.45589781297969,-36.67787688013725,391.1727069334727
194.20744728859995,-117.77827010860462,-98.26872074851741,-166.87966388442194,-98.63144296254862,777.788648702895
-157.2877864757797,-62.029883741267966,-17.571578557612895,-149.52605558195899,-197.57835237558803,174.31647677087443
-166.99462137875568,-52.77284990095805,-160.56348541884836,-56.206923401952,-118.36123876128025,1073.8225041619312
-160.16332488157755,-114.53034415406843,-102.14083468227417,-8.374955694914348,-159.9117026368469,1622.7249007234605
53.06972920834522,-29.460207772995716,-22.857575912826803,-15.081036525023308,-183.08618641346828,1764.6941069083184
-173.20049701296784,-25.607944756237202,-11.410578136796772,-119.82419566055226,-147.27996108996973,1628.9731971526041
156.55558016073525,-150.02569466796626,-72.79420606784261,-52.9827456546131,-34.87450969658843,241.74812745371548
173.78054382611515,-45.611601444994676,-110.32312765807245,-162.87091199141355,-50.482808402907935,1508.7280506174898
175.1765599543736,-15.399593301721183,-133.03241494081828,-99.89817729597301,-142.67269725038403,392.65608384394363
51.332418782188256,-15.006677651312458,-7.95490174777936,-92.86169488503853,-135.58748361623566,434.95082371981346
-156.79638739091018,-111.05433847918715,-72.5557629058159,-18.31083769606505,-133.59330001237186,1710.576599032481
119.50641771776175,-195.89602999795392,-91.6929242844911,-192.08255926171884,-22.73543994882715,1625.685184367877
-190.3323498794545,-117.1022856302168,-2.8419707346937173,-102.19183271943919,-187.809394634893,1956.782560262447
-191.6282338290247,-113.85163461285735,-78.41210568106375,-172.73707101315716,-37.85718748127648,404.55618722393945
117.95403179794711,-153.12726664044126,-32.56376718551063,-95.71806788508835,-57.17204985531076,1835.4788340481393
-82.24859642273015,-7.910185367328246,-19.726704233139984,-34.55817526047825,-157.54516291632814,548.8267914716541
-184.63385809964697,-118.06403263643406,-3.2510641680665913,-32.758129657323934,-171.76760148245913,414.9136873903684
-139.14196743342063,-41.199345288941245,-27.907126398764603,-22.685721567125768,-153.9847145837878,1942.6708282850138
127.83985715961464,-93.67114352018335,-38.57767855529262,-82.82761825914218,-198.09428677876718,772.4397904029153
126.12255251963151,-67.35955119466183,-9.200694249688965,-93.14754311715613,-27.42874348586807,1464.0616413431908
124.55851835029512,-61.797536062536096,-51.07906515060179,-22.995096535329708,-134.09476204555511,1967.2003653143126
57.26727819564934,-134.46284268333238,-29.949033942485443,-92.52994664358445,-108.9354982852385,1205.726084857257
-164.5838516862205,-83.7849640674604,-24.14210564907512,-71.1609109821927,-66.23859685999217,542.8585124573416
153.7253145072943,-159.31174113946938,-153.5731274080864,-146.88099239967542,-20.00402926171835,1381.0299458346533
-140.49605143730201,-14.871643495444317,-21.678965854318715,-174.83014688495263,-94.25611882763341,282.2711419016378
122.98089430468201,-76.56462055951258,-6.73460324120391,-62.121147382910294,-53.32552942763779,1032.9985824317807
-160.6483568367878,-44.1615235776088,-53.40841655159057,-89.35520531818335,-158.08539607425146,1957.9192106983394
-175.8473524748073,-27.13048503318346,-84.61674498916778,-51.13772978520284,-92.48779167796604,1211.7831226532053
-161.02394404507368,-89.18043569190709,-111.26619115738772,-14.200129475579274,-38.23306774288409,1386.4496411650498
-193.50479391996006,-23.182382790189607,-1.6809336500060397,-111.96506492514877,-102.61313946098788,1354.9956359341347
132.4856603048383,-59.17433842691969,-10.33020834162366,-172.21525292573227,-128.16545041345276,1833.1238445160998
162.83133084301602,-14.497401245967964,-139.51699645294698,-187.61227072570773,-86.30782947309716,799.9432257475463
78.44162709952207,-142.45045157330514,-168.1778128309578,-11.25755299487569,-133.44382889742064,1345.8706898221658
104.89595913432896,-102.56307721813363,-180.21781280949446,-172.30164980053593,-103.99509627605764,1583.827395774698
-183.32089183671027,-57.645261472454536,-144.3850611022728,-63.36287787730646,-172.18433742007716,624.350768204129
-137.81255204331737,-22.8410676124995,-140.3331792874992,-33.0563889999469,-121.4848646836821,1295.2253884450613
-148.33587226947913,-89.44453062540407,-29.431696921765067,-31.472106228735413,-173.09042480758836,606.9770445557335
-88.2131681166542,-22.24801766663095,-20.400906848504796,-7.052990224281956,-183.8482728859214,549.0740950833259
191.10828823515845,-29.58920209114723,-32.573143270029426,-63.09318247404593,-154.11087461767806,1533.9158407127786
34.877055006618676,-32.111086319998826,-21.145925914481026,-7.599831045874623,-63.43731011713528,693.177987477363
-129.40922661538104,-90.02198432007643,-142.11194530740474,-172.46097041265747,-159.05147295121816,1072.7970051261257
134.3517462102787,-164.24983004714082,-174.4154708880576,-27.439048364837134,-34.99224617878164,221.32281632601243
125.51158987218713,-148.60675797787712,-161.74869556706025,-144.85826763258933,-108.9831515124859,740.1038727224385
185.10879720084102,-26.428419487632112,-20.607189519158936,-97.92160744668502,-131.86500387608186,306.191542761998
157.4534245187277,-92.47534626279605,-32.60801659146162,-175.8037605516647,-26.773967815210767,1443.3486203512562
-99.56846153348208,-8.80170246146696,-3.4076095292249704,-72.13723102061533,-89.94572873819797,1379.2034165334642
-174.02167950762401,-33.26166885477453,-107.43427952650347,-167.55516056937157,-99.22092210656153,46.89574869934975
-177.34375450416667,-44.00227387928376,-122.59289388942013,-116.43402430228416,-40.35871608324106,653.2137073455119
-159.10030294893485,-54.538589577135106,-132.07066938472315,-51.00603184206244,-88.5497230042317,1516.7676539485956
-182.98437161300453,-130.02373565763205,-183.07488034182524,-7.919223629188204,-157.90268395913444,484.69714757495626
155.4468709434303,-36.89179617203244,-5.546732270267512,-92.43496257321857,-82.67858854771482,1038.1875619976715
177.45111863781932,-6.579831157183662,-54.30780907526847,-159.10363754931694,-148.6450518096679,1218.6002260297887
-196.4341811703712,-101.47995172534124,-142.0018212228717,-97.99819869526661,-75.16547551048822,1581.5079320592547
-192.4366209721329,-19.327532292136702,-129.06378436096367,-26.91919167301749,-97.84780591398064,1054.5462671525245
157.84474337350093,-69.72999737056105,-32.727741920284195,-129.4003839218098,-67.82666552738651,451.430924454796
-172.24313864108782,-165.54069728817302,-28.873969474551473,-49.25352404898261,-118.76187087309427,1506.2905076147565
-179.1778914363828,-50.82042388634926,-177.09006674042666,-115.63747067890307,-9.766560502762133,968.403470858299
-178.35910561060643,-162.77226934592875,-107.13346917301402,-77.15282259005127,-143.46133643660124,525.8159681743234
-187.4902036559941,-65.09557951940934,-121.96803121032502,-53.75683393176925,-109.67819316602738,69.45003424589626
-193.15814240591556,-54.99280494517029,-26.33341855465742,-188.54320850147775,-161.3353266271402,1463.6677108005301
151.45454536123557,-178.09725960905774,-120.03806454721388,-158.0325806405443,-174.23760227341927,686.014047785905
191.58981441730452,-51.80687071511231,-35.85682982801183,-87.19854384401953,-85.28668940471799,111.09385791946144
-156.35172309640095,-185.8867914498763,-122.49467119105911,-17.203094553336072,-129.13657849763146,1855.198671719296
-148.9278944758181,-188.09209223347906,-155.66723900909443,-48.32064365151504,-25.517360353846527,802.5576688846223
-185.09832991820534,-100.77131097771567,-73.25800475581502,-40.34289024066871,-121.83908351156502,1211.3416269587262
65.71895315583676,-62.142593572779674,-124.77083678257698,-78.95936477924269,-80.07370446736832,298.8924234230384
-178.16412089798098,-0.3580172033155691,-71.18949514854913,-145.74893537055536,-177.82066641268483,1036.972994858581
-158.83216434253876,-100.36867741705026,-55.33632431263513,-48.04897254682331,-119.84492444103155,239.1333205748498
173.50020104064117,-134.17699644211586,-5.205235937624678,-166.56156360432814,-106.7793806838168,202.56667237340503
78.36746550334507,-68.83978053038845,-1.6337494720338093,-70.76212336441627,-58.958216570649114,170.61112688736043
152.21915951901428,-62.8244202049969,-35.194049873995766,-41.4195512201577,-162.1354771264556,1456.199705802842
97.77598064267346,-83.25360396484118,-109.5712382521018,-51.39467207279455,-98.94988372304321,1082.0601082699923
118.71045576999546,-185.05114508434238,-157.87197199114723,-189.74686929019467,-39.98945945623407,1858.568609418598
-138.94675191174866,-47.37777315350871,-147.3223575976314,-92.53756153540988,-4.165529236697921,1433.237286024832
-190.0295202872365,-173.89180583450997,-115.5778400251182,-171.27341220552466,-46.85022933191129,798.8219695370234
156.2226576795017,-66.41969376889962,-5.153580506001106,-130.62806396297196,-80.55898901469685,345.20402203387914
-197.11749116124204,-149.78174896334843,-77.87877067638729,-18.233597845739425,-3.721911494286637,1481.234468254806
-177.69411967044206,-46.74142911608987,-75.25424723145561,-134.16398060448643,-112.68493830375228,1119.5318211800382
-128.67543010773642,-26.992565441310376,-181.8275973667585,-120.53410199679328,-156.2627765786029,1928.670077366159
-183.57341994830043,-172.03033023087355,-153.79962728879553,-138.55434068466906,-63.264925629073474,1807.9291180660662
181.7056410066159,-161.38287096555368,-30.699593568519383,-9.303196263180993,-98.4249009120256,1091.541459442196
157.92691084222676,-68.09780487334453,-61.05244771348842,-66.92917166856033,-54.22766483592411,404.795389814404
180.2244222469286,-111.0367300352599,-47.8126613982638,-107.50482508190237,-149.13162615334153,447.58093582292975
-174.57367397987605,-68.10675421202588,-24.079925872784383,-53.33724896141881,-190.33899285069592,875.8124125338416
110.10596518675078,-73.5219240749167,-15.679764860231373,-33.03992709716489,-160.05046083354378,102.58895149502857
187.2523897697667,-80.13267137856555,-55.460768220967026,-112.63447608152292,-66.38194524489387,1429.310213723247
36.26261418427312,-117.00786962404287,-58.59884688214703,-100.0265708442262,-10.904556729256115,392.1092674877125
-160.41539364501315,-31.068993160907695,-71.03102995126991,-162.57922610597802,-123.53200118236086,286.21934038968266
-126.15144441671795,-65.00618581115559,-58.53111461148852,-48.652086873239114,-27.142019164726968,1226.0444421692441
-139.1006972487658,-23.60646088367892,-24.726524498090527,-117.19948673891963,-87.13742854577924,1525.970971356258
94.76786059837158,-75.9558137801122,-87.02962233302402,-8.208915168920253,-183.7828200252818,1613.753133638566
-181.8054115109609,-103.68284333267056,-107.29210197533394,-27.556380828852582,-55.98525452205514,630.4499162198033
49.64949753668519,-24.573402149350866,-15.747833742105243,-86.48014382676763,-139.1752076883564,643.9022865064107
97.21691145870528,-82.7856143003332,-94.45320344558687,-157.82714242597277,-74.49430602879221,506.7425273246056
-197.86062672401474,-19.431098055986652,-37.28628552418695,-186.24694082285603,-135.62086831582428,128.04866348328497
-153.77277391080696,-27.107135891278944,-13.385401016740332,-180.15455448410512,-58.42289679495759,880.4135620668507
146.88743816255186,-106.00934411488971,-54.15383335152654,-91.54774611531866,-190.66824771336306,826.0636097572205
-125.91425065780614,-53.71960703628113,-193.5501715710453,-158.35601537880893,-142.57706527888402,739.148528050871
-199.52348394119795,-79.09517967637575,-157.07251136971428,-137.46084475559672,-54.143985826374205,611.2031911920814
24.236490267004797,-92.48082975864666,-72.68994380114582,-142.42261718597445,-3.130702800437234,826.4852686828586
166.1271396713176,-102.92905831136642,-13.53833566732385,-197.06905859255536,-71.41252910162406,781.0135247503551
46.560547195668434,-51.50609608754097,-55.88554884538504,-126.63359124371901,-95.60223810959398,61.934790774046434
-138.7302279958271,-62.321949800749564,-198.59890818681853,-47.74957663063783,-87.80696595410706,1114.6567195847283
-184.4392855727837,-138.04576068728716,-10.592995732732394,-3.1053683288209513,-151.55659079361996,1406.5078384862586
-151.42189239687042,-146.17687006694908,-95.36066642600218,-7.2375720301417275,-39.256436239239726,1955.3231551947724
-148.1039735735201,-18.341173441921512,-18.190325085636033,-87.72123872580798,-68.18945031754178,1604.9095621626986
-188.8408190771011,-152.679808019223,-142.11819951064945,-180.77413727149255,-25.242805309280556,585.7614415150236
-179.59261670961163,-85.56692292654319,-87.26564751305388,-91.38818853311035,-106.35195124248197,586.736281896739
199.62903534395744,-99.51584385821415,-187.0156372713873,-196.87215505939415,-162.33493456019727,134.96679016057698
181.7198999652996,-72.86020785120753,-73.49346444074887,-104.95961425357343,-137.53056169077226,183.7459110606638
82.46531453102318,-118.04604087156085,-102.39475830753267,-88.29433601402692,-179.76339169029265,293.4654030981061
-178.82242441867152,-120.4143651143568,-166.64921796893458,-174.02099034472803,-68.02073457102517,723.2933184039481
-109.30976587959654,-130.4460809227281,-157.0913060910363,-49.70954875504921,-39.38842021979849,143.76960912476687
116.08610024085957,-52.417007853477884,-47.114407442669474,-171.86891768909194,-65.75646408858776,488.9475189988867
-184.33957049538466,-63.93611433081594,-132.0157103691654,-105.92262950597389,-134.47842416715426,1710.5953708645438
-149.8793351231382,-26.603126846239004,-173.71912005299419,-70.69046671170346,-29.99363710175527,806.8196462015977
-130.4219942881287,-29.677049747724055,-22.361623446865337,-67.45262900515255,-47.38203299327856,1548.1557355285954
-189.8541220029246,-140.15115448080564,-172.96689442515859,-6.137317285526905,-91.0985340866738,1297.567375522914
-169.62734210656498,-74.06667862743615,-31.604356191162907,-4.003351713378606,-48.59512243918596,108.45610956464841
163.97838662152867,-131.62523918308523,-10.540262225533837,-66.03308253138411,-165.8177636788256,352.76757908570437
188.30466221323408,-180.15001374223152,-38.75787934733873,-77.5996111265802,-179.5474621475646,1237.9945825229893
192.64638429861083,-30.216861669655962,-187.9788965007522,-152.5951962493238,-73.72514789292114,1313.7746181664525
111.86641769534128,-155.36483344535836,-50.8902635398571,-31.838401680350024,-52.844647507528364,835.6378412788432
-186.49799283860827,-74.60094620204117,-70.21847956527358,-130.52296124061218,-109.00521615896537,132.74607608986088
-144.88828197070805,-26.83762975346933,-65.58179588785923,-92.33020729201291,-143.98842185487,1276.5693039284888
183.53638645723785,-48.21514917780743,-64.98710692607122,-8.99802008021183,-164.33776564078664,784.6936780433673
-125.62795402861906,-18.57181396905922,-29.425021900660568,-89.05234915057525,-199.97501731468975,817.4194419793782
191.46789812366063,-192.58067638257324,-13.0729217926893,-70.6744353526866,-136.3772440783529,1976.6936471184215
-155.07488480745434,-14.39015834855877,-54.065794601355805,-8.108308255781367,-110.1306861804188,146.0513364372292
-51.68519822402583,-21.72104824947155,-33.945996283377255,-59.296912928610766,-10.526716705588626,1529.1347334946395
-128.0926058699672,-16.453256766707398,-53.44212263711236,-142.7942884569593,-47.509606151425004,1243.8932576355555
185.4894263229719,-35.43269191143543,-11.667278929298504,-164.24877640697528,-118.82713591992005,1014.4487686916794
197.62589076092297,-161.97076336803468,-107.1232384246168,-65.72996363006565,-137.48347247993064,1014.8826257405841
-82.61056100332198,-9.06405042898902,-19.842211645584655,-123.55255119159776,-90.99163500802277,780.0144680603672
-178.28567790552813,-9.27066883804396,-60.97043445719375,-122.70275812601284,-191.8384318147222,1171.6283418426874
-127.53572255276924,-31.689948676499853,-64.81883020330957,-83.17794632449315,-182.50883354515256,397.3135311743695
