18.0831432429074,89.24263256571842
107.44239199766287,380.10731239364054
43.08158971155671,173.70243960315673
30.071349864903823,221.18140524144712
-22.92757201315721,243.98528264589805
9.83855538579066,51.12907138106203
40.26551410002176,179.67204822518744
-23.896828162657158,90.96374632616835
118.58921781036275,575.72073365569
-161.5478597146691,483.25187350589977
20.739847922178768,88.74652988683937
-69.64261036004729,176.87843731764622
15.076478749587608,114.8747138605604
-71.23169345591893,199.77687105456687
-152.87767957560487,324.1588295742356
-187.13373433715174,457.1205009342
169.17508653285805,794.9955192805031
48.13683958829503,166.6223683978506
49.42194927572871,257.4762831974276
-157.75065827148592,383.63723671207424
39.06256096838318,180.24773514078356
-107.31170434963943,265.4913299319967
-112.19585186444854,282.238437662469
141.64100754755881,518.3008282960004
135.11971860373455,475.0348146380966
31.421941562823434,176.71711415035304
-25.95260044740843,55.94826009768133
38.35539895572094,240.76472468298596
-142.9712214461357,369.1876805491371
31.28957886534502,117.4311794580016
42.78049118423513,215.1481072400589
-81.16120427852395,152.5337718129936
142.40618892359356,626.6874947899903
-146.68398511461095,343.7628881051578
-179.91562105287343,447.61798320496314
77.11907693281836,253.05320874386024
31.949144065973897,115.8208402874132
-108.48473366883417,244.0392947300418
-176.72784017795985,434.7557015610687
12.1820738682799,93.7823570184687
-149.82591442304647,384.6770148526862
41.73784640704778,176.68549586040172
62.7423395221339,222.8177892564131
-71.53125215608253,267.0084514200462
-131.0776103049932,800.0444305025662
43.93137807936645,150.66318861935503
-139.3796587736248,359.4826573521555
39.64770830836193,181.40173992779668
71.10031345333888,334.06309760735434
34.09608023656406,215.42896747231413
22.49351305235021,151.403699589619
-186.71671871646078,551.4088504177454
178.12306887356732,779.8417498173662
-3.4222300340995275,86.14453762858253
-76.8865344695419,230.07037752683868
163.78750918432192,620.0359259205636
-179.6251323598724,380.4604845373722
42.383365050076804,177.09211605907132
55.20282303011596,277.3150967297793
-188.87509063329657,434.1387489973465
19.26029346220284,158.00254339181328
-177.61202877283054,383.9107447605866
-179.6495029672239,391.1728059322468
148.41687298967076,519.5017475392973
106.10825272947488,544.7959502120274
37.712429350284026,198.29833715648988
43.20074015651562,222.20293933456117
124.11754237936327,508.95823218693033
182.9619299854541,704.4919654309512
-155.90585129436346,351.93995592612964
49.99052314330906,303.7975235438181
33.45778594336113,199.52793369991207
184.51219877840526,771.357431369521
50.276336025174714,275.3932715233025
193.7102871004989,935.6422256168491
24.25853029773384,134.5385201403932
-183.9144341113161,383.42112654985715
23.955428760377316,171.897341083152
35.339608452019604,235.16498766590882
147.64641541397594,506.6039389036307
52.20005752485422,300.47266394335463
-130.0100050223589,336.58985273996217
-39.20617209123584,91.29215539933301
47.414167867806796,210.7392099758066
-191.8637616016666,312.506788206845
180.02111532943917,604.8461996058742
54.99257296585972,304.0883888225615
-34.452564658897586,69.0438233744052
196.42159726650485,823.2056539122767
-193.7274621117996,512.3159882440125
-151.02273843689346,326.3170658303821
31.762494683206782,129.98515099154838
-35.586818676092605,66.70506188994187
146.07178870425653,646.015094506711
49.48824039349162,275.08118776344946
51.28104902571695,232.6967269348981
-180.8868872284383,436.0534775828634
46.07838890205729,243.48627750225694
-152.0611093614683,386.88736409265294
14.900927085448757,99.62522214843031
74.38376463993126,427.53392250715734
9.706343141961895,87.8228897317336
-160.8208121810904,394.0239370618373
15.330032420685768,61.699083450660225
23.430133931516735,185.33412177337
28.442595693666128,158.83308645085347
24.193100105138136,166.76781479641647
46.550579892647306,280.5996660144882
-121.08994296981409,275.95364440565027
49.894420530391216,195.47636113800507
48.31458121811093,296.9920085116604
44.147917768600166,266.9035520879263
33.28412126063857,226.02863497132012
-56.79083242735942,171.30378016647967
40.44511853444067,168.78608218472783
-168.45936265191443,389.1689087084743
148.56910735029703,670.5827753326957
-199.62649923353052,528.2549553998518
-140.07350269024624,890.4199366734942
182.386228865985,868.0081248860208
44.02202687695767,185.452372880235
122.85675267644581,462.5337598833281
167.13923120199524,754.130131160677
39.63784426884263,261.4956325494216
35.18850554676712,246.15148850382923
20.47862378539,146.16735060860543
36.751175178724935,256.26099040331405
36.57592799180509,202.706114689919
27.799644226178344,175.3776906781108
125.02066618361837,452.1438937095323
-178.4542013702893,386.69602655199003
48.081918958153494,249.8854524104798
-182.11656441236445,497.31340029157946
43.852287975362884,291.54031425179613
38.02204217404176,187.15583485273874
-172.6322444773498,512.9185791845838
-113.94630345257208,281.66316217470455
-197.4227131878589,521.0899786355266
-198.48821791220848,462.2337497065553
-177.98821018692976,375.4795399109148
51.643683995510656,196.15033802978934
-169.97341030553227,484.25976629289494
48.122687257020885,246.8526313932242
60.29670967777315,249.64246014609336
50.50387339663089,275.18408530058554
142.6066247916167,715.8074577416912
-188.28328315138194,514.291776503281
41.52532090381342,244.12286816368456
117.53933964385047,389.2114277627802
47.22216681805298,174.6879527951894
-142.9988975413794,358.7996035567736
-26.001420025173708,59.44178811997392
31.3844947975835,223.6978262888499
152.6527114056122,750.714142084174
-137.99184977898477,334.4464822478325
-34.600000022072834,61.73066287657531
-161.1583700197374,489.7707387732107
43.43442409126223,269.3927304645147
45.846348391382804,281.8352375423821
40.34876653470769,142.24884412693305
-81.63703108092545,188.9963160977968
-87.74249224812039,209.58808095697123
-98.45350644770431,292.8378412834091
10.32143018757958,98.65641925920869
17.039978733041046,144.1501928715329
-170.27360204054358,422.4299372871076
-168.342844360894,400.7520979464575
-92.79086733273206,245.1774776210508
79.44390475825128,261.1229290176829
194.2141549774309,714.0150059061745
-130.9076613059943,319.70842817522816
139.89780349316385,660.4669840644156
-157.1383182315339,401.3728187543302
-179.4745482128962,425.906293913592
149.20483558267802,475.7113472840505
35.999039933577876,148.96856382011754
-121.4088832386357,295.60472543901955
37.190704806719424,145.26302545520284
28.699333042518333,150.5489179981006
-126.77902635933677,309.3309191850951
165.2581761978638,755.1676640763867
165.6291035316455,683.3398212584939
188.50346612243627,747.2973392387302
48.78735239894789,197.2441657978949
-108.72623655606405,304.670940881799
-86.07560142807817,220.8521034353517
190.76617928540497,675.8782358939968
193.32387646736188,803.6146024088955
113.9152895496498,528.8318148382798
-155.69295564362048,334.72682927164885
89.922657358708,492.68177158450135
19.60590150897619,73.62011157088347
169.18376237522102,721.7548088341176
58.76613713436447,242.71696406280915
50.97341749068865,258.62575312591116
145.36092793053115,611.0805256460313
112.16907184971319,537.2401545938201
-23.441809807465575,392.3941241099586
103.72179481824124,362.61397286775116
152.72089169712916,486.91904415136526
