14697.0
16790.0
16636.0
15129.0
17424.0
16325.0
14555.0
15422.0
16790.0
15870.0
14697.0
16947.0
17586.0
16790.0
16172.0
15869.0
15422.0
16172.0
14697.0
16479.0
15570.0
16479.0
16635.0
15869.0
15422.0
15129.0
17105.0
15129.0
16172.0
15570.0
15719.0
16020.0
15869.0
16172.0
15719.0
15275.0
16947.0
16479.0
16790.0
15570.0
17105.0
16790.0
17426.0
16947.0
17105.0
15870.0
15275.0
16172.0
16325.0
16325.0
14984.0
15275.0
16172.0
16634.0
16020.0
16947.0
16479.0
16479.0
15869.0
15422.0
14986.0
16790.0
15869.0
16479.0
15275.0
16947.0
17910.0
17105.0
18074.0
16791.0
16020.0
16020.0
15570.0
16479.0
17105.0
16172.0
14840.0
16325.0
15720.0
16634.0
16172.0
16172.0
16172.0
16020.0
15869.0
16325.0
15570.0
16947.0
16020.0
15869.0
16634.0
14840.0
16479.0
16947.0
15719.0
18074.0
16947.0
15570.0
16325.0
15275.0
16325.0
15869.0
16325.0
16325.0
16172.0
15570.0
15570.0
16947.0
14840.0
15719.0
16947.0
15869.0
16020.0
16172.0
15570.0
16172.0
16172.0
17585.0
16634.0
16020.0
16172.0
16790.0
16634.0
15275.0
16172.0
15422.0
16325.0
16020.0
16479.0
17105.0
15719.0
16790.0
15129.0
16479.0
17424.0
15719.0
16479.0
15570.0
14984.0
16634.0
16020.0
16947.0
16326.0
16479.0
16172.0
16172.0
17424.0
16172.0
15719.0
15869.0
16172.0
16020.0
16634.0
16172.0
16947.0
16634.0
16634.0
16325.0
16634.0
15422.0
17105.0
16172.0
16172.0
15129.0
16479.0
16172.0
16947.0
16020.0
16020.0
16634.0
16790.0
15869.0
15719.0
16947.0
17585.0
15869.0
16634.0
16020.0
17424.0
16326.0
15869.0
15275.0
15869.0
16790.0
16634.0
16020.0
14840.0
16325.0
15275.0
16634.0
16790.0
15869.0
16172.0
15719.0
16479.0
15869.0
14984.0
16479.0
15422.0
15869.0
