18731.0
18296.0
18011.0
16515.0
18011.0
18585.0
17591.0
16778.0
17045.0
17453.0
17180.0
19026.0
17453.0
17453.0
17045.0
18011.0
18440.0
17870.0
18296.0
18296.0
18296.0
19325.0
17453.0
18296.0
18153.0
18878.0
18585.0
17453.0
16778.0
18296.0
18153.0
17453.0
17870.0
18153.0
17316.0
17453.0
18585.0
16385.0
17453.0
17870.0
18011.0
17730.0
18011.0
18296.0
17316.0
17870.0
18440.0
17591.0
17730.0
17870.0
17730.0
17730.0
18440.0
18731.0
18011.0
17453.0
17316.0
18011.0
17870.0
17180.0
18585.0
17730.0
18878.0
17730.0
18153.0
18011.0
18011.0
18011.0
18011.0
17730.0
17591.0
18585.0
18296.0
17316.0
17591.0
17870.0
16128.0
16778.0
18731.0
16385.0
17591.0
17316.0
18296.0
17870.0
17453.0
16778.0
17730.0
18296.0
17453.0
18731.0
17453.0
18440.0
18585.0
18296.0
18878.0
17180.0
17591.0
16778.0
18878.0
17870.0
18440.0
18011.0
17316.0
17870.0
18585.0
17453.0
18011.0
18440.0
18296.0
18878.0
17870.0
19476.0
18585.0
18296.0
18585.0
17870.0
17870.0
18296.0
16646.0
18440.0
17591.0
19026.0
17045.0
16385.0
17730.0
18585.0
17180.0
19026.0
18296.0
18585.0
19476.0
17453.0
17870.0
18153.0
18440.0
17453.0
18296.0
17591.0
18731.0
18011.0
17316.0
16778.0
17180.0
18731.0
18153.0
18296.0
18440.0
18296.0
17453.0
17316.0
19026.0
18440.0
16778.0
17453.0
18585.0
17870.0
17591.0
18731.0
17453.0
17045.0
17045.0
16911.0
17730.0
18011.0
18153.0
18296.0
17591.0
18153.0
17316.0
18296.0
17316.0
17453.0
18585.0
17453.0
17870.0
17591.0
18153.0
17316.0
17316.0
17591.0
17591.0
17870.0
18731.0
18731.0
17045.0
17591.0
17591.0
17453.0
17870.0
18731.0
18585.0
17730.0
17591.0
17180.0
18011.0
18296.0
17870.0
17045.0
17870.0
18731.0
