18729.0
18295.0
18010.0
16514.0
18010.0
18584.0
17590.0
16778.0
17044.0
17452.0
17178.0
19023.0
17453.0
17451.0
17044.0
18010.0
18438.0
17869.0
18294.0
18296.0
18295.0
19325.0
17452.0
18295.0
18152.0
18876.0
18584.0
17451.0
16778.0
18294.0
18151.0
17452.0
17869.0
18151.0
17313.0
17451.0
18584.0
16383.0
17452.0
17869.0
18010.0
17728.0
18010.0
18295.0
17315.0
17870.0
18437.0
17590.0
17730.0
17869.0
17729.0
17728.0
18438.0
18731.0
18010.0
17451.0
17314.0
18010.0
17870.0
17178.0
18584.0
17728.0
18876.0
17728.0
18152.0
18009.0
18009.0
18010.0
18009.0
17728.0
17590.0
18584.0
18295.0
17314.0
17590.0
17869.0
16128.0
16776.0
18731.0
16384.0
17591.0
17315.0
18295.0
17868.0
17451.0
16777.0
17727.0
18295.0
17453.0
18730.0
17452.0
18439.0
18584.0
18294.0
18878.0
17180.0
17589.0
16778.0
18876.0
17868.0
18439.0
18009.0
17314.0
17869.0
18584.0
17451.0
18011.0
18439.0
18295.0
18877.0
17870.0
19475.0
18583.0
18294.0
18583.0
17869.0
17869.0
18294.0
16643.0
18438.0
17591.0
19024.0
17044.0
16384.0
17729.0
18585.0
17180.0
19025.0
18296.0
18582.0
19473.0
17452.0
17869.0
18152.0
18439.0
17451.0
18295.0
17589.0
18730.0
18009.0
17315.0
16776.0
17180.0
18730.0
18152.0
18294.0
18438.0
18296.0
17451.0
17315.0
19025.0
18439.0
16776.0
17452.0
18583.0
17869.0
17589.0
18729.0
17450.0
17044.0
17044.0
16908.0
17729.0
18010.0
18152.0
18293.0
17590.0
18152.0
17315.0
18295.0
17315.0
17453.0
18584.0
17452.0
17869.0
17590.0
18152.0
17314.0
17314.0
17590.0
17590.0
17869.0
18729.0
18730.0
17044.0
17588.0
17591.0
17452.0
17869.0
18729.0
18584.0
17729.0
17589.0
17178.0
18008.0
18294.0
17867.0
17044.0
17868.0
18729.0
