16514.0
18439.0
18295.0
16910.0
19025.0
18010.0
16383.0
17179.0
18439.0
17590.0
16515.0
18583.0
19174.0
18438.0
17868.0
17590.0
17179.0
17870.0
16515.0
18151.0
17315.0
18153.0
18294.0
17590.0
17180.0
16909.0
18729.0
16910.0
17868.0
17316.0
17452.0
17730.0
17589.0
17868.0
17453.0
17045.0
18584.0
18152.0
18439.0
17314.0
18730.0
18438.0
19026.0
18582.0
18729.0
17591.0
17043.0
17869.0
18009.0
18010.0
16776.0
17044.0
17868.0
18294.0
17730.0
18585.0
18152.0
18151.0
17589.0
17180.0
16778.0
18438.0
17590.0
18151.0
17044.0
18582.0
19474.0
18728.0
19626.0
18439.0
17728.0
17728.0
17314.0
18151.0
18729.0
17868.0
16644.0
18010.0
17450.0
18295.0
17870.0
17868.0
17869.0
17729.0
17589.0
18010.0
17313.0
18583.0
17728.0
17590.0
18295.0
16645.0
18152.0
18583.0
17452.0
19626.0
18583.0
17313.0
18010.0
17043.0
18008.0
17588.0
18009.0
18008.0
17870.0
17314.0
17314.0
18583.0
16646.0
17452.0
18584.0
17589.0
17728.0
17867.0
17314.0
17868.0
17869.0
19175.0
18294.0
17728.0
17869.0
18438.0
18294.0
17045.0
17869.0
17179.0
18010.0
17730.0
18152.0
18728.0
17452.0
18438.0
16908.0
18153.0
19024.0
17452.0
18152.0
17315.0
16777.0
18295.0
17727.0
18583.0
18009.0
18150.0
17868.0
17868.0
19025.0
17870.0
17450.0
17590.0
17868.0
17728.0
18294.0
17869.0
18582.0
18294.0
18295.0
18011.0
18295.0
17180.0
18730.0
17868.0
17869.0
16910.0
18152.0
17869.0
18584.0
17729.0
17727.0
18294.0
18439.0
17589.0
17452.0
18583.0
19174.0
17590.0
18294.0
17729.0
19024.0
18009.0
17590.0
17042.0
17589.0
18438.0
18294.0
17730.0
16644.0
18010.0
17044.0
18296.0
18439.0
17591.0
17869.0
17452.0
18152.0
17590.0
16777.0
18150.0
17179.0
17591.0
