16181.0
15745.0
15451.0
13931.0
15452.0
16033.0
15021.0
14202.0
14473.0
14885.0
14607.0
16479.0
14885.0
14886.0
14469.0
15449.0
15884.0
15306.0
15739.0
15740.0
15737.0
16780.0
14885.0
15738.0
15594.0
16332.0
16034.0
14884.0
14200.0
15737.0
15592.0
14890.0
15309.0
15596.0
14744.0
14889.0
16035.0
13801.0
14885.0
15310.0
15452.0
15171.0
15452.0
15740.0
14748.0
15307.0
15888.0
15029.0
15167.0
15304.0
15164.0
15163.0
15886.0
16182.0
15452.0
14886.0
14747.0
15453.0
15307.0
14609.0
16032.0
15169.0
16329.0
15168.0
15594.0
15450.0
15451.0
15450.0
15448.0
15169.0
15022.0
16030.0
15741.0
14745.0
15025.0
15311.0
13547.0
14204.0
16179.0
13802.0
15025.0
14746.0
15740.0
15312.0
14890.0
14202.0
15169.0
15737.0
14885.0
16183.0
14891.0
15885.0
16030.0
15738.0
16326.0
14610.0
15021.0
14200.0
16333.0
15308.0
15884.0
15449.0
14747.0
15310.0
16032.0
14884.0
15448.0
15884.0
15737.0
16329.0
15306.0
16933.0
16031.0
15736.0
16030.0
15310.0
15310.0
15739.0
14067.0
15885.0
15026.0
16478.0
14471.0
13800.0
15165.0
16032.0
14610.0
16478.0
15737.0
16033.0
16933.0
14884.0
15306.0
15594.0
15885.0
14887.0
15739.0
15024.0
16185.0
15454.0
14746.0
14198.0
14608.0
16178.0
15595.0
15746.0
15888.0
15741.0
14886.0
14749.0
16477.0
15886.0
14202.0
14887.0
16030.0
15310.0
15022.0
16180.0
14889.0
14470.0
14471.0
14336.0
15164.0
15449.0
15593.0
15742.0
15026.0
15598.0
14748.0
15735.0
14742.0
14891.0
16033.0
14886.0
15308.0
15028.0
15594.0
14746.0
14748.0
15022.0
15026.0
15308.0
16179.0
16177.0
14469.0
15022.0
15026.0
14884.0
15311.0
16182.0
16034.0
15167.0
15022.0
14609.0
15450.0
15740.0
15308.0
14473.0
15309.0
16178.0
