17127.0
16657.0
16358.0
14724.0
16377.0
16967.0
15900.0
15000.0
15288.0
15726.0
15445.0
17454.0
15731.0
15731.0
15291.0
16356.0
16817.0
16214.0
16656.0
16640.0
16640.0
17762.0
15731.0
16659.0
16491.0
17282.0
16951.0
15734.0
15002.0
16653.0
16502.0
15731.0
16183.0
16484.0
15598.0
15750.0
16952.0
14571.0
15758.0
16192.0
16339.0
16030.0
16354.0
16665.0
15584.0
16211.0
16821.0
15900.0
16041.0
16198.0
16049.0
16044.0
16804.0
17114.0
16358.0
15744.0
15584.0
16340.0
16196.0
15459.0
16971.0
16025.0
17273.0
16047.0
16499.0
16362.0
16331.0
16338.0
16341.0
16043.0
15896.0
16955.0
16641.0
15598.0
15882.0
16185.0
14288.0
15002.0
17119.0
14580.0
15882.0
15579.0
16656.0
16196.0
15738.0
14990.0
16037.0
16666.0
15736.0
17118.0
15724.0
16815.0
16960.0
16647.0
17267.0
15440.0
15880.0
15015.0
17279.0
16189.0
16796.0
16352.0
15602.0
16187.0
16994.0
15725.0
16349.0
16801.0
16645.0
17278.0
16195.0
17917.0
16958.0
16649.0
16974.0
16188.0
16191.0
16644.0
14879.0
16796.0
15880.0
17434.0
15287.0
14582.0
16035.0
16974.0
15439.0
17441.0
16669.0
16968.0
17925.0
15734.0
16176.0
16485.0
16816.0
15736.0
16645.0
15914.0
17145.0
16343.0
15606.0
15012.0
15437.0
17111.0
16490.0
16639.0
16796.0
16660.0
15735.0
15581.0
17431.0
16817.0
15011.0
15742.0
16958.0
16182.0
15875.0
17111.0
15724.0
15301.0
15301.0
15149.0
16035.0
16346.0
16490.0
16671.0
15887.0
16491.0
15599.0
16640.0
15578.0
15739.0
16966.0
15737.0
16181.0
15902.0
16510.0
15607.0
15603.0
15875.0
15882.0
16189.0
17134.0
17129.0
15306.0
15893.0
15880.0
15734.0
16187.0
17111.0
16959.0
16035.0
15880.0
15437.0
16344.0
16675.0
16178.0
15289.0
16189.0
17118.0
