14700.0
16791.0
16635.0
15130.0
17425.0
16325.0
14557.0
15422.0
16791.0
15869.0
14698.0
16948.0
17585.0
16790.0
16174.0
15870.0
15424.0
16173.0
14698.0
16479.0
15570.0
16481.0
16635.0
15871.0
15424.0
15130.0
17106.0
15131.0
16173.0
15572.0
15720.0
16021.0
15869.0
16173.0
15720.0
15275.0
16948.0
16480.0
16791.0
15572.0
17106.0
16790.0
17424.0
16948.0
17107.0
15870.0
15275.0
16172.0
16326.0
16327.0
14985.0
15276.0
16174.0
16635.0
16021.0
16947.0
16480.0
16480.0
15870.0
15423.0
14986.0
16792.0
15873.0
16481.0
15276.0
16948.0
17911.0
17105.0
18076.0
16791.0
16021.0
16021.0
15571.0
16479.0
17105.0
16173.0
14841.0
16326.0
15720.0
16635.0
16172.0
16173.0
16173.0
16021.0
15870.0
16326.0
15570.0
16948.0
16021.0
15869.0
16635.0
14840.0
16481.0
16948.0
15720.0
18075.0
16948.0
15571.0
16327.0
15276.0
16325.0
15871.0
16327.0
16325.0
16172.0
15571.0
15572.0
16948.0
14840.0
15720.0
16949.0
15870.0
16023.0
16173.0
15570.0
16172.0
16173.0
17586.0
16635.0
16022.0
16172.0
16791.0
16634.0
15276.0
16174.0
15423.0
16326.0
16020.0
16479.0
17106.0
15720.0
16792.0
15130.0
16481.0
17425.0
15722.0
16481.0
15571.0
14985.0
16634.0
16024.0
16948.0
16327.0
16480.0
16173.0
16174.0
17424.0
16173.0
15720.0
15869.0
16173.0
16021.0
16636.0
16173.0
16949.0
16634.0
16634.0
16328.0
16635.0
15423.0
17108.0
16174.0
16173.0
15129.0
16480.0
16173.0
16947.0
16022.0
16020.0
16635.0
16791.0
15871.0
15720.0
16948.0
17586.0
15870.0
16634.0
16022.0
17427.0
16325.0
15870.0
15276.0
15869.0
16792.0
16634.0
16021.0
14841.0
16326.0
15276.0
16634.0
16791.0
15871.0
16172.0
15720.0
16481.0
15869.0
14984.0
16481.0
15424.0
15871.0
