13953.0
13642.0
13363.0
12164.0
13385.0
13842.0
13004.0
12381.0
12602.0
12914.0
12718.0
14219.0
12962.0
12923.0
12613.0
13344.0
13738.0
13266.0
13596.0
13630.0
13577.0
14444.0
12931.0
13602.0
13473.0
14085.0
13848.0
12935.0
12357.0
13603.0
13493.0
12957.0
13268.0
13497.0
12830.0
12910.0
13848.0
12056.0
12914.0
13257.0
13388.0
13173.0
13379.0
13622.0
12796.0
13267.0
13740.0
13052.0
13176.0
13223.0
13104.0
13136.0
13734.0
13973.0
13353.0
12906.0
12835.0
13406.0
13254.0
12709.0
13841.0
13176.0
14090.0
13161.0
13498.0
13374.0
13352.0
13342.0
13349.0
13181.0
13013.0
13817.0
13626.0
12812.0
13054.0
13303.0
11919.0
12402.0
13967.0
12051.0
13035.0
12828.0
13633.0
13280.0
12945.0
12398.0
13200.0
13579.0
12942.0
13983.0
12952.0
13723.0
13844.0
13579.0
14085.0
12708.0
13039.0
12377.0
14103.0
13273.0
13719.0
13373.0
12799.0
13277.0
13844.0
12926.0
13363.0
13718.0
13578.0
14079.0
13250.0
14577.0
13850.0
13594.0
13813.0
13272.0
13284.0
13616.0
12268.0
13721.0
13050.0
14197.0
12594.0
12052.0
13147.0
13842.0
12726.0
14233.0
13563.0
13873.0
14579.0
12901.0
13269.0
13484.0
13706.0
12932.0
13593.0
13018.0
13992.0
13394.0
12806.0
12396.0
12750.0
13958.0
13483.0
13623.0
13768.0
13613.0
12939.0
12831.0
14197.0
13743.0
12383.0
12961.0
13830.0
13296.0
13058.0
13957.0
12943.0
12591.0
12579.0
12513.0
13137.0
13337.0
13481.0
13631.0
13038.0
13523.0
12857.0
13593.0
12846.0
12974.0
13831.0
12940.0
13271.0
13054.0
13499.0
12806.0
12828.0
12993.0
13043.0
13256.0
13942.0
13954.0
12583.0
13035.0
13038.0
12909.0
13261.0
13975.0
13851.0
13183.0
13032.0
12716.0
13375.0
13605.0
13268.0
12596.0
13272.0
13955.0
