18729.0
18292.0
18011.0
16514.0
18008.0
18583.0
17589.0
16775.0
17044.0
17452.0
17178.0
19025.0
17450.0
17452.0
17042.0
18010.0
18439.0
17868.0
18294.0
18293.0
18294.0
19323.0
17451.0
18293.0
18151.0
18876.0
18581.0
17449.0
16774.0
18296.0
18152.0
17450.0
17868.0
18150.0
17315.0
17449.0
18583.0
16384.0
17450.0
17868.0
18008.0
17729.0
18009.0
18294.0
17314.0
17867.0
18436.0
17589.0
17727.0
17868.0
17728.0
17728.0
18439.0
18730.0
18008.0
17450.0
17313.0
18009.0
17866.0
17178.0
18585.0
17728.0
18876.0
17728.0
18150.0
18008.0
18009.0
18010.0
18009.0
17727.0
17589.0
18582.0
18293.0
17314.0
17589.0
17869.0
16125.0
16774.0
18728.0
16384.0
17590.0
17313.0
18295.0
17868.0
17451.0
16776.0
17729.0
18293.0
17449.0
18728.0
17451.0
18437.0
18582.0
18294.0
18877.0
17178.0
17589.0
16777.0
18877.0
17869.0
18439.0
18008.0
17315.0
17868.0
18583.0
17451.0
18009.0
18440.0
18294.0
18876.0
17866.0
19476.0
18584.0
18293.0
18582.0
17869.0
17868.0
18294.0
16643.0
18439.0
17587.0
19023.0
17044.0
16384.0
17726.0
18584.0
17178.0
19023.0
18294.0
18582.0
19474.0
17451.0
17868.0
18150.0
18439.0
17453.0
18294.0
17589.0
18728.0
18009.0
17313.0
16776.0
17177.0
18729.0
18152.0
18293.0
18437.0
18293.0
17451.0
17314.0
19025.0
18438.0
16776.0
17451.0
18584.0
17868.0
17590.0
18730.0
17451.0
17042.0
17043.0
16910.0
17729.0
18009.0
18150.0
18295.0
17590.0
18149.0
17313.0
18291.0
17312.0
17450.0
18584.0
17450.0
17869.0
17591.0
18150.0
17313.0
17314.0
17591.0
17589.0
17869.0
18730.0
18728.0
17041.0
17588.0
17589.0
17452.0
17870.0
18730.0
18583.0
17728.0
17588.0
17178.0
18010.0
18294.0
17868.0
17043.0
17869.0
18728.0
