14697.0
16789.0
16635.0
15135.0
17424.0
16325.0
14555.0
15422.0
16790.0
15870.0
14697.0
16947.0
17586.0
16790.0
16173.0
15870.0
15423.0
16172.0
14699.0
16485.0
15571.0
16479.0
16634.0
15868.0
15423.0
15129.0
17106.0
15130.0
16172.0
15570.0
15720.0
16021.0
15871.0
16172.0
15719.0
15276.0
16949.0
16480.0
16790.0
15570.0
17105.0
16791.0
17425.0
16948.0
17105.0
15870.0
15275.0
16173.0
16325.0
16326.0
14984.0
15275.0
16171.0
16635.0
16020.0
16948.0
16479.0
16480.0
15870.0
15427.0
14984.0
16790.0
15869.0
16480.0
15280.0
16951.0
17911.0
17105.0
18074.0
16790.0
16021.0
16020.0
15570.0
16481.0
17105.0
16173.0
14841.0
16326.0
15719.0
16634.0
16173.0
16175.0
16173.0
16020.0
15870.0
16326.0
15570.0
16948.0
16020.0
15870.0
16635.0
14840.0
16480.0
16947.0
15719.0
18074.0
16947.0
15571.0
16326.0
15283.0
16330.0
15870.0
16325.0
16325.0
16172.0
15572.0
15570.0
16947.0
14840.0
15721.0
16948.0
15869.0
16020.0
16174.0
15571.0
16172.0
16174.0
17585.0
16635.0
16021.0
16172.0
16790.0
16634.0
15275.0
16173.0
15424.0
16325.0
16020.0
16480.0
17105.0
15720.0
16790.0
15130.0
16480.0
17424.0
15720.0
16479.0
15570.0
14985.0
16633.0
16020.0
16947.0
16325.0
16480.0
16172.0
16173.0
17424.0
16173.0
15719.0
15869.0
16172.0
16021.0
16646.0
16172.0
16947.0
16634.0
16633.0
16326.0
16635.0
15425.0
17106.0
16172.0
16173.0
15129.0
16480.0
16183.0
16947.0
16020.0
16020.0
16634.0
16790.0
15869.0
15719.0
16947.0
17585.0
15870.0
16635.0
16021.0
17425.0
16327.0
15869.0
15276.0
15869.0
16790.0
16636.0
16020.0
14842.0
16325.0
15275.0
16635.0
16790.0
15870.0
16173.0
15720.0
16481.0
15870.0
14984.0
16480.0
15421.0
15869.0
