14745.0
16800.0
16645.0
15164.0
17426.0
16347.0
14578.0
15425.0
16800.0
15876.0
14721.0
16953.0
17596.0
16796.0
16179.0
15877.0
15432.0
16183.0
14768.0
16486.0
15593.0
16485.0
16640.0
15903.0
15456.0
15152.0
17109.0
15140.0
16175.0
15594.0
15730.0
16026.0
15891.0
16177.0
15722.0
15285.0
16971.0
16482.0
16799.0
15582.0
17110.0
16813.0
17447.0
16950.0
17106.0
15892.0
15282.0
16195.0
16335.0
16336.0
14995.0
15280.0
16182.0
16636.0
16031.0
16981.0
16485.0
16502.0
15880.0
15431.0
15007.0
16795.0
15875.0
16489.0
15309.0
16958.0
17921.0
17115.0
18108.0
16794.0
16031.0
16043.0
15592.0
16502.0
17115.0
16195.0
14847.0
16348.0
15754.0
16656.0
16183.0
16179.0
16176.0
16031.0
15874.0
16335.0
15581.0
16954.0
16042.0
15872.0
16638.0
14851.0
16487.0
16957.0
15754.0
18085.0
16950.0
15593.0
16329.0
15299.0
16335.0
15881.0
16330.0
16348.0
16183.0
15605.0
15581.0
16982.0
14845.0
15742.0
16958.0
15880.0
16043.0
16177.0
15617.0
16178.0
16206.0
17588.0
16635.0
16042.0
16195.0
16800.0
16644.0
15286.0
16195.0
15433.0
16348.0
16043.0
16502.0
17115.0
15726.0
16813.0
15139.0
16526.0
17435.0
15725.0
16486.0
15578.0
14994.0
16640.0
16031.0
16951.0
16348.0
16502.0
16183.0
16182.0
17428.0
16183.0
15729.0
15880.0
16175.0
16025.0
16645.0
16194.0
16954.0
16638.0
16637.0
16336.0
16645.0
15433.0
17108.0
16179.0
16177.0
15140.0
16502.0
16183.0
16949.0
16027.0
16030.0
16644.0
16793.0
15891.0
15726.0
16950.0
17607.0
15880.0
16639.0
16031.0
17459.0
16328.0
15891.0
15285.0
15879.0
16801.0
16639.0
16026.0
14850.0
16359.0
15285.0
16639.0
16800.0
15880.0
16182.0
15742.0
16502.0
15891.0
14994.0
16481.0
15480.0
15891.0
