18729.0
18294.0
18007.0
16513.0
18005.0
18581.0
17587.0
16776.0
17042.0
17453.0
17176.0
19023.0
17452.0
17448.0
17040.0
18007.0
18435.0
17869.0
18294.0
18293.0
18292.0
19321.0
17448.0
18291.0
18148.0
18875.0
18582.0
17450.0
16774.0
18292.0
18150.0
17450.0
17866.0
18151.0
17311.0
17450.0
18581.0
16383.0
17450.0
17867.0
18010.0
17729.0
18007.0
18292.0
17314.0
17868.0
18438.0
17588.0
17728.0
17865.0
17726.0
17726.0
18437.0
18726.0
18006.0
17452.0
17313.0
18008.0
17866.0
17178.0
18581.0
17726.0
18875.0
17728.0
18149.0
18007.0
18007.0
18008.0
18007.0
17726.0
17588.0
18582.0
18292.0
17314.0
17586.0
17867.0
16126.0
16775.0
18727.0
16381.0
17588.0
17313.0
18293.0
17867.0
17451.0
16776.0
17727.0
18292.0
17449.0
18730.0
17448.0
18437.0
18582.0
18292.0
18874.0
17175.0
17587.0
16774.0
18874.0
17865.0
18436.0
18006.0
17312.0
17867.0
18581.0
17448.0
18009.0
18436.0
18290.0
18874.0
17866.0
19470.0
18584.0
18292.0
18582.0
17867.0
17865.0
18292.0
16642.0
18435.0
17589.0
19023.0
17041.0
16380.0
17728.0
18580.0
17176.0
19022.0
18293.0
18582.0
19474.0
17451.0
17867.0
18148.0
18437.0
17450.0
18292.0
17587.0
18726.0
18008.0
17312.0
16775.0
17177.0
18726.0
18149.0
18292.0
18434.0
18292.0
17450.0
17311.0
19023.0
18439.0
16774.0
17449.0
18581.0
17868.0
17587.0
18728.0
17450.0
17041.0
17042.0
16907.0
17725.0
18007.0
18151.0
18293.0
17588.0
18150.0
17316.0
18293.0
17314.0
17450.0
18583.0
17451.0
17867.0
17587.0
18152.0
17312.0
17314.0
17587.0
17589.0
17866.0
18727.0
18725.0
17041.0
17587.0
17588.0
17452.0
17867.0
18727.0
18583.0
17729.0
17588.0
17178.0
18007.0
18292.0
17865.0
17042.0
17868.0
18726.0
