16515.0
18439.0
18294.0
16909.0
19023.0
18011.0
16383.0
17178.0
18438.0
17591.0
16514.0
18583.0
19174.0
18436.0
17870.0
17591.0
17175.0
17868.0
16513.0
18151.0
17313.0
18151.0
18292.0
17589.0
17176.0
16911.0
18727.0
16909.0
17869.0
17314.0
17451.0
17727.0
17589.0
17868.0
17453.0
17041.0
18585.0
18150.0
18439.0
17314.0
18729.0
18436.0
19024.0
18582.0
18728.0
17588.0
17044.0
17868.0
18009.0
18009.0
16775.0
17043.0
17869.0
18294.0
17725.0
18582.0
18150.0
18151.0
17590.0
17177.0
16777.0
18438.0
17589.0
18150.0
17043.0
18582.0
19474.0
18729.0
19627.0
18437.0
17729.0
17726.0
17315.0
18151.0
18729.0
17868.0
16642.0
18010.0
17452.0
18294.0
17867.0
17868.0
17869.0
17727.0
17591.0
18010.0
17315.0
18583.0
17727.0
17589.0
18294.0
16644.0
18150.0
18582.0
17451.0
19627.0
18583.0
17314.0
18007.0
17042.0
18006.0
17589.0
18011.0
18009.0
17868.0
17315.0
17314.0
18585.0
16645.0
17451.0
18582.0
17589.0
17729.0
17868.0
17313.0
17868.0
17868.0
19172.0
18293.0
17728.0
17869.0
18436.0
18293.0
17043.0
17870.0
17177.0
18010.0
17726.0
18151.0
18728.0
17451.0
18437.0
16907.0
18151.0
19026.0
17450.0
18149.0
17315.0
16777.0
18293.0
17727.0
18583.0
18008.0
18152.0
17868.0
17869.0
19025.0
17868.0
17451.0
17589.0
17867.0
17728.0
18295.0
17868.0
18584.0
18294.0
18292.0
18009.0
18294.0
17178.0
18730.0
17869.0
17866.0
16910.0
18151.0
17867.0
18580.0
17728.0
17728.0
18295.0
18438.0
17591.0
17450.0
18583.0
19173.0
17588.0
18293.0
17728.0
19025.0
18010.0
17589.0
17043.0
17589.0
18437.0
18293.0
17728.0
16643.0
18010.0
17042.0
18292.0
18436.0
17589.0
17868.0
17450.0
18152.0
17588.0
16775.0
18152.0
17178.0
17588.0
