16513.0
18439.0
18296.0
16910.0
19025.0
18010.0
16385.0
17179.0
18438.0
17590.0
16513.0
18584.0
19173.0
18438.0
17869.0
17590.0
17180.0
17869.0
16512.0
18152.0
17316.0
18152.0
18295.0
17589.0
17180.0
16909.0
18730.0
16911.0
17868.0
17315.0
17452.0
17729.0
17591.0
17868.0
17453.0
17044.0
18584.0
18152.0
18439.0
17316.0
18730.0
18439.0
19025.0
18584.0
18731.0
17590.0
17044.0
17869.0
18009.0
18009.0
16777.0
17044.0
17868.0
18295.0
17729.0
18582.0
18152.0
18153.0
17590.0
17176.0
16777.0
18439.0
17590.0
18152.0
17041.0
18583.0
19476.0
18729.0
19626.0
18438.0
17730.0
17728.0
17316.0
18153.0
18730.0
17868.0
16646.0
18011.0
17451.0
18295.0
17869.0
17867.0
17870.0
17729.0
17591.0
18011.0
17316.0
18584.0
17728.0
17590.0
18295.0
16644.0
18153.0
18584.0
17452.0
19627.0
18583.0
17316.0
18010.0
17043.0
18008.0
17589.0
18010.0
18009.0
17869.0
17316.0
17315.0
18583.0
16645.0
17450.0
18584.0
17591.0
17729.0
17869.0
17316.0
17869.0
17868.0
19173.0
18296.0
17727.0
17869.0
18438.0
18294.0
17043.0
17867.0
17180.0
18009.0
17728.0
18152.0
18730.0
17452.0
18438.0
16910.0
18153.0
19025.0
17452.0
18152.0
17314.0
16777.0
18293.0
17729.0
18583.0
18010.0
18152.0
17869.0
17869.0
19024.0
17869.0
17452.0
17589.0
17868.0
17729.0
18293.0
17867.0
18583.0
18294.0
18294.0
18010.0
18295.0
17177.0
18730.0
17869.0
17869.0
16910.0
18151.0
17866.0
18584.0
17728.0
17728.0
18294.0
18438.0
17589.0
17452.0
18583.0
19173.0
17590.0
18295.0
17730.0
19025.0
18011.0
17591.0
17044.0
17590.0
18439.0
18296.0
17730.0
16646.0
18010.0
17043.0
18295.0
18438.0
17590.0
17869.0
17452.0
18149.0
17590.0
16777.0
18152.0
17177.0
17589.0
