17107.0
16635.0
16326.0
14697.0
16325.0
16949.0
15872.0
14987.0
15281.0
15719.0
15425.0
17425.0
15719.0
15722.0
15276.0
16327.0
16791.0
16173.0
16635.0
16636.0
16635.0
17748.0
15722.0
16635.0
16480.0
17265.0
16950.0
15719.0
14985.0
16636.0
16480.0
15725.0
16175.0
16481.0
15572.0
15720.0
16949.0
14557.0
15720.0
16173.0
16326.0
16022.0
16326.0
16636.0
15572.0
16174.0
16792.0
15870.0
16021.0
16173.0
16022.0
16021.0
16792.0
17105.0
16326.0
15721.0
15573.0
16325.0
16173.0
15423.0
16948.0
16023.0
17265.0
16020.0
16480.0
16326.0
16326.0
16327.0
16327.0
16020.0
15869.0
16950.0
16635.0
15572.0
15874.0
16173.0
14276.0
14986.0
17106.0
14556.0
15872.0
15572.0
16635.0
16173.0
15720.0
14987.0
16021.0
16635.0
15721.0
17107.0
15722.0
16791.0
16951.0
16635.0
17265.0
15422.0
15870.0
14984.0
17267.0
16174.0
16793.0
16327.0
15570.0
16174.0
16948.0
15723.0
16327.0
16790.0
16636.0
17267.0
16174.0
17911.0
16950.0
16633.0
16951.0
16175.0
16173.0
16635.0
14844.0
16791.0
15870.0
17426.0
15275.0
14555.0
16021.0
16949.0
15424.0
17424.0
16635.0
16948.0
17912.0
15719.0
16173.0
16481.0
16792.0
15725.0
16635.0
15870.0
17105.0
16330.0
15572.0
14987.0
15423.0
17108.0
16481.0
16636.0
16792.0
16637.0
15719.0
15571.0
17426.0
16791.0
14985.0
15721.0
16948.0
16174.0
15871.0
17106.0
15722.0
15277.0
15276.0
15130.0
16022.0
16327.0
16480.0
16633.0
15870.0
16480.0
15570.0
16636.0
15570.0
15719.0
16949.0
15720.0
16173.0
15870.0
16482.0
15571.0
15573.0
15870.0
15870.0
16175.0
17106.0
17105.0
15276.0
15870.0
15871.0
15719.0
16172.0
17105.0
16948.0
16023.0
15871.0
15423.0
16327.0
16635.0
16174.0
15277.0
16175.0
17107.0
