14206.0
13875.0
13596.0
12375.0
13616.0
14086.0
13235.0
12584.0
12812.0
13162.0
12933.0
14485.0
13176.0
13151.0
12824.0
13583.0
13987.0
13500.0
13838.0
13872.0
13829.0
14710.0
13150.0
13851.0
13716.0
14333.0
14094.0
13163.0
12574.0
13843.0
13733.0
13174.0
13500.0
13737.0
13041.0
13127.0
14097.0
12259.0
13143.0
13490.0
13621.0
13395.0
13613.0
13853.0
13016.0
13509.0
13977.0
13267.0
13400.0
13461.0
13340.0
13370.0
13976.0
14220.0
13590.0
13128.0
13055.0
13632.0
13499.0
12921.0
14086.0
13397.0
14340.0
13391.0
13748.0
13603.0
13588.0
13594.0
13589.0
13397.0
13250.0
14074.0
13867.0
13028.0
13278.0
13523.0
12093.0
12593.0
14222.0
12246.0
13260.0
13038.0
13875.0
13507.0
13158.0
12603.0
13406.0
13825.0
13160.0
14231.0
13166.0
13972.0
14097.0
13824.0
14338.0
12919.0
13269.0
12587.0
14352.0
13507.0
13970.0
13608.0
13020.0
13507.0
14096.0
13151.0
13607.0
13965.0
13824.0
14340.0
13495.0
14844.0
14092.0
13839.0
14072.0
13504.0
13513.0
13853.0
12470.0
13971.0
13271.0
14462.0
12799.0
12249.0
13375.0
14087.0
12936.0
14481.0
13816.0
14120.0
14853.0
13044.0
13493.0
13723.0
13954.0
13149.0
13841.0
13253.0
14234.0
13627.0
13028.0
12594.0
12956.0
14212.0
13722.0
13859.0
14000.0
13848.0
13164.0
13041.0
14450.0
13984.0
12579.0
13175.0
14083.0
13524.0
13274.0
14204.0
13156.0
12804.0
12792.0
12713.0
13377.0
13574.0
13726.0
13870.0
13264.0
13747.0
13065.0
13840.0
13051.0
13175.0
14087.0
13151.0
13499.0
13278.0
13738.0
13025.0
13044.0
13236.0
13263.0
13487.0
14202.0
14207.0
12808.0
13258.0
13257.0
13141.0
13488.0
14224.0
14101.0
13400.0
13249.0
12930.0
13608.0
13857.0
13502.0
12810.0
13499.0
14222.0
