16902.0
16237.0
16095.0
13717.0
15889.0
16841.0
15826.0
14942.0
15223.0
14962.0
15377.0
17092.0
15190.0
15668.0
14800.0
16206.0
16502.0
16031.0
16437.0
16395.0
16589.0
17650.0
15680.0
16591.0
16431.0
16960.0
16271.0
15214.0
14935.0
16331.0
16423.0
15224.0
16125.0
16408.0
14814.0
15673.0
16901.0
14506.0
15202.0
16088.0
15566.0
15955.0
16267.0
16569.0
15521.0
16112.0
16548.0
15808.0
15974.0
15589.0
15966.0
15976.0
16321.0
16665.0
15996.0
14728.0
15500.0
15991.0
16122.0
14759.0
16841.0
15970.0
17111.0
15585.0
16109.0
15918.0
15938.0
16240.0
16242.0
15706.0
15637.0
16902.0
16560.0
15525.0
15808.0
16072.0
14229.0
14935.0
16912.0
14512.0
15823.0
15521.0
16585.0
16086.0
15664.0
14926.0
15961.0
16326.0
15358.0
17060.0
15572.0
16741.0
16651.0
16590.0
17070.0
14954.0
15822.0
14939.0
16850.0
15301.0
16085.0
15678.0
15060.0
15849.0
16899.0
15209.0
16281.0
16733.0
16487.0
17217.0
15705.0
17438.0
16904.0
16132.0
16604.0
15685.0
15646.0
16256.0
14793.0
16451.0
15827.0
17354.0
14790.0
14507.0
15673.0
16753.0
14932.0
16906.0
16019.0
16854.0
17865.0
15604.0
15848.0
15931.0
16706.0
15101.0
16458.0
15493.0
16782.0
16259.0
15023.0
14938.0
15316.0
16878.0
15840.0
15779.0
16744.0
16593.0
15672.0
15003.0
17079.0
16746.0
14311.0
15302.0
16503.0
15616.0
15827.0
16859.0
15553.0
15229.0
15229.0
15040.0
15973.0
16277.0
16434.0
16202.0
15823.0
16164.0
15525.0
16260.0
15527.0
15670.0
16574.0
15684.0
15912.0
15803.0
16095.0
15149.0
15525.0
15822.0
15824.0
16111.0
16940.0
16843.0
15231.0
15222.0
15822.0
15676.0
16126.0
17060.0
16851.0
15974.0
15495.0
14734.0
16232.0
16348.0
15865.0
15234.0
15375.0
16332.0
