17491.0
16888.0
16624.0
14720.0
16565.0
17292.0
16151.0
15057.0
15337.0
15891.0
15450.0
17858.0
15745.0
15891.0
15325.0
16633.0
17091.0
16279.0
16801.0
16990.0
16646.0
17724.0
15923.0
16751.0
16669.0
17627.0
17135.0
15993.0
14980.0
16983.0
16713.0
15966.0
16436.0
16655.0
15532.0
15813.0
17309.0
14545.0
15781.0
16559.0
16410.0
16156.0
16564.0
16948.0
15561.0
16274.0
17056.0
16036.0
16195.0
16251.0
16217.0
16069.0
16866.0
17570.0
16596.0
15895.0
15615.0
16706.0
16531.0
15527.0
17343.0
16372.0
17666.0
16154.0
16868.0
16651.0
16562.0
16627.0
16450.0
16329.0
16081.0
17087.0
16895.0
15800.0
15948.0
16201.0
14227.0
15031.0
17377.0
14522.0
15906.0
15684.0
16952.0
16317.0
15771.0
14987.0
16346.0
16796.0
15773.0
17422.0
15861.0
17025.0
17406.0
16843.0
17644.0
15516.0
15999.0
14995.0
17659.0
16490.0
17019.0
16659.0
15601.0
16189.0
17443.0
15782.0
16654.0
16985.0
16723.0
17683.0
16388.0
18260.0
17495.0
16676.0
17278.0
16208.0
16388.0
17016.0
14842.0
17134.0
16081.0
17834.0
15429.0
14567.0
16238.0
17186.0
15546.0
17686.0
17035.0
17150.0
18328.0
15811.0
16304.0
16723.0
17019.0
15821.0
16876.0
16036.0
17352.0
16445.0
15791.0
15023.0
15536.0
17439.0
16832.0
16974.0
17121.0
17031.0
15969.0
15583.0
17712.0
17092.0
14980.0
15889.0
17073.0
16377.0
16036.0
17456.0
15697.0
15483.0
15375.0
15153.0
16131.0
16476.0
16791.0
16719.0
16153.0
16668.0
15614.0
16959.0
15804.0
15980.0
17207.0
15792.0
16531.0
15951.0
16818.0
15712.0
15736.0
15870.0
15890.0
16505.0
17472.0
17511.0
15454.0
15910.0
16068.0
15779.0
16441.0
17361.0
17289.0
16217.0
15961.0
15527.0
16706.0
16985.0
16477.0
15240.0
16531.0
17329.0
