14597.0
16676.0
16526.0
15026.0
17304.0
16215.0
14457.0
15316.0
16679.0
15769.0
14602.0
16834.0
17463.0
16675.0
16065.0
15770.0
15319.0
16058.0
14595.0
16376.0
15469.0
16373.0
16524.0
15764.0
15324.0
15029.0
16987.0
15029.0
16064.0
15464.0
15609.0
15915.0
15758.0
16064.0
15610.0
15173.0
16831.0
16364.0
16682.0
15460.0
16990.0
16678.0
17307.0
16830.0
16990.0
15770.0
15172.0
16064.0
16212.0
16218.0
14888.0
15176.0
16060.0
16520.0
15917.0
16833.0
16368.0
16364.0
15763.0
15317.0
14884.0
16675.0
15765.0
16367.0
15181.0
16837.0
17788.0
16984.0
17954.0
16677.0
15913.0
15916.0
15468.0
16369.0
16992.0
16070.0
14742.0
16213.0
15615.0
16522.0
16063.0
16065.0
16069.0
15910.0
15767.0
16212.0
15463.0
16836.0
15911.0
15762.0
16522.0
14736.0
16369.0
16836.0
15613.0
17948.0
16835.0
15464.0
16218.0
15173.0
16223.0
15761.0
16224.0
16214.0
16064.0
15467.0
15467.0
16832.0
14739.0
15620.0
16832.0
15762.0
15914.0
16066.0
15462.0
16067.0
16062.0
17462.0
16517.0
15919.0
16064.0
16679.0
16519.0
15174.0
16068.0
15320.0
16215.0
15911.0
16368.0
16988.0
15610.0
16678.0
15035.0
16373.0
17309.0
15617.0
16373.0
15468.0
14887.0
16521.0
15916.0
16832.0
16219.0
16376.0
16070.0
16064.0
17304.0
16065.0
15610.0
15764.0
16063.0
15909.0
16525.0
16064.0
16833.0
16523.0
16521.0
16216.0
16521.0
15325.0
16990.0
16075.0
16070.0
15025.0
16367.0
16070.0
16833.0
15916.0
15907.0
16521.0
16672.0
15767.0
15609.0
16829.0
17472.0
15762.0
16523.0
15914.0
17306.0
16216.0
15764.0
15171.0
15764.0
16674.0
16523.0
15921.0
14745.0
16212.0
15173.0
16525.0
16678.0
15765.0
16059.0
15612.0
16376.0
15762.0
14884.0
16364.0
15316.0
15764.0
