14719.0
16801.0
16636.0
15151.0
17439.0
16327.0
14559.0
15424.0
16792.0
15871.0
14721.0
16959.0
17607.0
16801.0
16176.0
15880.0
15455.0
16183.0
14708.0
16481.0
15592.0
16491.0
16636.0
15871.0
15477.0
15139.0
17117.0
15131.0
16194.0
15584.0
15730.0
16031.0
15880.0
16194.0
15729.0
15286.0
16951.0
16489.0
16794.0
15597.0
17107.0
16803.0
17426.0
16949.0
17129.0
15871.0
15297.0
16185.0
16337.0
16338.0
15008.0
15299.0
16184.0
16636.0
16022.0
16959.0
16492.0
16503.0
15871.0
15446.0
14995.0
16792.0
15915.0
16482.0
15286.0
16950.0
17912.0
17127.0
18076.0
16792.0
16044.0
16030.0
15581.0
16481.0
17107.0
16188.0
14851.0
16347.0
15743.0
16658.0
16174.0
16174.0
16194.0
16033.0
15871.0
16338.0
15603.0
16958.0
16033.0
15893.0
16636.0
14884.0
16490.0
16949.0
15741.0
18087.0
16958.0
15572.0
16327.0
15286.0
16349.0
15882.0
16336.0
16329.0
16174.0
15594.0
15583.0
16959.0
14856.0
15732.0
16957.0
15871.0
16032.0
16190.0
15572.0
16183.0
16174.0
17595.0
16647.0
16033.0
16185.0
16794.0
16646.0
15297.0
16207.0
15455.0
16336.0
16033.0
16490.0
17116.0
15721.0
16801.0
15131.0
16492.0
17435.0
15721.0
16490.0
15588.0
15018.0
16636.0
16034.0
16949.0
16327.0
16501.0
16174.0
16174.0
17426.0
16174.0
15721.0
15893.0
16194.0
16022.0
16636.0
16196.0
16960.0
16636.0
16647.0
16327.0
16656.0
15435.0
17127.0
16185.0
16205.0
15162.0
16481.0
16174.0
16971.0
16033.0
16022.0
16636.0
16801.0
15880.0
15721.0
16971.0
17587.0
15919.0
16656.0
16022.0
17442.0
16360.0
15887.0
15277.0
15871.0
16803.0
16645.0
16060.0
14875.0
16336.0
15277.0
16646.0
16803.0
15873.0
16185.0
15730.0
16481.0
15871.0
14995.0
16492.0
15433.0
15891.0
