14698.0
16790.0
16635.0
15130.0
17425.0
16325.0
14556.0
15422.0
16791.0
15870.0
14698.0
16948.0
17586.0
16790.0
16173.0
15870.0
15423.0
16172.0
14697.0
16480.0
15571.0
16480.0
16635.0
15869.0
15422.0
15129.0
17106.0
15130.0
16173.0
15571.0
15719.0
16020.0
15870.0
16173.0
15719.0
15275.0
16948.0
16480.0
16791.0
15570.0
17105.0
16791.0
17425.0
16948.0
17105.0
15870.0
15276.0
16173.0
16326.0
16326.0
14986.0
15276.0
16172.0
16634.0
16021.0
16948.0
16479.0
16480.0
15870.0
15423.0
14987.0
16791.0
15870.0
16480.0
15276.0
16947.0
17911.0
17105.0
18074.0
16791.0
16021.0
16020.0
15571.0
16480.0
17106.0
16173.0
14840.0
16326.0
15720.0
16635.0
16173.0
16173.0
16173.0
16021.0
15870.0
16325.0
15571.0
16947.0
16021.0
15870.0
16635.0
14841.0
16479.0
16948.0
15719.0
18075.0
16947.0
15570.0
16326.0
15276.0
16326.0
15869.0
16326.0
16326.0
16172.0
15571.0
15571.0
16948.0
14841.0
15719.0
16948.0
15870.0
16020.0
16173.0
15570.0
16173.0
16173.0
17586.0
16635.0
16021.0
16173.0
16791.0
16635.0
15276.0
16172.0
15422.0
16326.0
16021.0
16480.0
17105.0
15720.0
16791.0
15130.0
16481.0
17425.0
15720.0
16480.0
15571.0
14985.0
16634.0
16021.0
16948.0
16327.0
16480.0
16173.0
16173.0
17424.0
16173.0
15719.0
15870.0
16173.0
16021.0
16635.0
16173.0
16948.0
16634.0
16635.0
16326.0
16635.0
15423.0
17106.0
16173.0
16173.0
15130.0
16480.0
16172.0
16947.0
16021.0
16021.0
16634.0
16791.0
15869.0
15720.0
16949.0
17586.0
15870.0
16635.0
16021.0
17424.0
16326.0
15870.0
15276.0
15869.0
16790.0
16634.0
16020.0
14840.0
16326.0
15276.0
16635.0
16791.0
15870.0
16172.0
15720.0
16480.0
15870.0
14985.0
16479.0
15423.0
15869.0
