14701.0
16794.0
16638.0
15133.0
17428.0
16329.0
14559.0
15427.0
16795.0
15873.0
14702.0
16951.0
17589.0
16793.0
16175.0
15873.0
15427.0
16176.0
14701.0
16483.0
15574.0
16482.0
16638.0
15873.0
15427.0
15132.0
17108.0
15134.0
16176.0
15573.0
15723.0
16026.0
15872.0
16174.0
15725.0
15279.0
16950.0
16483.0
16794.0
15573.0
17109.0
16794.0
17427.0
16950.0
17109.0
15873.0
15279.0
16176.0
16329.0
16329.0
14988.0
15280.0
16175.0
16638.0
16023.0
16952.0
16483.0
16483.0
15872.0
15425.0
14989.0
16794.0
15873.0
16483.0
15278.0
16950.0
17914.0
17108.0
18077.0
16793.0
16023.0
16024.0
15574.0
16482.0
17109.0
16176.0
14844.0
16328.0
15722.0
16639.0
16177.0
16175.0
16176.0
16024.0
15873.0
16330.0
15573.0
16950.0
16024.0
15872.0
16639.0
14843.0
16483.0
16951.0
15724.0
18078.0
16951.0
15573.0
16329.0
15279.0
16328.0
15872.0
16329.0
16328.0
16176.0
15574.0
15574.0
16951.0
14845.0
15722.0
16952.0
15872.0
16024.0
16175.0
15573.0
16176.0
16175.0
17589.0
16637.0
16023.0
16176.0
16794.0
16637.0
15279.0
16177.0
15426.0
16329.0
16023.0
16484.0
17108.0
15723.0
16794.0
15132.0
16484.0
17428.0
15724.0
16484.0
15574.0
14987.0
16638.0
16023.0
16951.0
16328.0
16482.0
16176.0
16176.0
17427.0
16176.0
15722.0
15873.0
16176.0
16023.0
16638.0
16176.0
16950.0
16638.0
16638.0
16330.0
16638.0
15425.0
17108.0
16176.0
16177.0
15133.0
16482.0
16177.0
16952.0
16025.0
16023.0
16638.0
16794.0
15872.0
15723.0
16950.0
17589.0
15873.0
16638.0
16024.0
17428.0
16328.0
15872.0
15278.0
15873.0
16793.0
16637.0
16024.0
14843.0
16329.0
15279.0
16638.0
16794.0
15873.0
16175.0
15723.0
16483.0
15873.0
14989.0
16482.0
15425.0
15873.0
