16960.0
16400.0
16240.0
14395.0
16278.0
16700.0
15934.0
15073.0
15211.0
15494.0
15301.0
17297.0
15509.0
15647.0
14967.0
16156.0
16672.0
16197.0
16517.0
16508.0
16388.0
17522.0
15657.0
16391.0
16331.0
17271.0
16800.0
15532.0
14997.0
16450.0
16058.0
15535.0
15920.0
16377.0
15095.0
15483.0
16791.0
14420.0
15738.0
15972.0
16203.0
15782.0
16052.0
16456.0
15517.0
16283.0
16582.0
15628.0
15922.0
16225.0
15967.0
16099.0
16677.0
16840.0
16236.0
15744.0
15464.0
16154.0
16020.0
15284.0
16839.0
15746.0
17127.0
15924.0
16203.0
16383.0
16267.0
16377.0
16117.0
15945.0
15788.0
16785.0
16457.0
15210.0
15804.0
15672.0
14213.0
14585.0
16888.0
14709.0
15788.0
15669.0
16545.0
16078.0
15899.0
14883.0
15927.0
16457.0
15274.0
17032.0
15622.0
16579.0
16793.0
16394.0
17170.0
15365.0
15791.0
14981.0
17192.0
15954.0
16564.0
16221.0
15447.0
16314.0
16858.0
15729.0
16200.0
16876.0
16654.0
17143.0
15895.0
17924.0
16712.0
16432.0
16723.0
16240.0
16315.0
16564.0
14655.0
16668.0
15602.0
17194.0
14980.0
14330.0
15788.0
16743.0
15326.0
16868.0
16423.0
16790.0
17763.0
15557.0
16011.0
16388.0
16779.0
15790.0
16398.0
15388.0
16987.0
16028.0
15356.0
15194.0
15214.0
17003.0
16244.0
16433.0
16535.0
16761.0
15687.0
15337.0
17313.0
16556.0
14887.0
15470.0
16689.0
15950.0
15858.0
17067.0
15260.0
15159.0
15285.0
14882.0
15963.0
16178.0
16367.0
16457.0
15809.0
16399.0
15427.0
16740.0
15305.0
15601.0
16506.0
15511.0
16078.0
15937.0
16334.0
15697.0
15295.0
15691.0
15676.0
16121.0
16955.0
16992.0
15247.0
15954.0
15710.0
15498.0
16014.0
16905.0
16909.0
15829.0
15628.0
15191.0
16180.0
16444.0
16021.0
15108.0
16204.0
17111.0
