17041.0
16570.0
16260.0
14647.0
16273.0
16663.0
15685.0
14930.0
15222.0
15658.0
14729.0
17370.0
15669.0
15667.0
15222.0
16044.0
16733.0
15642.0
16582.0
16304.0
16579.0
17252.0
15433.0
16381.0
16382.0
17202.0
16705.0
15668.0
14174.0
15874.0
16430.0
15420.0
15763.0
16103.0
15519.0
15638.0
16894.0
14501.0
15063.0
15981.0
16158.0
15954.0
16273.0
16394.0
15518.0
16121.0
16646.0
15818.0
15191.0
16121.0
15967.0
15715.0
16716.0
17052.0
16273.0
15663.0
15373.0
16020.0
16095.0
14361.0
16895.0
15512.0
17199.0
15969.0
16359.0
16269.0
15794.0
16273.0
16050.0
15967.0
15692.0
16749.0
16524.0
15519.0
15778.0
15479.0
14186.0
14175.0
16772.0
14505.0
15786.0
15520.0
16358.0
15671.0
15048.0
14908.0
15575.0
16491.0
15667.0
16766.0
15152.0
16736.0
16895.0
16114.0
17209.0
14845.0
15122.0
14931.0
17211.0
15587.0
16735.0
16271.0
15518.0
16117.0
16473.0
14953.0
15887.0
16736.0
16514.0
16698.0
16109.0
17824.0
16897.0
16243.0
16895.0
16089.0
15821.0
16582.0
14624.0
16738.0
15792.0
17298.0
15224.0
14456.0
15660.0
16379.0
15371.0
17372.0
16553.0
16471.0
17646.0
15665.0
15965.0
16379.0
16741.0
15646.0
16543.0
15816.0
17046.0
16212.0
15517.0
14859.0
15373.0
16643.0
15838.0
16573.0
16186.0
16536.0
15663.0
15518.0
17342.0
15949.0
14932.0
15669.0
16885.0
16119.0
15712.0
16660.0
15645.0
14873.0
15224.0
15080.0
15873.0
15883.0
16426.0
16371.0
15531.0
16008.0
15139.0
16246.0
15517.0
15669.0
16121.0
15543.0
16117.0
15158.0
16243.0
15391.0
15518.0
15490.0
15714.0
16038.0
17028.0
16635.0
15153.0
15793.0
15615.0
15667.0
16119.0
17039.0
16484.0
15876.0
15137.0
15368.0
15774.0
16570.0
15819.0
14830.0
15614.0
16883.0
