15268.0
15310.0
14687.0
13710.0
14821.0
15675.0
14644.0
13598.0
13583.0
14509.0
14168.0
15706.0
14469.0
14410.0
13964.0
15147.0
15538.0
15027.0
15405.0
15423.0
15079.0
16309.0
14431.0
15405.0
15060.0
15922.0
15706.0
14665.0
13717.0
14861.0
14730.0
14484.0
15025.0
15294.0
14213.0
14013.0
15216.0
13712.0
14093.0
14463.0
14944.0
14486.0
15160.0
15177.0
14421.0
14930.0
15564.0
14689.0
14934.0
15013.0
14534.0
14990.0
15542.0
15837.0
15151.0
14650.0
14514.0
14728.0
14893.0
13985.0
15211.0
14473.0
15394.0
14995.0
14732.0
15174.0
14930.0
14897.0
14895.0
14824.0
14631.0
15654.0
15428.0
14327.0
14789.0
14481.0
13394.0
13847.0
15603.0
13151.0
14387.0
14015.0
15212.0
14807.0
14144.0
13975.0
14511.0
15145.0
14668.0
15475.0
14248.0
15191.0
15528.0
14764.0
15944.0
13957.0
14527.0
13413.0
15699.0
14717.0
15507.0
15164.0
14217.0
15046.0
15564.0
14210.0
14892.0
15313.0
14916.0
15562.0
14873.0
16011.0
15436.0
15148.0
15276.0
14970.0
14475.0
14884.0
13842.0
15529.0
14799.0
16053.0
13841.0
13616.0
14777.0
15677.0
14069.0
15975.0
14609.0
15042.0
16240.0
14443.0
14574.0
15060.0
14973.0
14568.0
14938.0
14327.0
15697.0
15180.0
14534.0
14087.0
14226.0
15435.0
15285.0
14973.0
15331.0
15196.0
14409.0
14011.0
16040.0
15008.0
13606.0
14437.0
15436.0
14830.0
14262.0
15720.0
14774.0
14082.0
14286.0
14210.0
14800.0
14667.0
15025.0
14887.0
14239.0
14878.0
14339.0
14925.0
14560.0
14246.0
15415.0
14453.0
14466.0
14685.0
15038.0
14465.0
14557.0
14276.0
14687.0
14573.0
15786.0
15790.0
14030.0
14560.0
14758.0
14539.0
14831.0
15218.0
15017.0
14459.0
14707.0
14319.0
15170.0
15407.0
15047.0
14197.0
15024.0
15123.0
