18726.0
18291.0
18007.0
16509.0
18007.0
18580.0
17586.0
16774.0
17039.0
17449.0
17175.0
19020.0
17449.0
17448.0
17039.0
18006.0
18435.0
17865.0
18290.0
18290.0
18291.0
19320.0
17448.0
18290.0
18150.0
18873.0
18581.0
17447.0
16773.0
18291.0
18150.0
17447.0
17865.0
18148.0
17310.0
17450.0
18583.0
16380.0
17447.0
17864.0
18005.0
17724.0
18006.0
18293.0
17310.0
17866.0
18437.0
17586.0
17726.0
17865.0
17724.0
17724.0
18435.0
18727.0
18005.0
17447.0
17310.0
18005.0
17865.0
17174.0
18581.0
17725.0
18873.0
17725.0
18148.0
18005.0
18005.0
18007.0
18006.0
17725.0
17589.0
18579.0
18291.0
17311.0
17586.0
17865.0
16123.0
16773.0
18725.0
16379.0
17586.0
17312.0
18290.0
17865.0
17449.0
16773.0
17726.0
18290.0
17447.0
18726.0
17447.0
18434.0
18581.0
18291.0
18874.0
17175.0
17585.0
16773.0
18872.0
17866.0
18435.0
18006.0
17314.0
17867.0
18579.0
17448.0
18006.0
18434.0
18292.0
18872.0
17867.0
19472.0
18579.0
18290.0
18579.0
17864.0
17866.0
18290.0
16642.0
18434.0
17587.0
19020.0
17040.0
16380.0
17726.0
18580.0
17174.0
19022.0
18290.0
18581.0
19472.0
17450.0
17866.0
18147.0
18435.0
17449.0
18290.0
17585.0
18726.0
18007.0
17312.0
16774.0
17174.0
18726.0
18149.0
18292.0
18436.0
18291.0
17449.0
17311.0
19021.0
18435.0
16774.0
17450.0
18580.0
17864.0
17588.0
18725.0
17449.0
17042.0
17040.0
16907.0
17726.0
18007.0
18148.0
18291.0
17585.0
18149.0
17311.0
18291.0
17313.0
17449.0
18580.0
17448.0
17865.0
17586.0
18148.0
17312.0
17311.0
17586.0
17588.0
17865.0
18727.0
18727.0
17040.0
17585.0
17586.0
17448.0
17865.0
18725.0
18580.0
17724.0
17587.0
17175.0
18009.0
18290.0
17865.0
17039.0
17868.0
18726.0
