18731.0
18295.0
18011.0
16512.0
18009.0
18585.0
17589.0
16777.0
17044.0
17451.0
17179.0
19025.0
17450.0
17453.0
17043.0
18010.0
18438.0
17868.0
18294.0
18296.0
18294.0
19322.0
17451.0
18296.0
18150.0
18877.0
18584.0
17450.0
16777.0
18295.0
18151.0
17452.0
17869.0
18150.0
17316.0
17453.0
18584.0
16384.0
17452.0
17869.0
18010.0
17728.0
18011.0
18294.0
17316.0
17869.0
18440.0
17590.0
17728.0
17868.0
17727.0
17728.0
18439.0
18730.0
18010.0
17451.0
17315.0
18010.0
17870.0
17179.0
18583.0
17730.0
18876.0
17730.0
18152.0
18008.0
18009.0
18009.0
18008.0
17729.0
17589.0
18584.0
18294.0
17314.0
17588.0
17869.0
16127.0
16777.0
18729.0
16384.0
17590.0
17314.0
18295.0
17868.0
17451.0
16776.0
17730.0
18294.0
17451.0
18729.0
17452.0
18439.0
18583.0
18295.0
18877.0
17179.0
17591.0
16777.0
18876.0
17869.0
18437.0
18010.0
17315.0
17870.0
18582.0
17451.0
18009.0
18438.0
18295.0
18875.0
17869.0
19475.0
18585.0
18293.0
18585.0
17869.0
17867.0
18294.0
16644.0
18440.0
17590.0
19024.0
17044.0
16383.0
17728.0
18582.0
17179.0
19026.0
18293.0
18583.0
19476.0
17451.0
17867.0
18152.0
18438.0
17451.0
18294.0
17590.0
18729.0
18009.0
17314.0
16775.0
17180.0
18728.0
18150.0
18296.0
18439.0
18295.0
17452.0
17314.0
19026.0
18440.0
16776.0
17452.0
18581.0
17868.0
17590.0
18729.0
17452.0
17044.0
17044.0
16909.0
17728.0
18010.0
18152.0
18294.0
17590.0
18152.0
17314.0
18295.0
17314.0
17452.0
18583.0
17453.0
17869.0
17591.0
18152.0
17314.0
17315.0
17588.0
17591.0
17870.0
18729.0
18730.0
17042.0
17589.0
17589.0
17451.0
17869.0
18729.0
18583.0
17729.0
17589.0
17180.0
18009.0
18294.0
17868.0
17045.0
17868.0
18730.0
