16625.0
16173.0
15872.0
14305.0
15872.0
16473.0
15430.0
14578.0
14859.0
15292.0
15003.0
16941.0
15291.0
15289.0
14864.0
15871.0
16325.0
15727.0
16172.0
16176.0
16173.0
17249.0
15287.0
16173.0
16020.0
16780.0
16474.0
15292.0
14579.0
16171.0
16023.0
15288.0
15726.0
16023.0
15147.0
15283.0
16475.0
14168.0
15289.0
15724.0
15874.0
15579.0
15874.0
16170.0
15142.0
15730.0
16323.0
15431.0
15579.0
15723.0
15576.0
15578.0
16339.0
16629.0
15871.0
15286.0
15148.0
15871.0
15727.0
15000.0
16472.0
15582.0
16781.0
15581.0
16028.0
15872.0
15871.0
15873.0
15870.0
15581.0
15432.0
16474.0
16175.0
15146.0
15438.0
15727.0
13895.0
14576.0
16630.0
14164.0
15432.0
15143.0
16176.0
15724.0
15286.0
14580.0
15582.0
16172.0
15290.0
16627.0
15287.0
16323.0
16476.0
16170.0
16782.0
15001.0
15436.0
14580.0
16783.0
15726.0
16324.0
15873.0
15141.0
15726.0
16475.0
15291.0
15876.0
16324.0
16172.0
16782.0
15728.0
17407.0
16476.0
16172.0
16475.0
15726.0
15725.0
16168.0
14441.0
16325.0
15435.0
16936.0
14857.0
14164.0
15578.0
16474.0
15003.0
16938.0
16170.0
16480.0
17409.0
15284.0
15726.0
16022.0
16322.0
15285.0
16170.0
15432.0
16626.0
15874.0
15145.0
14579.0
15006.0
16630.0
16021.0
16169.0
16324.0
16171.0
15291.0
15144.0
16936.0
16323.0
14576.0
15290.0
16474.0
15730.0
15434.0
16626.0
15287.0
14860.0
14860.0
14720.0
15585.0
15869.0
16024.0
16172.0
15433.0
16022.0
15148.0
16173.0
15149.0
15288.0
16474.0
15287.0
15726.0
15434.0
16025.0
15142.0
15145.0
15434.0
15432.0
15725.0
16627.0
16627.0
14860.0
15430.0
15432.0
15289.0
15723.0
16626.0
16476.0
15582.0
15433.0
15003.0
15871.0
16174.0
15727.0
14858.0
15723.0
16630.0
