12940.0
14674.0
14809.0
13436.0
15448.0
14520.0
13102.0
13678.0
14784.0
14185.0
12881.0
14991.0
15255.0
14672.0
14328.0
13986.0
13731.0
14223.0
13123.0
14528.0
13984.0
14424.0
14571.0
13912.0
13786.0
13589.0
14933.0
13316.0
14174.0
13738.0
13945.0
14043.0
13897.0
14161.0
13853.0
13200.0
15134.0
14396.0
14686.0
13882.0
15186.0
15011.0
15237.0
15063.0
14934.0
14187.0
13643.0
14231.0
14229.0
14445.0
13187.0
13424.0
14237.0
14715.0
14300.0
14883.0
14477.0
14365.0
13995.0
13543.0
13343.0
14746.0
14006.0
14565.0
13610.0
14987.0
15879.0
15002.0
15925.0
14832.0
14189.0
14112.0
13948.0
14678.0
15012.0
14246.0
12953.0
14536.0
13943.0
14463.0
14210.0
14335.0
14316.0
14014.0
13908.0
14447.0
13675.0
15089.0
14019.0
13885.0
14881.0
13184.0
14591.0
14965.0
13823.0
15938.0
14979.0
13897.0
14552.0
13421.0
14632.0
13940.0
14297.0
14353.0
13985.0
13796.0
13745.0
14778.0
13337.0
13969.0
14965.0
13828.0
14089.0
14236.0
13745.0
14253.0
14216.0
15413.0
14689.0
14125.0
14248.0
15021.0
14612.0
13422.0
14427.0
13835.0
14436.0
14254.0
14327.0
15092.0
13717.0
14577.0
13386.0
14426.0
15289.0
13871.0
14426.0
13691.0
13435.0
14634.0
14208.0
15053.0
14404.0
14497.0
14332.0
14328.0
15459.0
14392.0
13833.0
13998.0
14478.0
14348.0
14558.0
14309.0
15080.0
14781.0
14707.0
14441.0
14524.0
13732.0
15080.0
14437.0
14042.0
13450.0
14563.0
14181.0
14971.0
14195.0
14409.0
14616.0
14829.0
14241.0
13928.0
14954.0
15343.0
14099.0
14817.0
14192.0
15374.0
14439.0
13899.0
13414.0
14047.0
14579.0
14645.0
14219.0
13295.0
14442.0
13440.0
14625.0
14843.0
13978.0
14303.0
13700.0
14595.0
13918.0
13329.0
14569.0
13501.0
14093.0
