16512.0
18437.0
18293.0
16908.0
19020.0
18009.0
16383.0
17176.0
18436.0
17588.0
16511.0
18584.0
19171.0
18436.0
17867.0
17587.0
17178.0
17867.0
16514.0
18150.0
17314.0
18149.0
18292.0
17589.0
17178.0
16907.0
18726.0
16908.0
17866.0
17314.0
17449.0
17728.0
17590.0
17867.0
17450.0
17041.0
18583.0
18152.0
18437.0
17311.0
18727.0
18436.0
19022.0
18582.0
18728.0
17590.0
17042.0
17869.0
18008.0
18008.0
16775.0
17044.0
17866.0
18293.0
17730.0
18583.0
18153.0
18150.0
17589.0
17178.0
16773.0
18437.0
17586.0
18151.0
17043.0
18580.0
19474.0
18728.0
19625.0
18437.0
17729.0
17727.0
17313.0
18149.0
18729.0
17867.0
16643.0
18009.0
17451.0
18295.0
17869.0
17870.0
17869.0
17728.0
17590.0
18010.0
17314.0
18583.0
17728.0
17589.0
18293.0
16644.0
18150.0
18582.0
17449.0
19625.0
18582.0
17314.0
18007.0
17045.0
18007.0
17589.0
18007.0
18007.0
17867.0
17312.0
17315.0
18583.0
16643.0
17449.0
18585.0
17591.0
17728.0
17866.0
17313.0
17868.0
17867.0
19173.0
18292.0
17727.0
17867.0
18436.0
18294.0
17043.0
17868.0
17176.0
18009.0
17726.0
18150.0
18726.0
17449.0
18435.0
16908.0
18151.0
19024.0
17450.0
18150.0
17315.0
16773.0
18293.0
17728.0
18581.0
18008.0
18150.0
17868.0
17866.0
19024.0
17867.0
17452.0
17589.0
17866.0
17727.0
18293.0
17866.0
18582.0
18292.0
18294.0
18006.0
18292.0
17179.0
18729.0
17867.0
17868.0
16908.0
18150.0
17868.0
18583.0
17727.0
17726.0
18293.0
18436.0
17589.0
17447.0
18582.0
19171.0
17588.0
18293.0
17727.0
19024.0
18008.0
17588.0
17042.0
17588.0
18435.0
18294.0
17726.0
16643.0
18008.0
17043.0
18295.0
18438.0
17588.0
17868.0
17449.0
18150.0
17590.0
16777.0
18150.0
17177.0
17588.0
