17125.0
16659.0
16372.0
14722.0
16382.0
16960.0
15902.0
14998.0
15288.0
15735.0
15446.0
17460.0
15734.0
15733.0
15282.0
16350.0
16839.0
16210.0
16663.0
16638.0
16638.0
17760.0
15740.0
16659.0
16491.0
17289.0
16951.0
15731.0
15003.0
16659.0
16500.0
15732.0
16183.0
16483.0
15595.0
15749.0
16951.0
14571.0
15756.0
16210.0
16336.0
16042.0
16347.0
16683.0
15581.0
16213.0
16834.0
15910.0
16044.0
16191.0
16066.0
16045.0
16801.0
17117.0
16347.0
15752.0
15595.0
16339.0
16196.0
15465.0
16972.0
16022.0
17276.0
16050.0
16498.0
16377.0
16329.0
16341.0
16342.0
16051.0
15894.0
16962.0
16644.0
15601.0
15882.0
16185.0
14299.0
15008.0
17115.0
14582.0
15881.0
15584.0
16659.0
16196.0
15733.0
14990.0
16038.0
16656.0
15730.0
17118.0
15726.0
16821.0
16960.0
16647.0
17268.0
15443.0
15881.0
15021.0
17277.0
16196.0
16794.0
16349.0
15609.0
16192.0
16996.0
15723.0
16350.0
16803.0
16647.0
17277.0
16195.0
17918.0
16960.0
16647.0
16972.0
16184.0
16182.0
16638.0
14866.0
16794.0
15902.0
17437.0
15295.0
14608.0
16031.0
16980.0
15439.0
17445.0
16683.0
16968.0
17920.0
15731.0
16179.0
16491.0
16813.0
15739.0
16647.0
15918.0
17141.0
16346.0
15601.0
15015.0
15435.0
17109.0
16492.0
16639.0
16794.0
16667.0
15740.0
15585.0
17431.0
16820.0
15009.0
15744.0
16960.0
16184.0
15873.0
17108.0
15728.0
15307.0
15309.0
15156.0
16034.0
16351.0
16499.0
16671.0
15885.0
16483.0
15603.0
16638.0
15575.0
15745.0
16967.0
15739.0
16191.0
15913.0
16513.0
15607.0
15607.0
15881.0
15882.0
16193.0
17138.0
17140.0
15304.0
15914.0
15881.0
15731.0
16184.0
17109.0
16959.0
16032.0
15882.0
15437.0
16350.0
16674.0
16187.0
15293.0
16184.0
17118.0
