17124.0
16655.0
16354.0
14723.0
16385.0
16975.0
15900.0
14999.0
15287.0
15728.0
15440.0
17456.0
15727.0
15737.0
15300.0
16355.0
16849.0
16212.0
16664.0
16638.0
16638.0
17758.0
15734.0
16658.0
16492.0
17277.0
16950.0
15732.0
15001.0
16657.0
16501.0
15727.0
16185.0
16483.0
15607.0
15744.0
16951.0
14566.0
15756.0
16212.0
16334.0
16032.0
16354.0
16689.0
15579.0
16228.0
16815.0
15915.0
16045.0
16198.0
16055.0
16044.0
16803.0
17114.0
16355.0
15748.0
15592.0
16337.0
16197.0
15457.0
16972.0
16023.0
17278.0
16040.0
16497.0
16376.0
16329.0
16343.0
16337.0
16052.0
15892.0
16960.0
16646.0
15599.0
15882.0
16194.0
14293.0
14995.0
17118.0
14589.0
15881.0
15580.0
16659.0
16197.0
15737.0
14988.0
16038.0
16661.0
15734.0
17116.0
15731.0
16818.0
16958.0
16646.0
17268.0
15434.0
15881.0
15018.0
17277.0
16190.0
16794.0
16349.0
15607.0
16183.0
16998.0
15723.0
16350.0
16803.0
16643.0
17275.0
16196.0
17917.0
16960.0
16647.0
16971.0
16184.0
16191.0
16637.0
14876.0
16792.0
15887.0
17432.0
15289.0
14597.0
16032.0
16980.0
15443.0
17438.0
16677.0
16962.0
17923.0
15730.0
16176.0
16490.0
16808.0
15738.0
16646.0
15917.0
17150.0
16335.0
15591.0
15019.0
15434.0
17109.0
16492.0
16640.0
16794.0
16652.0
15739.0
15582.0
17434.0
16816.0
15010.0
15742.0
16956.0
16183.0
15873.0
17108.0
15726.0
15311.0
15308.0
15155.0
16033.0
16354.0
16499.0
16670.0
15893.0
16483.0
15594.0
16636.0
15582.0
15739.0
16968.0
15745.0
16184.0
15903.0
16505.0
15606.0
15603.0
15875.0
15881.0
16189.0
17131.0
17129.0
15303.0
15913.0
15880.0
15731.0
16183.0
17108.0
16956.0
16031.0
15882.0
15441.0
16338.0
16678.0
16179.0
15296.0
16195.0
17117.0
