14657.0
16772.0
16605.0
15099.0
17402.0
16300.0
14532.0
15397.0
16772.0
15846.0
14670.0
16924.0
17546.0
16767.0
16142.0
15832.0
15398.0
16155.0
14666.0
16453.0
15556.0
16439.0
16613.0
15846.0
15390.0
15112.0
17078.0
15108.0
16150.0
15549.0
15674.0
15984.0
15846.0
16154.0
15703.0
15243.0
16908.0
16466.0
16765.0
15526.0
17080.0
16744.0
17398.0
16908.0
17074.0
15824.0
15231.0
16148.0
16288.0
16285.0
14942.0
15249.0
16131.0
16606.0
15992.0
16912.0
16451.0
16455.0
15833.0
15396.0
14965.0
16771.0
15844.0
16457.0
15250.0
16914.0
17870.0
17059.0
18045.0
16747.0
15980.0
15983.0
15552.0
16437.0
17067.0
16151.0
14818.0
16304.0
15684.0
16612.0
16134.0
16151.0
16149.0
15998.0
15839.0
16293.0
15538.0
16922.0
15998.0
15840.0
16605.0
14811.0
16450.0
16927.0
15695.0
18040.0
16916.0
15531.0
16302.0
15249.0
16301.0
15840.0
16292.0
16280.0
16151.0
15544.0
15539.0
16927.0
14814.0
15687.0
16925.0
15813.0
15988.0
16147.0
15529.0
16144.0
16140.0
17547.0
16596.0
15990.0
16138.0
16748.0
16621.0
15239.0
16151.0
15401.0
16301.0
15988.0
16459.0
17085.0
15692.0
16763.0
15095.0
16458.0
17386.0
15700.0
16450.0
15548.0
14942.0
16599.0
15995.0
16915.0
16288.0
16460.0
16147.0
16131.0
17397.0
16148.0
15695.0
15841.0
16149.0
15986.0
16610.0
16146.0
16904.0
16609.0
16607.0
16298.0
16607.0
15400.0
17087.0
16144.0
16140.0
15097.0
16456.0
16150.0
16918.0
15994.0
15991.0
16596.0
16743.0
15847.0
15695.0
16920.0
17557.0
15848.0
16594.0
15999.0
17400.0
16297.0
15846.0
15255.0
15847.0
16757.0
16607.0
15983.0
14814.0
16287.0
15249.0
16614.0
16771.0
15843.0
16128.0
15695.0
16446.0
15839.0
14965.0
16457.0
15395.0
15842.0
