14664.0
16756.0
16600.0
15095.0
17390.0
16291.0
14521.0
15388.0
16755.0
15835.0
14662.0
16914.0
17550.0
16756.0
16138.0
15834.0
15388.0
16139.0
14662.0
16444.0
15535.0
16444.0
16600.0
15835.0
15388.0
15096.0
17072.0
15094.0
16138.0
15535.0
15685.0
15986.0
15834.0
16138.0
15685.0
15241.0
16913.0
16444.0
16756.0
15536.0
17071.0
16756.0
17390.0
16912.0
17071.0
15834.0
15242.0
16137.0
16291.0
16291.0
14949.0
15241.0
16137.0
16600.0
15986.0
16913.0
16445.0
16445.0
15835.0
15388.0
14950.0
16756.0
15835.0
16445.0
15240.0
16912.0
17877.0
17070.0
18040.0
16756.0
15986.0
15986.0
15536.0
16445.0
17070.0
16137.0
14805.0
16290.0
15684.0
16599.0
16138.0
16137.0
16138.0
15986.0
15835.0
16291.0
15536.0
16913.0
15985.0
15835.0
16599.0
14805.0
16445.0
16914.0
15685.0
18040.0
16913.0
15537.0
16292.0
15240.0
16290.0
15835.0
16290.0
16291.0
16139.0
15535.0
15536.0
16913.0
14806.0
15685.0
16913.0
15834.0
15986.0
16137.0
15536.0
16138.0
16138.0
17552.0
16599.0
15985.0
16137.0
16757.0
16600.0
15241.0
16138.0
15387.0
16291.0
15987.0
16446.0
17071.0
15686.0
16755.0
15095.0
16445.0
17390.0
15684.0
16445.0
15536.0
14950.0
16600.0
15987.0
16913.0
16291.0
16445.0
16138.0
16137.0
17391.0
16137.0
15685.0
15834.0
16138.0
15986.0
16601.0
16139.0
16913.0
16600.0
16600.0
16290.0
16600.0
15388.0
17071.0
16138.0
16138.0
15096.0
16445.0
16138.0
16913.0
15985.0
15985.0
16600.0
16754.0
15835.0
15686.0
16913.0
17550.0
15835.0
16600.0
15986.0
17390.0
16291.0
15835.0
15241.0
15834.0
16756.0
16600.0
15987.0
14807.0
16291.0
15242.0
16600.0
16756.0
15835.0
16137.0
15685.0
16446.0
15835.0
14950.0
16445.0
15387.0
15834.0
