15094.0
14869.0
14471.0
13194.0
14656.0
15188.0
14110.0
13338.0
13798.0
14021.0
13670.0
15351.0
13935.0
13791.0
13209.0
14569.0
14965.0
14366.0
15044.0
14964.0
14810.0
15929.0
14015.0
14827.0
14568.0
15223.0
15308.0
14140.0
13347.0
14716.0
14676.0
14153.0
14550.0
14841.0
13679.0
14343.0
14882.0
13345.0
14104.0
14354.0
14601.0
14151.0
14592.0
14391.0
13996.0
14012.0
14979.0
14246.0
14270.0
14498.0
14098.0
14361.0
15178.0
15424.0
14582.0
13987.0
14131.0
14512.0
14450.0
13901.0
14746.0
14593.0
15250.0
14355.0
14061.0
14375.0
14586.0
14460.0
14585.0
14495.0
14107.0
15057.0
15078.0
13788.0
14138.0
14379.0
12976.0
13467.0
15424.0
13092.0
14121.0
13574.0
14960.0
14370.0
14147.0
13571.0
14275.0
14410.0
14123.0
15103.0
14262.0
14846.0
15039.0
14696.0
15230.0
13889.0
13903.0
13328.0
15346.0
14277.0
14836.0
14592.0
14220.0
14707.0
15094.0
13988.0
14475.0
14836.0
14684.0
15100.0
14459.0
15732.0
14968.0
14709.0
14945.0
14708.0
14499.0
14404.0
13426.0
14832.0
14256.0
15337.0
13778.0
13432.0
14134.0
15083.0
14016.0
15482.0
14791.0
14985.0
15844.0
13995.0
14364.0
14932.0
14812.0
14032.0
14464.0
14112.0
15125.0
14498.0
14000.0
13343.0
13918.0
15195.0
14710.0
14741.0
14552.0
15054.0
14008.0
13900.0
15334.0
14857.0
13443.0
14047.0
14961.0
14501.0
14144.0
15422.0
14144.0
13652.0
13978.0
13696.0
14231.0
14447.0
14710.0
14528.0
13459.0
14620.0
14252.0
14821.0
14016.0
13721.0
15085.0
14029.0
14362.0
14246.0
14600.0
14006.0
14021.0
14099.0
14253.0
14488.0
15195.0
15303.0
13773.0
14140.0
14237.0
14006.0
14594.0
15208.0
14638.0
14261.0
13763.0
14121.0
14602.0
14947.0
14370.0
13775.0
14378.0
14522.0
