18725.0
18290.0
18005.0
16512.0
18005.0
18579.0
17585.0
16772.0
17039.0
17447.0
17175.0
19021.0
17447.0
17449.0
17039.0
18005.0
18437.0
17864.0
18290.0
18290.0
18292.0
19320.0
17448.0
18290.0
18147.0
18873.0
18580.0
17447.0
16772.0
18290.0
18147.0
17447.0
17864.0
18148.0
17312.0
17448.0
18579.0
16381.0
17449.0
17864.0
18006.0
17724.0
18005.0
18290.0
17311.0
17864.0
18437.0
17585.0
17724.0
17864.0
17724.0
17724.0
18435.0
18725.0
18006.0
17447.0
17311.0
18005.0
17864.0
17174.0
18579.0
17724.0
18872.0
17724.0
18147.0
18006.0
18005.0
18005.0
18005.0
17724.0
17585.0
18580.0
18291.0
17311.0
17585.0
17866.0
16126.0
16775.0
18726.0
16382.0
17587.0
17310.0
18291.0
17864.0
17447.0
16775.0
17724.0
18290.0
17449.0
18725.0
17448.0
18436.0
18579.0
18290.0
18872.0
17175.0
17585.0
16776.0
18872.0
17864.0
18435.0
18005.0
17310.0
17864.0
18579.0
17447.0
18005.0
18435.0
18292.0
18872.0
17865.0
19470.0
18579.0
18292.0
18580.0
17865.0
17864.0
18290.0
16642.0
18434.0
17585.0
19020.0
17039.0
16379.0
17724.0
18579.0
17174.0
19020.0
18291.0
18579.0
19470.0
17448.0
17864.0
18147.0
18435.0
17447.0
18292.0
17585.0
18725.0
18005.0
17310.0
16772.0
17174.0
18725.0
18147.0
18290.0
18434.0
18290.0
17447.0
17313.0
19022.0
18434.0
16772.0
17447.0
18579.0
17864.0
17585.0
18725.0
17448.0
17039.0
17040.0
16909.0
17724.0
18005.0
18147.0
18290.0
17585.0
18148.0
17313.0
18290.0
17310.0
17447.0
18579.0
17448.0
17864.0
17585.0
18147.0
17310.0
17312.0
17587.0
17587.0
17864.0
18725.0
18725.0
17040.0
17586.0
17585.0
17447.0
17864.0
18726.0
18579.0
17724.0
17585.0
17174.0
18005.0
18292.0
17864.0
17041.0
17864.0
18725.0
