8.631486204700906,656.0227397823858
20.065391378148018,83.14178457348766
23.351409749203313,70.40541341181859
4.758088819841248,729.3526482829421
5.26868111611833,1483.7679524821451
23.97754509105107,201.0169165738345
10.307975141941926,121.20885198846308
31.13624872809622,347.37352628300846
10.246376634779967,503.2380195407318
14.099212439948332,230.553495521885
22.04565085330232,518.2239437060568
193.47850671759014,1688.825059371639
-13.292088338842415,798.3566694343122
137.38335416888498,492.06655397815325
9.26891858235362,584.9954946640498
2.4336755360184235,169.70129839782567
162.4608967292735,1231.6752650753078
32.48391901208924,301.75825299279364
1.871076078605995,202.15258099424483
51.32629340512932,184.74647762461154
22.901352688426414,391.89120805755874
13.925645729179468,621.1895173651722
180.03536174808409,1340.723868933814
-21.91187563053188,703.1387066554175
17.73743431661316,59.26482967602928
32.90581465588431,245.91901231156262
151.17727552018556,1194.4975450862826
27.129954297794068,402.91139643488174
69.07927425522735,1427.5797243271838
38.17644140393648,118.78034088214949
9.807836597344817,268.93216480960456
5.144085806671164,581.9763550789546
32.5513082926164,252.74220414166268
-74.3767201963482,1049.0016944572885
184.33316032308852,1495.101565681547
2.6447346114077277,558.7366564558926
13.64939688840417,595.6689311523041
6.179459897822028,395.8442546774826
42.451497089149484,285.6166930788421
194.73329165242103,1929.5255340865672
6.985778560025324,652.3487297303386
148.25128632668557,303.00018343016706
2.7674254768608506,233.5630447584055
44.39583827005163,273.8263991002631
62.63579851026531,1586.3666455573232
3.7863440464250573,214.49597918206507
31.53350690456346,109.22821896648539
96.42250662288333,1661.5010857422988
48.55933142464073,109.67228320099575
24.395245895534586,508.7927473848206
8.087220473058508,216.70020320732718
23.99156570465081,484.7669472273423
24.70730104379847,402.79985619750516
184.99155369057763,1583.194607387559
0.520128677784987,46.31365727962071
77.56065601701467,1624.7805267845038
25.96529125502289,289.32657626487025
10.530023116191487,58.066608825982655
42.042961702306926,155.97284049037967
0.5650598648674023,603.7806180188454
-9.233125977284942,856.4558967619516
161.97334082879615,1537.896449821721
26.0034944100207,403.48257558997324
103.00422628249608,773.425370662522
27.453531779685505,390.3052856224942
134.73562268297835,1106.0687909412395
102.54024718951948,666.1219555173875
42.447754501279206,281.79500280532795
16.561487332286568,521.3344921060424
109.21333792120691,277.5770013092913
34.32623890882971,1467.3510708211147
17.94044004299939,1511.6763592287132
35.527404612634044,203.93149504560387
50.80410075884151,192.49831538528628
28.716184494523944,311.9119912820039
35.74768846704731,92.86835459476441
16.624148518444912,67.62060133047018
5.873258874712732,651.9573565269989
10.25299813518227,57.88380240361329
50.3127048116192,200.93521661091387
25.556022446820872,210.2587292496121
168.5578961874275,520.6420651017497
43.882239883633076,293.197281047329
55.146836433726826,124.68155203689795
22.058016147137426,86.40801558340456
13.032175750720388,624.8440544164654
2.8687003077264137,176.73318297144505
151.91774120431387,1736.6617280916787
23.696471266613287,1430.6335755002094
37.99430572724367,321.214286430278
143.92167685344208,251.3158897351998
18.68400909503268,264.4217841211231
55.02891081842037,164.94976179002444
1.5444068919358145,72.64429008937066
41.33643775325723,969.6520626256735
1.8898697587828792,83.01955028050716
2.2756977822525455,306.21475671257565
44.30978571950368,118.29046306664509
16.92883639035608,491.60645906758043
106.39734190768442,1646.554666978381
24.850240298886533,451.7594710765683
24.833558274313525,256.68955282001815
0.9562357604346801,476.0749179758417
52.767991718941715,181.91506448727822
133.5635395783209,1270.6469703634416
-51.725618239607556,952.4872100956782
13.163897484346563,101.23815263916686
12.504654393617937,179.94849699966517
33.29599447650013,315.3481172859538
1.2927618252022057,591.661832099348
12.535960454745492,401.3715145613702
8.909556964940123,80.30851089539505
22.209378359087324,584.6572880478041
36.976902948453784,319.74744067009794
18.637995836722894,285.5532912793762
5.977213272111413,398.61531915378754
48.05243725649012,168.2886511607554
127.83702118659534,855.0461010856772
9.13939307963983,49.926890799526504
19.315017165979242,257.8076729466478
16.28573155274492,69.99548375610078
114.3921234035855,636.6898410309775
30.612977521780266,333.0741613804639
3.7767669052797785,346.9207081325369
177.82722895209812,463.8569429485149
3.240220644056464,572.543171889322
80.56773014754549,619.2863438468067
130.57756678693482,1390.7129116049819
50.71129764108545,1713.7207722779033
6.201321345157339,49.32743893037377
184.8508946179359,1406.5385955728398
42.34609834196556,703.8958510109773
26.665079469146473,1866.873628840827
139.17971283870205,740.7169229448973
1.0756033568388688,142.49448401490386
113.81420534044116,1466.5005873931468
53.02398092216566,130.04034680607185
42.543327342962556,911.641804488779
41.123456713846934,184.26010096290645
147.53604078892698,1522.8624490114391
150.8581116809824,304.5883484193616
0.9319347020696185,272.9970007308169
5.219998978223515,629.5194581818964
9.600705380262355,258.0190659408899
1.8123879966385346,451.3456287445466
2.092126884860761,57.33888188271004
18.496633248896806,63.17491644077654
20.75463173075096,204.3633380319393
18.395641974195428,242.26967316446442
2.2849804761914356,513.4988331140587
7.297121331115817,651.4209306851178
107.25134170764865,1004.3131777861652
74.55079054611971,993.6147429967144
10.547237935668818,1367.2881127634648
16.894218185774434,82.2077173878858
3.3204829681898502,361.90377102100905
135.13517768742145,828.8902223019766
18.041217483962157,228.5643608180493
11.559586687344066,299.90574224038517
20.514822928381804,410.7590433291328
21.5880459931118,206.54511666051692
5.673902337860659,577.606259952024
24.23425147093515,495.21826136478603
21.988222173618848,443.2657478771413
13.749623907407635,423.07356851460094
1.1700714186400187,322.56512436002765
81.88305302912352,962.1260888631822
4.5562184618036525,199.1309262516063
1.4089613557141547,261.8134373193128
0.6949073838634945,596.273801709386
20.185047232036112,323.9773769764638
190.72718881845879,794.6162202363844
12.593011239593096,352.4667819941277
17.758491802598073,513.5227580721812
10.032881617086204,435.3743161861414
1.1206280369819694,368.74838120915683
143.1642913141216,501.64228306143434
7.218068178310844,680.7481485114911
22.660952438328337,452.6153844217254
39.00276413474889,1140.0692763976872
33.201528821869886,399.80938854174633
-117.854460322085,1882.3658773265795
5.499642324795552,643.9544612143189
44.97106076350556,185.87644711351066
4.905779956646043,709.0645668240013
-16.972066816335307,282.37206457951044
13.88089306744022,64.66269649078782
-0.16829354015652598,46.538100693260674
38.05902231008206,299.1663252652038
37.851269113872824,257.45933015978875
-80.83437743208091,1368.5838473579554
30.776719945608377,396.8504847471827
2.911666040709207,313.3745951516225
22.904690653866595,432.44392050094655
-0.16886969065905078,65.0096695888449
2.321529503005195,63.74802384866186
46.262536395178415,152.48319890884937
16.78742326565029,468.2519544197587
40.31589627823858,289.2734064915592
16.07977250873757,622.2628773666094
