11.031645084655523,-82.55877952793824,7.495591050117156,-92.28399084245997,89.76122724185839,7.972708398446123
-20.133771027890035,-0.253304686185281,-7.0544958378145,-72.6707074251027,69.48594211908748,8.864129211139257
-41.67166479790706,-24.68643081618295,28.66341767014083,-61.93152166642089,47.597722336904546,6.77243744732463
19.923969927354275,-57.81797767651678,39.23424857055615,-6.654331874490339,-83.3512106193657,9.026121116146104
92.367452654781,-57.427851250768065,-86.9120240613713,-55.20764638627253,75.00160062859706,5.335940980651117
59.36868506129598,-28.556989933965227,-38.33646460909683,-48.652141823857896,20.999708404422435,3.2878989453477345
90.25208960329655,-19.701859905660612,-84.77827056848687,-19.031475297405645,54.343427229534186,8.479787344920261
87.59842558282384,-85.99462620021721,14.783706280110056,-43.28075602931371,45.24593348209814,6.3603804717493855
95.87887894763531,6.237551053794732,23.861199766600237,-30.080805611182768,4.547107766707782,6.8928953937292725
-10.874781808252735,-77.49091252297535,-13.170798941628277,-95.99132246198077,61.07817506733218,9.074691948134696
22.599557466637684,-9.14249245573589,-75.45653091365406,-65.29839093293238,99.6926155784682,9.891065721070877
37.383322998357585,-3.772295801087523,-29.99144361684425,-98.45307639824576,35.45746124403382,7.339821825891694
60.6236519414301,-7.691769161531354,-92.96401646777711,-93.16993292051653,99.8597867372011,4.922271680397751
-12.506935119106748,-27.562138326423202,-22.10426326183876,-88.77414451009489,91.3688820790863,7.0447781909732825
37.19237326593954,-65.68759135056648,-9.747693319600348,-36.960106647242384,65.2001765713413,9.329454131998926
-11.155333077167157,-58.96713312680199,-56.26693292264176,-37.14987709065458,51.178147763632836,9.85837687355517
-24.721404728626972,-61.470110726200495,-35.631103071460174,-35.08733285975383,-69.34742591885251,3.1244295250992105
-18.728743561530734,-76.5708457378469,-70.62109378900095,-24.934916860045107,73.49202964470675,6.749134115632149
94.92900764010102,-85.95463969548308,14.544234084785394,-47.592369616097635,92.94304708955215,8.037983315875913
7.5960490492315955,-53.67802984481813,-30.85913503897808,-33.050962896986434,74.04299671605324,5.439923141687409
-17.694668890158404,-19.391352655840194,20.525191573528744,0.5955028683342931,-57.07416448141584,3.6006396416869513
58.005171797743465,-12.392205165900121,-50.63799959656887,-96.29429929397035,-66.42759967066974,2.826644085189006
-16.687101536436558,-1.3162926671198605,-48.42045957966446,-21.89430141278585,66.49302859845295,8.900622816156021
69.58320293574451,-93.6452822842473,11.589832722526225,-9.442864794688006,24.283099966015968,9.521390360128649
50.81040878310571,-63.58006112360568,-74.1603773331758,-14.018349244286952,76.56888301800663,8.389390727646624
-8.224626021091183,-44.29064075709957,54.03511474200902,-70.18837209846826,15.67651009212073,9.932837666729826
95.82809775519937,-72.96048266587256,46.883926617476526,-95.11478082205929,34.43084840445255,7.706226515553709
-22.43837365088544,-40.445680549492806,-14.477208068719293,-44.28780409762865,54.51635673961959,4.856869200863172
-4.472965051769634,-7.519628517766833,21.167669097964293,-2.809019472935134,-13.89039774133677,4.583330273822298
-57.85999199277106,-81.96330099473688,42.70807491990959,-37.931420747801056,-94.79861496886497,7.257237373577649
11.53733121943283,-65.14701899424017,-43.06777569862041,-29.161420126863803,52.82881997260766,7.131046185805641
-42.23950842227578,-66.38500076614234,48.79897769963061,-62.5383111986468,52.29268570167549,7.772221670096628
26.624811999210863,-83.03605458438034,31.323041401259246,0.006172477308780344,42.790330710346495,6.541475065483805
-46.39254058725632,-24.274326205094667,42.94134841272033,-31.50540578054749,15.74508672438877,8.876541115583304
44.419876962794774,-25.785430401606902,-57.62891166798191,-57.69653872404483,85.14162123071378,8.936666746400459
60.16264891034621,-38.18189492615396,-6.514096306806984,-42.58526490964808,83.19497091261002,4.7468740607280875
39.07416293290467,-14.167665170632176,-3.6930634145886074,-69.92489351730796,20.97482088643561,6.008247967111771
5.952403453607218,-39.21147888293747,-23.990174362228558,-17.913609436157188,-81.13824396283468,2.9910259353592075
30.01578748610575,-49.07088556561251,38.82068237162692,-41.99614618211928,70.49904417221235,8.262047901476647
-5.125931348844384,-58.1316866228658,11.659009546172431,-69.45942162539254,45.60632850159415,3.7116503075464324
-15.608085343547366,-21.4587346051468,-36.26935261293542,-17.52243069439715,31.447666104371052,4.586847306209096
79.40442023573496,-35.59304898311986,6.462429316173086,-69.60604987006664,80.6550682613166,3.718945253335189
68.37444043693526,-96.38534006454921,7.333135593401494,-97.10024558503902,86.86687821308752,9.654253609977289
4.942971275007622,-63.52103810938554,-44.07938699271655,-44.6837459713808,-59.80035290299372,9.425057791267877
-28.663602620903916,-27.606134261479042,5.519223552616609,-84.1339969546699,94.73353508001068,9.992801632525907
88.8896776150713,1.0975622725317464,-57.91940376649782,-24.01758258473506,56.87960371232367,2.049942394612619
76.62522618130802,-6.758788116404858,30.63385799714345,-58.36833618781664,18.77539925040722,5.772905440318667
-41.65590255678304,-77.27001526221139,-28.376402090380992,-71.84876326907923,46.010356343658714,9.78249066307848
48.07134703266402,-4.745505328814147,-67.20610399443737,-11.559831871657423,65.97361247486427,5.980486664376436
10.238934709105067,-76.53185681949971,-23.727690702621544,-78.16654753046092,98.8751338210015,6.584211272038413
34.0606491912028,-2.6371943975468355,-18.291023456094898,-71.210864784523,19.85007388017295,1.982449649205936
48.299055675322904,-9.652882143449787,-74.97784582338957,-19.7536129169212,-0.8509903824224665,5.2134130579308025
94.56827493614071,-10.776989811251184,-47.478255123892296,-48.27529385151122,61.725278519905714,7.65949371896993
-36.204811194645174,-48.69154174975424,-54.43047489403369,-52.46660315201758,97.6547795136646,9.10777921333393
10.939077461770488,-54.60068758378635,-92.38525764107814,-20.700591112569782,-71.2735023334314,4.853013122165255
73.89041086186151,-44.94338810371552,29.71410024568948,-25.81559085186771,-43.284607541759996,5.279798143670925
34.71608223661818,-16.797540790381433,10.488467669691993,-51.50221080683396,18.278640351445347,3.0084179885067703
30.22876708742109,-10.716240614110376,-38.25931788692485,-15.036457810213633,17.321061384058154,2.1546462443795207
71.96920554438364,-98.19980321371655,32.23501806114726,-69.06369205842356,79.72447009743976,7.355836670831742
18.759983084625475,-78.89998812134789,-34.07872704012337,-35.83475959210655,82.30585324303571,8.13474220292892
50.76162154152176,-22.926445576920344,-52.13824273684464,-83.25134854885354,49.709139609510636,4.485205096544031
-36.14561716064022,-78.90940062644069,-4.831564932910638,0.9787853705408054,43.04518708995141,9.598792921891647
-6.354441699089236,-64.61062224476233,-21.268299086526326,-16.888800105064725,39.044685426744884,7.504939871256143
37.821457703356884,-6.087140639988263,-66.61874504271383,-70.68874958166775,80.11468427273675,9.182102576962752
29.816946814169995,-85.34357638286708,3.1988523192143816,-66.9659043030729,50.453648607503325,6.708021906258288
44.54346725159451,-50.049978778192795,-0.10727903116023185,-87.57966456166336,57.181716432963356,4.725964221885347
8.474733088320267,-62.339253151487995,27.29966699209588,-85.3684975321688,47.32737030122743,9.936299362476756
87.6153636639232,-22.27094630183636,-71.0942450787957,-5.58301242786127,72.0326288104547,7.9974047672663495
98.18716152516572,-47.27535339792901,-79.01186099446866,-37.59328442675684,72.28959658173771,6.0803120041270855
48.94355224247141,-68.64994546649781,25.825678099151887,-71.58231645143857,19.13551167825341,5.198197122156177
35.34481617763623,-25.251361312976982,-42.38781098113517,-60.44268912209077,78.06490378667311,6.893428130155144
9.539221928909768,2.723871914924798,-3.6396816437500696,-90.69954116841252,61.782953402949055,5.234049315336506
41.83838422831756,-55.07119697165652,35.82458952517163,0.16867111126518353,-89.21498396381111,9.044553130949895
55.60784838957801,-39.30164131069441,-22.704173889218538,-3.84322595691647,90.53047366076612,7.206238401315677
32.45752854882721,-86.41207026655303,41.33402736338164,-21.082174759403628,-23.178113607280977,6.820912376413133
7.379192958413327,-48.57256537452441,24.459287422955008,-77.28586888460335,-18.208907807347884,2.860689038290012
28.80995021216691,-6.815479436167863,39.69675348803245,-60.15613425251284,-10.963539672877005,7.310192550560554
11.76519985492476,-57.778668882737534,17.980107120152923,-3.884113991108194,59.81394091343529,8.10248585357051
23.257902244498112,0.7240056905849279,44.18421965978187,-8.28130078864488,83.38239372983446,8.660821560144651
-41.891842039868195,-44.19539752612945,-58.96807821859909,-62.927465244849415,66.12316355130258,6.140627771380821
-44.983912902421935,-62.25669180898194,37.00652124626487,-9.422507592521242,29.582563304504248,8.728213672713311
-59.80042383423329,-66.22235169403362,26.93588251613673,-18.415522025248862,83.80097827833512,9.215131051627889
93.22101779423448,-22.007820867840273,-25.85373110836545,-6.107141490729845,55.05644363950257,5.221813335779589
68.40245388244958,-8.516257892440066,16.107176840878424,-96.48906419735107,52.48655289455806,8.79049593847547
99.40308470286838,-8.851137329047887,4.9266780862972865,-13.89484643386038,76.83961183930765,5.927482096184695
65.2189126212701,-73.43841004247726,36.764230547220635,-74.32221418580349,-6.180194267184618,9.22964066535198
7.555347450107178,-55.51015062012466,-27.981694626108396,-93.62810122104766,58.30392563365443,8.28098125554283
88.50526687594547,-31.15966758126862,42.24499942718704,-64.13180830616263,-53.74510326465096,9.532193846677425
79.32905197524994,-41.44491055200229,-97.70418685967465,-71.79138175923833,95.91329897676948,5.493052260570103
49.02436956694032,-33.312844228422534,-59.37808992350872,-52.84935464106103,64.71964399716475,3.50356348714754
64.67868442954929,-76.83532551926989,33.84322371593417,-57.62136952606055,-54.013149762472565,5.40014728505741
80.44533693260504,-80.8522814434751,-14.461647691105934,-16.58464723967466,20.794319661577724,6.670072825366925
36.61017146070702,-72.72348045707659,20.32656613161552,-96.36251703612179,-75.08325455678468,5.069828681139336
12.911957077921699,-88.66218339118615,-90.24319743132463,-1.7521891277269361,93.3757176650218,9.486121720279161
9.699356833224684,-46.54909954730136,-1.8599984230592668,-81.69774182524588,57.19430163795337,9.548060381011318
-8.304194987614409,-43.74482807871067,-8.159449103055792,0.7376560374507335,69.38574556825532,6.367659735765983
84.49039399325727,-13.742315630314692,-67.26504467692001,-21.914369081428433,-33.40626097520489,4.629638565800258
-5.5008798115446,-36.211465660721814,38.344191820776715,-77.40732596191873,-17.606433867720504,9.315638705273251
3.779172618190117,-89.23795664874467,26.953906742955873,-4.893724327965096,-63.28048505114852,6.910977376142153
-46.55921391394577,-28.349207188353553,-44.41009497816205,-48.980123457747546,45.86939989421959,7.976425882540766
