83.24530271003815,-71.06851911494914,95.76981115252732,-65.09020744664672,60.362288095004004
87.38842817127775,48.411353282800086,72.85052892764334,-96.31407322470247,56.80488934015352
66.61236445344824,-95.95642355485259,98.71956373120933,-2.4456628288338607,16.422203401949417
39.07656662853668,-4.010746801953275,28.0227008888902,83.34848268686855,4.530329013287428
39.37885332897568,84.2983689932241,98.60569863972952,-20.369755748425135,5.762392297053296
28.112178553542357,-55.01208097581828,97.09313571796983,-73.70052913294074,21.927035613162296
94.25208960329655,99.3859463806647,70.34134901245096,6.4479922528373805,18.976633023072772
89.05233937356306,95.24787732137129,96.94414093147557,-3.594875619171482,14.217273200211451
25.001466544673036,64.5218025916204,67.10200174468542,-2.8586295815100726,6.405816508965216
38.614715550491425,-57.22686043254758,19.77875598856108,65.70682350769167,5.135805101143596
63.714766002551414,4.817713792095333,-5.502479926183952,92.24917784886205,4.954763178110653
80.7263502594804,14.53780503161012,53.47252329985349,-46.00956621393044,64.54378072393709
17.920465758130348,46.073959644428264,19.148055021984135,5.044944542107299,6.402264175090053
-19.796151205626575,-14.208526910861174,94.41333166353326,-22.799837096162705,11.47237214596576
30.601537000996757,25.45438359182735,56.71714773663891,18.390307143493004,7.707259674367947
18.356177175791487,47.02074951483917,75.60208441060958,33.2152782532777,11.142805958071964
39.428440987272836,-50.86277671828375,71.10281112629013,-26.026346407115938,33.2460034083349
50.48208209950715,-99.688643613735,16.039036977688003,82.76349607053754,7.392136016009193
42.85813950029765,-27.22188790941017,55.03516050329378,-37.74710022946773,11.474600068089373
14.867293418081843,8.545562767107938,93.15558702292682,79.38100205013112,13.393934671284555
61.68069589225877,26.192407416987052,82.14705035896557,-53.58662451194941,27.12076617053117
73.16621097953961,51.35185309731423,6.310625343770276,93.0301290624455,10.525629782966956
63.31994516706915,28.442411972626218,89.16781649385656,-40.072716445502415,47.939228366350406
98.54081976331594,38.38200635111875,41.995320083172544,31.09942019210277,13.252552656444337
70.19578509993389,-13.415627577363214,98.21799184643771,64.34207863695588,73.48330624601871
22.13429587852557,-42.87971805816165,39.404031777637755,33.81443645030139,4.899081819017347
96.46948879135687,-82.7894310273894,29.505511330086897,96.1112994019727,10.175854347908192
37.30811295514091,-6.300582533150532,79.36446012300186,72.85285150203532,17.94064773359176
79.99253111435488,35.139848967317675,79.07602276710273,51.430400829966544,7.193068393079855
83.87892579924235,-75.61202748475745,14.333222553499425,98.07999633799,7.123056370968911
73.35704577384678,-26.112771618141593,74.36500938193728,93.97621195691858,9.452701218047494
56.21287090500056,85.8679723057055,89.40882553961819,49.4687636922593,11.887691192080126
59.20309446179678,95.39397115073348,96.75257209915227,48.12082635001141,4.890612241586666
62.385996134896374,5.949454378917707,69.2726932180201,12.778727516473936,9.089005171149338
47.20466772244768,62.98244178207968,44.034002646386774,-2.159660557774842,31.902580147613033
89.1384839250976,-68.20634610488904,87.31545842420024,-5.535657731672529,17.74970036491151
78.38144610972665,16.056084696584165,51.709130059413674,-43.21784490930504,34.86952760569928
93.44716760574593,29.517791187619224,63.14441871561911,95.9996050880988,9.135961197439173
29.531296389215413,31.446258179100823,23.16248141296606,9.699095041214221,6.535295110649628
84.84684019812478,-53.52973538730003,39.322330821452624,39.74198249899439,50.4374207865083
67.0416166316069,12.548116135772915,81.33773883970662,10.719222792636884,8.660978624094355
22.06886980176452,62.24946111071249,33.99485121301268,18.119476558224903,4.630442251190061
59.25444046903476,76.31290371597109,60.301958343015286,-69.12394078965443,51.89544302097403
55.86925198825581,28.173853552804104,76.4606015754951,41.54397054508664,34.59077886772161
46.56321349808212,-26.12024766350166,39.536695147877964,35.900052520051545,6.1610402104678315
81.48954636825675,53.90563473337807,88.39188604013054,93.26722801367958,28.906422472883147
9.623187616465536,25.34502482598907,99.78855594461618,16.64687314176656,41.22426776294488
62.53320950459637,-32.430264996141304,67.95793717024168,-53.67655392866083,41.86465506497413
67.00202886643041,19.87391047176254,51.24158030562997,-43.45558448620879,43.49394177378052
81.72522199684681,85.37979602839525,74.39432666293342,-50.600884331672766,7.689536660456767
-41.81022104024154,75.31454353762862,94.60121077586992,17.132353234139202,19.521449695546366
87.04209557085262,-13.516604341266905,55.82748737530012,44.7762327911507,18.339385874564307
89.13608292223543,62.92003411970802,97.10912880514698,10.002734998478502,44.353865087505085
77.47752270239359,-66.83505278370106,81.76319677884959,59.81454924203443,63.227126177412714
34.675059374494666,93.30398570786237,-8.784965454442712,78.47045978465283,3.249391329136884
90.7558898040975,-8.542809372003447,78.98841448594482,71.29553898807148,13.729716348437137
-14.690712181990378,-71.72144687025911,94.3905782750316,22.458334668849943,7.087301718611329
76.80660548810734,59.519351777108966,99.99320482456064,-95.2206321309931,50.11847621902258
63.086171480469005,-1.6922824342226335,29.988767850120837,8.788765165241657,15.69890030254308
-3.565564290211414,43.19678497800906,77.86045215697672,-51.49896625817175,25.06222064645118
65.78540182186853,29.341085176471406,84.90101242068594,39.12875392473362,21.62770389273578
30.184570500379618,31.739839684196053,25.31088448167875,80.6215298728884,10.66036524610754
9.93690913625717,-74.81457255693302,73.61414296309542,-27.945112010148343,10.157993743965243
77.55356514779879,-23.93917506849904,33.017404746020716,36.39916881239451,35.68866742031216
76.3031136965648,-64.68367885334416,20.32631080346509,90.68560157380895,35.23477623688473
81.07201910496569,20.268099410540877,23.528331750945455,63.20997138282448,11.20336442555157
89.23737302630698,-60.528049836101744,43.99043561876604,27.703378242044465,13.134810181994666
-60.47014550309356,-37.9000916528791,92.85424369246584,94.5402573215897,16.15845953510771
79.48096499272705,-39.22095361496496,54.72711942189284,74.0278190641034,5.401450691617427
26.83215761686496,-38.08716681186885,75.50405310101212,2.2767084657437024,6.37313769364625
82.91979575911365,-41.16844237037614,87.40096175040954,21.468435622724723,11.841428232347177
99.12110514335016,6.458427367036556,43.166943874890094,-4.279578988360768,14.036675098324414
59.61303037713405,11.603311634395084,79.05184442007737,73.4692165361792,41.17797814719134
86.17924832530109,20.80533300194712,5.543308903156969,80.44624885143779,16.017914033750213
77.4779074347242,1.8247183216886924,9.897392494439398,36.0206321702483,1.7893724028708746
-4.3403452158127465,96.821872124601,86.50605449314989,45.46781026875698,13.327813988816782
31.094753924379276,-84.43567817254419,64.3029845092126,-34.81984519467313,15.484143773712809
33.84700423281785,-87.14600692708498,65.87412148305617,58.17385484552727,4.486507734779849
95.42762524742884,-95.70323989960228,63.01146907827578,-14.677324887532777,23.406834466044785
28.723987555893302,95.65738191649497,67.58041580663357,-27.591525500008046,41.986922591948826
40.064871686629374,13.37979442051983,25.63343468306971,75.3904335357509,21.409776356316826
39.70498697192147,45.200740698620166,92.62885522375524,22.87407652864856,90.98575834343319
78.22697264751045,-45.38592893536572,92.53606095261483,3.2423613458748406,12.268990768265141
93.71820158538773,-20.29696207688059,-1.536829319542548,93.95113575868841,7.444459582272167
27.967549927686036,70.06058134865171,69.63058199235013,33.144657700686224,12.502173168116045
25.77330307967938,41.93678483471743,70.38312478717432,-4.788627948257883,16.927066333411517
86.80731568810532,-12.588638519776211,55.63925224384761,-13.867747333142034,12.61068826991879
-25.994717632399116,83.52455849137087,79.0925613408312,37.8041081925297,9.206887283973337
28.63497577031454,-2.312706501376084,65.35897724997616,94.19911922432905,16.221933458988154
-2.4534566823043207,5.4455419902679125,32.81681683005306,46.769100014366245,4.025152645104697
25.374450273819733,-43.522900788932596,95.30288344102775,88.04738873249615,22.169612873085526
21.622418233353514,-29.261551254224855,43.9624153776158,-86.64207038585667,25.74420972295573
39.52971829832048,-71.88399387829045,84.2621823250506,-9.720311172824513,23.975335440911397
75.15843593495117,-71.77632310227438,53.97688010503157,-92.5135295745854,49.39640219745406
29.928128730425712,59.15466438882942,55.270567186546984,10.810738898247838,12.99126722006682
20.803554065587207,-28.148947991558376,80.85145790005521,-4.254612317431111,29.975883285580103
70.17104454081763,99.02972086115714,87.54605985382753,-9.27898918936866,21.200457739121212
-25.27205725465916,-26.897898090926162,61.55506909137199,16.069011756289598,14.809161789287089
62.463436662787416,37.8393242409156,95.81033424792511,-32.91574157581016,6.7100956013374855
75.88915146128542,40.939823887512176,96.68809381710665,39.29887151685588,12.568702712243944
