199.45404615157918,1988.9841383889457
41.668395173849405,1168.3816781134278
37.839908395212376,22.954215138771332
41.47109120266754,445.61665392386215
34.45618777231242,927.3166861050015
28.431554963919098,649.1663113764615
34.71058862760802,284.2509145196792
199.9049069415215,783.8141770217669
198.0051932451695,1221.2856819796589
28.044079699110142,285.41254684569344
197.34466394862545,1051.842922961765
42.329353584436504,20.906760928743893
199.97002504407797,1010.3090632056347
40.234188532254194,1804.2099007638699
36.355247446314024,1725.345041441209
199.72496976553617,1815.6567422300845
197.98527290618765,1355.7523144507059
35.871216806419255,463.12411230798375
30.618091689883443,1563.3112866341598
199.53671632946933,1616.152079808321
38.73294787914324,815.4859354343696
32.24069905714448,1564.7008068905172
32.09149703896432,171.43048343662042
33.02115227547481,271.42362772696674
199.0096361400167,17.794018459315225
197.3986031828386,1735.942084864827
42.756324064932606,1546.613967832379
199.34106208320776,520.4912736663902
197.31509771575458,288.28000832209824
198.54446760749067,731.8992862719196
41.64785957144432,844.030056442773
35.02946453676364,567.5686361337055
42.73295541189617,785.8209334661849
38.43306005936773,921.3990829513981
42.38890001581498,1881.9578517032837
199.45041328172718,1442.175586333839
42.09142012275639,1856.6151746633604
33.73167303695035,1593.3856300949421
37.20942953045608,454.19208197591706
197.64369096978518,1641.210219557694
199.7225236886181,1538.9561699882788
42.048854118877244,915.7798721570367
39.313321706435744,839.2662188695583
199.92025830126923,1300.2849677517677
197.49528113191153,162.9468900294445
198.31334818047398,855.7348293836395
36.95563467225472,891.3287283995045
197.72149664842658,1506.75697413619
198.8941328920853,1400.8807531901812
199.38418207392442,1491.7279696328746
