-29.162730752629646,6.242390477584822
11.9368650800333,0.8037836489567187
4.376011270673601,0.8493719362012424
35.683731614937166,0.47115218539592973
17.516757837132197,0.5933005713229982
-0.8775041001339332,1.047962511600037
-89.06463907075519,8.335991723941994
25.78160783236376,1.2373543871734576
-6.418804545757041,0.9237615760261804
-11.948797276578045,1.2738044154185655
-51.8064990377907,9.838645985917948
16.531025903990184,0.6599941703161427
2.4826706430325887,2.0885830190557457
11.931356589835218,0.9199818480101012
2.2679096326132253,0.4609782154713602
53.02089841278868,0.477821377178409
-11.694838274307951,7.261345768077626
98.18501484772834,4.873644238766946
29.940030371037743,0.9197197272965116
27.64093783774762,0.8763481163106608
18.169233682267873,0.6359700273694191
-25.808164679471446,2.7141935169298037
-26.31566838793185,1.0974232323549433
12.325714286169726,0.7685188972524322
8.172787716079156,0.8044473475657679
3.2724023681849914,1.539345498633045
23.783673483295864,0.5328103994060203
-29.18615344385709,4.019164563853641
8.050183920385194,1.5822739473759277
-18.016001676785436,0.7215157167755923
-5.495678912742687,0.7504323215871
8.763531789092575,0.7242348861777886
7.396974958629627,0.9365151733662014
-17.123278382368262,0.6117210353745319
15.749761120791462,0.9210063639479076
40.63460870829803,0.9329234585175854
-63.58608347986288,9.588438349022525
13.113752398428955,0.5464772364511035
-3.7062943484356055,0.8474177587637435
47.113860472440265,0.645622194437836
11.170006952928425,0.6559283518414971
10.272955675365303,0.8967671643992672
-64.05947249826224,9.983934198952774
47.12176510025688,0.7547284799048537
-12.663602620903916,0.9779995501453715
-6.202193831664644,0.908916402005632
62.17393508747274,4.744546264253675
-85.90222369822217,8.098937852508438
-8.730005049476581,1.3026548714781767
15.872062901915758,1.0552494681933133
-50.77677892332026,2.608352450108919
40.80703566224338,0.5141046745008921
41.791590638182896,0.8120785066514724
-3.226892105708316,0.9886419381653619
-24.91727554301616,1.2510388408560917
23.922204641850804,0.5355391236653437
5.127185685429723,0.9155976045291343
45.54507479564151,9.060639193106624
56.51158437816426,1.0814050177863521
17.21186359471573,1.0636574467951103
8.132459413221518,0.5834931473275535
15.603724765763445,0.7274798868160257
-93.88409768377151,7.807015471124647
10.056415881944169,0.751074168499172
15.598077737630888,0.5613262239115095
-12.729165822765836,1.3280581060230343
7.599897323290989,0.5560245863306079
80.81349045332,7.431159136306108
-0.784927005470724,2.943593200631531
-3.405064485736858,2.0727971061620742
18.355373389745107,0.454443239987931
0.9057414123704461,1.0978917339748993
4.40026757714881,0.5760611541561342
13.345679780891928,0.8200157027086235
-4.497939306114205,1.872990617747151
20.857137297026995,1.4337272449963159
17.182022140449092,0.8371260835653249
3.6521651391260157,4.71454532324207
-20.267914738534024,2.1869757402850105
19.75608302706351,0.9243867130948846
42.6863290994184,0.7125046419467118
28.094540308689147,0.6851808630909417
19.3849428085829,0.8216315366147335
4.834891173296327,0.8805218945881901
-20.509521564338144,2.7612186848770364
13.594602489198394,0.796016994125023
17.310394936122492,1.063317539492619
38.71872983328434,0.45542873642952586
-10.463942548126099,0.8951320130739386
-2.809838623493846,0.48061736749083295
16.0835261778022,0.41394182300751936
19.527447391159455,0.7214818332604853
7.338778784625191,0.9601854511455663
44.35695458765317,8.939997641552415
-27.74124932947781,1.0857840939764927
-3.0017271518219673,0.8891301877106503
34.38177933122951,3.205489829443181
17.825832439462488,0.5418801885575344
34.59378030452292,0.8636929601178354
-3.3901943245214907,1.1666848595435475
-20.103898092149706,1.115068263987025
-1.0790179911490156,0.45615430864656936
90.18701197890124,2.612992939851865
29.627311067964655,0.7712954320780554
-14.715762747109125,0.9558929703536094
73.53242605356044,0.8910187272340746
33.47190740203618,0.7428599496486736
36.92195823704708,0.9513680673615639
-11.910764706553863,0.7005548621573356
11.648997881823945,0.8759157699630655
-8.023979039023203,8.306738047382765
-12.81527306505484,0.5885366418669875
81.62661675108097,8.458192169126768
51.191458917134725,0.940595050603612
60.51542588871175,3.05443590361389
-9.050640050638464,1.0807995311401015
15.603412638288411,1.0454434246009683
-20.08693548761962,4.233413499343678
21.038381636152707,5.2526022392326635
21.2301639366785,1.097087113792603
-97.9535942940219,8.517496474877714
-76.64406261121275,8.874636389396482
0.24470154104257347,0.9880986062388097
-1.1692454027724608,0.9071154490262341
-32.75738001513284,9.081710027945814
-90.14405415348035,4.28034211126738
-9.780235351930585,0.5991254398805421
13.583785988050877,0.8511330643208481
7.525539414107195,1.116517507283886
35.36391356213974,0.8429133513790248
-4.407734776498856,4.3946302191857285
18.503779739066175,0.58616972373122
-6.595167955526108,0.7976325616279074
41.02224911052265,0.7122251853528141
-7.667831514398536,0.9126945780127227
-4.816538290213018,1.3354166777375234
11.397428838989129,0.4786239440865039
-5.289802792642561,1.7076385015720605
22.453270389576417,0.9965346816617071
-10.236120020392633,0.9505601518867604
-12.985710760234,1.000201088815244
74.83904582179369,0.9979750018008939
3.288139823245018,1.411320396316139
-5.0695805605072835,0.9056610699647409
1.798978173443544,0.7508007447578374
20.51621932232868,1.0347876696504414
13.040326204637267,0.7162268202156916
7.262741914840532,0.9828723854405954
-19.39960733240767,1.3765488418461875
-37.998943218009465,4.331066010445116
23.63655165937726,0.7105821446448815
38.218937380057696,0.5237249376400399
-7.696983681574544,0.9860515911052818
20.35264291900716,0.7988192502555402
41.184859923074846,0.6092964339411602
11.707533640911933,0.5279469115375672
30.68742721246678,0.7705912631917498
16.96002196701116,0.7625716188793097
32.02209413954717,0.6586723587793886
14.717074718191846,0.9752645135552156
-28.495508928901486,2.950451067670573
7.1078805088503145,0.5940336743166856
3.7585649775004555,1.7149741625027133
14.449861858158435,0.9490722847847546
18.22570609495926,0.5563187564654417
22.575097872858834,0.8488321807584992
29.762172048450594,0.6658444890310218
36.93828916036885,0.9765056219650781
-18.30382673929681,5.989940198715075
12.422436934212044,1.1202067941744698
-3.5315653175217108,1.026935650170592
8.640902487885398,0.5216538536728414
21.865752123302514,0.6781354433870339
1.1426072612680542,0.989202433064337
9.201678722158604,0.7325663192368737
3.9328276043992645,0.622619750122194
84.46329676205224,9.970250479379091
28.27670406314172,0.640177270798155
-10.62778912686884,0.6047176487447041
31.352378529369133,0.4465300383384445
-0.5581574556295692,0.9512665215766702
-29.814712491294387,5.390972509085758
16.565436300696593,6.385310913538244
60.907258552087306,0.487095993406637
45.699399961259815,0.7168742205523451
-4.53268687317339,0.8104619034367602
28.773156670912215,2.44315157470065
-11.639598068901817,2.5149108018008373
29.08974208095148,1.2683038706149148
16.147188155851047,0.9118570664293928
14.885016398405714,0.4436098357718956
27.731432852540223,0.9643880879230302
9.99808304932359,0.7729947709554157
6.9402867904822685,0.9590945242448612
1.4801850215086567,1.914733762471518
17.472042870997484,0.906318718956971
2.1080320154720624,0.5309958016224599
6.069703768341469,1.0340509699377147
24.27504917496529,0.6078587487885254
17.16404317235356,0.9750770185829971
