-36.51015810758807,190.15694170247838
-10.385052679966329,218.75585168935675
-25.553218032982222,135.4239865225395
-19.316416132596448,210.63085097394247
-2.928203716092156,72.03060184005574
-10.655173908423421,131.46949978861429
49.03012148344382,110.49640838372906
-14.544426417027182,90.8347809933257
-1.6784637658102852,125.03858624096256
-10.737500895360522,156.70590726897973
31.439924711322114,96.83832552538618
-5.350474339751315,111.54937701696286
32.709869588274316,108.2432661477586
-21.66630703355763,170.72904627780412
-0.5619513109407492,63.258839574825124
-3.62337389201997,194.12413119324424
-9.751951669256977,76.60947083434178
-19.835064154617964,158.19877448182257
-20.876866593548556,125.36266070138831
-29.26316002561856,173.95739525787124
-13.468487587618483,154.2263859361368
-22.749618900902234,220.41803747768722
-26.53249889236829,153.2338015860171
-6.15175595240386,138.6782610028162
-5.295801998664018,176.12806233896828
-12.332090407501227,77.84222455656393
-2.7970988133681285,61.32301563297392
-25.41567636859014,173.67526070936913
-0.7605147028488375,77.83036097572243
38.17644140393648,118.78034088214949
-12.917454822726711,182.53740815918334
-38.806439820885515,196.53692622494412
-19.07132527077814,109.75262458626887
-11.761379794402984,135.20621353525058
-2.591245009323025,80.19246122222256
-16.330925350915976,213.64893032583245
-22.425989863732127,183.82068475455878
-1.3768236144142065,115.32953013533569
-23.891760894066962,181.95958833221027
-15.698190739860365,177.9058927726192
-13.085389022377228,217.48213608093923
-1.4994946006994558,47.94194700112067
-16.988721634818916,219.66691427662846
-19.84467577017156,174.9792421912551
-24.893045932619735,200.05182591976978
-10.780000949851434,90.49651535977927
-15.918106871848842,156.7727248333003
-4.181353246711538,42.46054384542475
-27.885818039941867,176.84318925702536
-27.056123470282163,216.53124696237492
-17.96337759361853,172.44119184548455
-13.179025664742198,104.76354020299169
-29.081186860700544,146.61882463137522
-12.337688877991695,215.09628185971135
-20.85477482783807,115.96415504438207
-15.56047472505287,166.8359971473204
-9.389528910486291,194.22427143866332
31.086137767997094,80.64757748082582
-1.7285493779615209,78.05088083517352
-1.4272127490086248,63.93281692567422
-16.30569748956472,166.4614477556687
-0.07453958786888393,208.52675807011153
-16.25142337194981,191.05435471671865
-1.6990596546014416,71.66728948295216
-6.973012334995559,207.14005145931026
-3.7531416466130505,87.31789537551192
-22.075858622151447,187.57632946621496
-13.76507047346027,112.4504744817772
-14.961748444419207,155.0108541691225
-22.38623363570531,194.91209212929948
-12.833361726958557,118.10579547543358
-24.765382286374376,151.9225819787265
-0.0668348627616524,75.82748239201226
-13.845519032338046,117.62573325671002
-4.158919673387857,186.6664574601956
-25.839257676771695,184.38016615203634
-23.491916239360506,143.51722308221304
-23.26316478883436,140.35779239442468
-35.949383525114534,200.38868089130412
-15.873124945155382,126.58552819695518
-7.499565422126032,133.88083462284618
-26.88069800496975,97.41314282404295
-11.117385014175042,121.44712548779052
-15.647581904726621,128.7415091267736
-22.487934677332845,150.88076796967238
-24.36330599049065,191.5584330556542
-16.85835125608838,103.9658784494273
-9.455402903200827,172.73675144819714
-11.568516419190324,84.2089616962079
-19.080389612525295,158.07564333609787
-15.087576722578369,174.18538420519715
-15.729071479160446,104.11895912138061
-17.723330106680663,206.31733259526914
21.912904852508987,155.36368261960098
-17.78372758826694,179.08305938045226
-24.17825783094085,184.70536744987618
-15.130765885465706,216.29014081960628
-17.325577385043506,158.9525764784922
-11.206158602527479,187.11002778373222
-28.36569822269969,155.81677487700944
-13.540062840586671,182.24216620246034
-14.472754601066526,203.11746353140043
-11.31802484019974,174.3047168065262
-3.940140610021352,203.60036437087382
-14.604732250047135,159.58807470904338
39.595411950810586,107.85367080169435
-23.821244220747616,198.23650597651886
-16.531409411122354,183.0147035735837
-21.995608998526365,166.42300872320175
-11.23386666316037,124.64560651489174
-22.645933695687148,168.06511250699617
-1.0460785454586201,68.41280916325816
-1.6125626950224685,49.71961982208538
15.999778790462639,62.14987473673429
-24.37177438603676,140.7306144604887
-4.491737860471773,114.31997901519622
-12.996640868641265,219.41542833457635
-7.791951890793257,215.20149363879764
-31.267650897637367,158.7957881500978
-18.42114634162334,194.06790232336994
-21.40398958094073,206.46953488293968
-21.854806929249747,169.78590472430596
-16.22235983606702,166.11324072542428
-59.923213334150226,167.96151121999017
-27.58071427903029,186.23005473844495
-13.133017736560987,94.17023721790105
-18.371140384618506,189.96163862665992
-3.172803306472929,81.06813956630211
-20.071426601184,209.90643148333743
-14.945307220398718,166.98399098127717
-24.213601196158777,168.0263056837124
-11.970061324927904,184.0842831793189
11.366027652484561,64.07348668386348
-1.2963720162132581,139.60184951225892
-26.036880103561636,181.53240850329837
-26.15851122579673,182.25495337425485
-0.5505757222076966,29.65364242102231
-14.368031184217543,164.24721025296571
-2.8901151175813453,54.01616474486271
-43.62545679585838,215.82011628154953
-0.956273119531474,112.46181578087294
-15.368582628145191,195.82563135749547
-14.176450880662102,168.2036667450456
-10.300356597427239,140.16740493387513
-22.899958546803106,130.5141804722077
-8.68794612942743,71.43969468511312
-11.697692692546894,58.332089629967825
-19.771817008622506,135.70726100753166
-12.463967098692466,158.70994898760907
-9.226572309841345,194.28957969217277
36.53172639191291,98.5109767255868
-28.17169545925769,176.6236912165322
-13.374947011343721,108.67174118534643
-16.019768753360907,175.09276147573223
-3.7701819539302477,68.70458019324008
-22.166592885832387,203.73577454442514
-10.858035796464947,153.1845520514742
-0.9024232175944036,184.66225663869722
-18.494287612611746,154.01243888107052
-19.551581468786768,64.88167161412213
-27.463465081237203,172.23566268396752
-30.656291302589665,203.82990095856775
-1.1259075096771198,73.56943482151175
-12.965488925581468,184.2812924680627
-17.850287314081584,150.91143166736205
14.162456423381222,73.79872111751067
-25.59301872286636,188.77446918570115
-6.1467898778831795,71.07932853965391
-14.705854988213304,142.45129483562226
-36.27066536411479,208.92924103888146
-18.390053583856798,197.66941470477263
-25.533190476440318,187.40147714183348
-19.2808741967387,211.93900057390317
50.839329469804255,115.72442783457643
-2.006729916912086,36.06460943771498
-8.508104127448803,96.67859584539323
-38.166670365252,202.6752971541939
-11.214959599391051,140.51905053706315
-27.854154028602693,185.2082604434332
-17.921058333865986,126.20066853466324
-19.7462488756424,202.22507561448424
-16.129465484133874,212.70899583265356
-1.8233555710510156,77.21940527542378
-12.122531058453916,108.09260046774791
-0.75028773817996,42.38694045739311
-46.86138986353777,217.26373595687886
-2.88441688345028,167.27034509138272
-14.245498099299116,131.88088981287433
-19.495134102952825,134.71284139453792
-3.3568655097365436,138.49474817079076
-17.312897002569628,112.0498850021972
-5.542221684101293,60.86739452477252
-25.51524004664384,170.85566513865774
-17.570068583835678,144.99543789092928
-0.16886969065905078,65.0096695888449
-10.459860521550866,140.11369237805096
-4.327166116705229,126.10044127734048
-0.1924219478864302,73.64568168727386
-1.163947536527786,113.81925643202979
-0.04903323396726478,74.4912066454917
