36.5656387343775,506.5091764108954
7.328594980153582,632.167039501499
40.924509729271094,245.39309180268629
191.86750814032084,753.9769906511331
22.398941803811596,168.29899131774118
45.9824350077171,409.7813894901853
55.48284403965273,207.70354001733074
51.41454750184242,493.62693837081565
119.11216930253889,494.848891279033
0.9926694197868358,185.75628389776352
67.10248329886099,297.3847315959713
1.8325204885170692,53.27037246519589
186.6515188845869,758.5278723328721
7.338876572094605,559.4703328413095
3.045231236418914,55.02100351559733
35.04025647882824,335.9655206155078
199.26951506455316,881.5406948252175
13.872762641104032,76.90670591614943
5.8116654255069875,29.157568400681157
198.7763220827619,771.5816854198662
3.235528642062242,587.6797333337864
20.0333904625223,651.2241864131432
70.02603137431555,399.4559631386279
24.53630401690491,269.9851905971418
10.284331044902466,462.55696949005494
31.421941562823434,176.71711415035304
61.378249925958414,356.46105345413054
21.789545607289085,555.0966925866733
10.93843954206983,203.5881730080033
31.28957886534502,117.4311794580016
32.42488022323012,224.1352105352833
121.66519853554985,505.9666430778567
60.862045405418904,346.21419056686966
15.63376621577467,137.10726646511444
10.387221428432184,619.62673054434
65.98131016178972,447.9041825388532
63.21921607021698,278.48047212782876
43.904806907214436,395.923577916269
191.39165829910252,850.1262101949626
16.622395562250517,329.11659443691985
6.220750959114889,659.6430382941599
64.97692143155666,419.2101616092076
74.0769792413888,325.33373495810645
4.575867064695501,680.975179729114
172.69998024241116,715.4925716985861
25.38457245336562,359.12097599002806
70.28291782852793,309.03744736619035
6.803624660346458,43.758168435492166
3.3734552600624816,125.8720740146453
34.93938150287542,341.16539538528446
72.4456408748967,399.6850246662117
37.855339708571705,184.74009600302048
18.381209999238905,353.33395953424747
23.94723350047979,553.7149402656635
66.66083304093732,463.66364685725017
40.9820112606878,185.542206335209
194.4577833675239,798.8117253617563
10.100810956012026,126.3218839057944
38.159304465783116,553.3560106793793
9.908303999726854,56.48943186000804
52.3539693471503,241.92991268656516
51.94969694305906,387.77021310927825
117.46448185049123,520.1377917999398
70.97066148124088,283.2172846146095
64.8362476468536,261.6556999675932
157.38036792283776,647.7156284507665
77.0419850658589,389.48614216122496
7.769404842947353,376.55031473988413
33.427070515932456,126.63535432484309
12.225565712027958,617.0588349284793
39.035818263841705,169.09829799945584
2.641128896522112,784.8273414898579
105.925841991693,423.3807689744226
89.15171005672647,341.96681675160966
3.893393676044454,647.8038411164518
119.73067075934215,474.82093500777034
3.0793369689661674,316.9053547721548
73.16159268406,310.8958228700027
5.108016368718239,56.05784205757209
109.09607044463945,479.2716544498659
7.568433216928483,179.56529745183656
17.67105513896854,127.96441395133618
77.31960665452299,308.73018854328484
129.17045322260515,539.0667914675198
85.48643414261068,356.8361819764872
59.819341798187054,243.3557535898413
68.9897658410598,393.50977937726555
60.83573723874925,271.28371129766555
20.343894068407877,118.5029625524852
14.84389201286885,558.4332337175907
34.55874962002973,417.7676521364209
56.98872119186124,511.7992011062229
39.825729788053025,598.9858020175071
57.8239141558434,380.7633409146404
2.094590480563763,766.0405537145253
49.02684973396221,566.9046252488748
5.220051218203736,375.8456447607581
27.907640184656668,481.9392298815195
8.471366867205951,482.3075296897602
34.415788741813884,258.80528507982535
70.79165381184907,287.7006223196331
44.064256060225944,427.40100309704053
19.41509992351797,78.08339208789886
15.330032420685768,61.699083450660225
22.21154422326464,148.91640693239538
84.94614346023582,324.9983336689181
18.153113266566322,200.46158756960062
24.889081797682593,653.4738145945452
30.198235193456725,238.13980812600653
22.31893159267133,300.29957178327624
4.64780510889976,61.82835180831921
13.274615725897831,55.543594976076974
71.74527169861335,315.48034238822265
77.27399976939805,360.10561376382765
24.076233662147715,239.9726303553651
2.747100540036314,353.88663856316185
23.196092686532523,284.9795289218577
60.61371063021942,232.3727459749799
45.96286822398965,482.6396182742605
53.927615614298034,490.94925163745694
17.37119602473888,615.1017383218092
107.37556314129773,409.2785188638764
74.04568582422502,332.37315447647904
4.335647097044443,391.33188068978694
78.56358970819474,309.6698037134995
160.66252524218194,642.5609978723336
28.04945218164921,364.05807700107425
41.662094194733015,555.8137963170559
60.0029601644556,480.50010123622167
66.72476028975737,448.2224213177674
23.538237179290604,212.8821213861023
13.551913859453435,249.8854524104798
20.5324857244579,412.8025302934332
19.26976355937981,277.5609262878273
124.13350902851201,481.93022218227406
7.072500590312188,365.12003754245984
69.97159026810651,312.6315756940242
6.971357157996408,185.02966793304523
27.396728592728905,505.7535577202473
66.06254406458731,354.8451681711243
61.398806474097185,261.8962616166084
9.831721027946585,279.6128276562907
32.04946744700743,250.90301600850938
18.36736851408091,467.4003530676916
152.4844451647412,595.718855897777
22.23729165732489,82.62648758070054
46.61063211940527,186.91355984129115
6.336313921107639,39.54630932557217
19.017522868288815,526.6002085276795
78.04332354865903,403.4896352714437
175.23974530634968,705.0263857031443
188.92184550993076,790.8376765510503
88.0459262124197,371.76742327739913
32.68524336762652,333.71036175349366
45.79917130099949,286.3972592513147
28.127341247243578,163.8785105463616
74.32704186420051,306.6728960448665
43.43442409126223,269.3927304645147
37.00097838303962,472.4755865392881
70.60802761850812,431.1355068545221
30.521379328320585,636.7800245714402
29.358481295609664,482.24983655061294
33.269291588942735,197.24353206680655
118.55861342525031,495.42279015672534
25.245329875398056,467.0017790072069
6.2745806336055665,686.0558544684332
23.642223670848864,188.21760706224939
65.26003493341177,281.70428820122436
55.13357952551215,298.6052752719477
63.981607245265536,475.19605783891575
137.8183483943236,521.5404782786359
147.58074285065092,573.7913812806437
67.81689749462771,420.95210770666165
28.489294723658695,296.34316755248113
16.44478209217635,501.56768553209685
63.43586177652727,397.18948242079057
18.41460730553166,190.30144934212296
12.612709711530453,505.79189673376817
14.730677558743054,320.90028936779186
32.693014173588196,580.1864551899961
14.00097985252529,201.33399327567037
10.53023405774988,252.89883869649816
58.09313941597731,243.56679451703152
108.76991267237027,455.6117775381819
117.76242699414566,464.06855726704555
17.186028701965313,60.67821034498115
6.449293381589257,103.94779892605311
33.29928172254384,231.13359566840847
10.72394360323537,631.1794829465339
10.689171201897317,226.56364668392638
23.773851737877948,483.77992265410296
19.60590150897619,73.62011157088347
13.581365508181982,241.93484685873648
19.95196296268682,451.71406705889524
141.37558547880496,596.5731598380016
3.794490269889798,47.69207099461518
25.26273157613224,597.9947251141982
72.146700471195,448.131951057297
3.144724680197946,389.12525975437995
25.62952834594135,355.75242532354747
