50.199300098955156,0.5492750446299142
42.31879139693635,0.9795665558713011
89.50087078669608,1.267432850600513
64.88657411699597,1.2372298854227028
50.16470117023883,1.3875447068932
78.38730842215003,0.4454275016421527
12.051425702078923,0.6267225636223697
79.53779742843317,8.912173646835395
6.871427017922912,0.7738595005295981
85.9429692343962,0.4930123351840452
7.025054032911214,0.4596981353443521
79.10808019714227,1.010514726765721
82.6664676181017,0.565417071382806
9.927142220606669,0.5799156778906376
0.4325070625260423,1.4603296291684993
23.00316010265073,0.7300415071268702
95.42783170923741,0.9817708275640751
44.05866267189572,0.436192153120345
39.346804317028514,0.7693068891103312
74.00359966588145,1.1502948084259383
3.4965636473852655,0.4946041680757869
10.200815779395825,1.1429725442297567
93.81583201587102,0.924419504829066
79.76881356535002,0.4159316678048537
38.79612842264602,0.4477924730740077
49.943664344938696,0.4961433182581789
12.917975438545994,2.009760639116779
51.0975667035288,0.4639800406821095
60.119107483871474,0.7894900696249967
97.84167826569056,0.5890170057435272
42.74465490450823,0.8202913771419169
15.541386676928482,0.3466047190725643
1.1649350225207513,0.6554655057314855
13.828348649980953,0.7051956931560923
97.80220873938825,0.33021574855724367
16.120473536976746,0.5312903534272131
86.50003863270956,0.5637754899374361
73.80917443903724,0.5207632629268115
49.88904916163705,1.1799612991007158
14.977187171127113,1.0159829804354032
15.87524167547911,2.257379867153091
59.332561573895475,0.49543246341314884
1.8190340359650747,0.4682745177221139
46.82548768168684,0.6960631317835677
43.368606987142925,0.6534343987905444
46.04616142819663,0.5907411444461328
15.187623523404568,0.9066217011809012
0.40277660852861175,0.696281405477146
29.93197435686338,0.6945392240629884
61.68164452606012,0.917937324589829
42.526930844130064,0.5183566702207383
50.753898392507836,0.43457936065273106
34.919161862350904,0.5307162800320153
20.889034201529647,0.8698322569896038
8.4182091382567,0.6405562991834994
56.33101528793838,1.0736885694233131
43.90932854651484,0.521986082123318
5.76605168059163,0.5884371586917148
63.68014347271148,0.5109526749707998
8.973476426911681,0.648306347689557
53.086402739457014,0.4898821537624938
44.37904136574985,0.41026715421396404
85.57722617449153,0.5026771728448498
46.78358201846166,0.4874493890851035
52.74752166613328,1.2403132155771814
88.42075247007614,0.47265139100560205
-9.348214646573012,1.016687231183452
73.74730449988101,0.1948904553373052
91.39269506735262,0.8842507579221071
11.394385189191873,0.6742336840714227
26.78215690773752,0.7276153330514958
20.62134048641975,0.6664910563922714
34.33241795858686,0.5234780781668995
88.55206693424984,0.979004659090954
51.070678887205815,0.7948476223118739
52.754205669559504,0.5747560957134308
36.206615078634144,0.7618621907783911
60.786712816147755,0.6697278051405083
32.7982037462757,1.0923116214337245
60.72564220729228,1.1044560505817573
35.55640607264192,1.0631668342428835
13.141604362055787,0.8733132750841248
-7.266825849401011,1.083648071711952
69.22105936849692,0.5098760683864008
73.2543457608146,0.5889617451576425
21.85061049735981,0.6382072999836552
96.98481987616664,0.6894901730437182
-4.67973134432053,1.0896018512768837
38.86813898745652,0.7469620541458308
91.07191050507105,0.29982280834738884
85.17094194094301,0.9666905302005784
34.30837162046994,0.45067696286985814
24.189515176048772,0.6389422551813726
12.089444058987453,1.3078576648152662
97.88286312927272,0.6669120692359778
61.149578399439974,0.7296971004444328
29.086587419357116,0.5679657492591161
20.3867508825819,0.594600177181043
43.12694297255374,0.5280466668966666
6.723945927495851,0.5532566123511555
4.532487596166561,1.1136733527242217
39.89927453517106,0.5185232031773972
50.11210346108638,0.6454314301007074
91.25973867736305,0.3923988456406724
81.21168963433615,0.6463079355947343
7.752280352373084,0.5473759659970554
63.021927876967865,0.8316039275918516
71.12671408400084,0.7595615445308161
47.238792408976394,0.6203394181950532
72.25039452670549,0.36164305980301137
42.90187698790092,0.6532168805164877
43.94872543299368,0.6831750965751695
92.92695548306486,1.6316195870937755
46.330599997009614,0.7219553009042619
65.83561431163722,0.5830659523538237
81.32997888021619,0.6662380198037856
74.78362091984135,0.3222932676997843
-2.201224180825392,0.5593870175652569
96.74229019450047,1.0779480957122818
15.635880451907298,0.5264894289246715
88.36790356389494,0.8589869958101999
21.26769508820724,0.6275455529110805
16.352873610969077,0.8361287169135942
44.329848435505646,0.5552591111173477
30.38378555405538,0.5034119340970751
47.58439103383878,0.42495749113416537
94.37747084829377,1.0714940331436766
68.0624940053961,0.5183290314756448
17.510831416067262,0.8719896109720011
29.342413626320877,0.48653377253723895
54.23940495325144,1.1603249374203841
58.38056224336786,0.5612219137319219
9.765382923702173,0.49751946930797764
27.971589244556903,0.642169337270714
47.09573385356245,0.6742641064200452
50.68140701464122,0.8238673094526163
30.607696331125197,1.0926544435870547
14.6060257001742,0.9426280648275522
98.74082116535102,0.8030580384829182
60.42342989521987,0.306692334369302
81.65941338651106,0.7147350086830548
85.2258599310213,0.8141575231401283
32.54954371955091,0.7280648610714167
19.419428261779032,1.8109635256850183
79.88162524743043,0.5773034036767859
45.266422659677225,1.1540015309675056
89.54570677703674,0.5143226512718027
23.417032777283943,0.8414424573407864
93.02730564064223,0.44887146053875604
67.81235857110167,0.9680651132360065
46.218715084660175,0.6279682839294498
82.93347164269343,0.4690256032244511
35.25825167415985,0.7656761317739809
9.923445198355168,0.6256776693252775
28.913856173612857,0.5640807490425033
9.901392034204122,0.8103418494748595
23.83522004336649,0.7361208526773864
98.41743868196107,0.17405397765115005
36.57221594995788,0.5344099624260994
1.6873391274408789,1.1088770002029342
67.87611639553518,0.7623064056242015
24.668441583116653,1.2434843811496539
95.32625387376498,0.5638345226953356
72.32555195858609,1.157018319792888
25.387515167468898,0.8233957977143636
81.90490788854348,1.0074133933035885
76.67127531004623,0.574128232021637
42.21173221968104,1.1999855155961683
42.66519605753419,0.641636970900878
74.49115147882836,0.40193172339660066
96.82765251134589,0.7560243128327748
94.10529430821444,0.9022017883305968
35.101097980709596,0.9697084941472291
40.680199670939146,0.5175109247854932
9.176194148215856,0.545782569555409
2.476045412052116,0.582569233377662
29.31634510169505,1.6167430748937157
7.912107924895352,1.0742749395514335
19.203192240232255,0.661168028107987
64.06967855273203,0.33879275710454526
24.714347080685073,1.4203416728499407
54.380748013586526,0.6117009776234621
86.81819499990984,0.6795406561569223
26.74305499912297,0.6964494258899386
54.42098547846501,1.2187416284592967
62.794481302056,0.6002314745326824
39.19357677703533,0.6352881879194587
54.065346536434774,0.9252857616515349
29.030787917104274,0.4663116810629866
65.3720467900886,0.6848055560103194
44.622277869682364,0.5142312978741561
19.21844397857994,0.8040240888857741
58.9039477373919,0.43100321211474935
90.90317247626014,0.4477387867742397
67.06169837147954,0.41409248675025756
36.19661391697156,0.7079870954306919
73.10733534378389,0.5606053854027095
34.86827081236915,0.40211306148166326
10.123886426621823,0.6872169927960918
63.09648026756852,0.7404103682797394
21.045821030547508,0.5158151073646192
61.317212850668604,0.6193769983466026
6.132698601742476,0.6096509875379468
43.48714432928246,0.6616351726561915
8.492731436030311,0.5702203996007924
0.32338667026834855,0.9934809533966875
54.38774325092711,0.5849355630788766
6.712332125206331,0.6425319377088048
80.4764179118774,1.1514308182110238
22.952874635085287,0.7942542405405657
56.93442866820567,0.6212116376501129
74.28442609212091,0.32519368836548557
40.11482530148038,1.5110578580907341
34.9943429197026,0.48597334161180505
7.654107488741872,0.5098508882866111
84.52598546058621,1.0961210107433628
12.226904840684746,0.5580314973231673
57.447796819743246,0.6090326225638762
92.15827573957142,0.6908919120046413
14.896475551334206,0.741640323342454
70.64104332834074,0.5137391557102777
59.56426925019895,0.968218103937021
16.74113184246979,1.2417726199681631
25.259695359662633,0.5963826550257227
55.41736925686237,1.1367971491147824
96.25491998179452,0.525455573312926
7.0921107113485675,1.0793224738703895
26.67125775466289,0.49034550740464494
4.729367202721491,0.7548027863557127
48.39624041381927,0.8619812569096599
96.1991501979023,0.6114818767668204
76.81203106269643,0.662978200433102
78.46029572817721,1.086874849847332
74.59165808512535,0.9749063467862129
12.90503883555185,0.5964054944591695
38.94597746002095,0.8392364853143164
3.4697643148651345,0.6766311588536293
4.923376065809919,0.9849093060219656
89.67917838427692,0.48042045234472575
22.41738939842655,0.8286050823197266
53.94342099229348,1.211524269779419
30.08269832241988,0.5945778983777505
64.36075149804785,0.6024584214238706
20.53173471019391,0.5594790086193555
16.73968785590617,0.8524198246206094
53.38648075381267,1.4963304995647793
74.31173977691813,1.059319417319914
54.76170940690843,0.6972549333235305
90.39589102845284,1.0602220681152812
-9.54654431609643,1.2108155972611847
14.256558546135814,0.6648758683309861
5.815850120981253,0.8915058019223299
97.1498522388095,0.3210136181580543
54.32861267662653,0.5421062671882786
82.7919477732379,0.9979035593953212
30.504411886359804,1.1845177885763647
86.14702288012327,0.2402626097488465
8.688215571112949,0.6159809865330859
12.015386513647215,1.089941573221335
10.879287133766752,1.377700230665745
30.1036162330237,0.5741342731187942
88.46866356707534,0.7422882626866993
69.86694767155547,0.9082004237788466
10.25896789388971,0.9459221553838795
36.07102403796907,0.8429922165562669
25.353494580523858,0.6731745430810463
6.703442064223765,1.069179550958422
77.0504236869603,0.45289594332830063
17.64497327083393,0.9147082819518744
46.716102935768674,1.0870209120805043
64.56706073707986,0.5120287322323591
82.2520605533267,1.1139480792706085
29.179660262023205,0.6363109194363767
30.856764520045903,0.7399063548458997
73.95616503599041,0.6554766759427313
67.29393608598755,0.8682855733982677
15.934878676130083,0.5702699606719239
82.69175104334329,0.681935558010824
33.2462225512472,1.5593482953708566
90.20141159384599,0.6115235678120428
14.634609920637814,0.7253917834479189
82.33707718189308,0.35085527996515253
16.62091741874434,0.9394276004247013
55.55759548108402,0.5838739079558568
70.74028991868462,0.6361698325500758
16.270774121160272,0.757777097667848
64.37518369431612,1.0191819941074503
29.8284861970002,1.563529837114247
27.855031566012016,1.6577458253269013
19.883153534545052,1.4666477868639536
60.049525301650654,0.9360291126717876
91.92991184103568,0.4198812796697964
60.64931609778605,1.0752184308375377
24.17505268280975,0.34548791227778464
42.211654215569865,1.137559475547997
17.91739929058913,1.0273432578757982
85.0039491012704,0.24101846187333287
20.760283595249824,0.5242700808165075
87.34348109176639,0.9935352559420529
39.38056257308939,0.5616568579433245
69.03861906856025,0.4349683327493814
61.386434925709324,1.2448429866193083
40.05913928740512,0.6107071283764789
86.47956514998967,0.5773145806161644
26.24631479496054,0.4563164159785966
23.987945781703147,0.8785213763796307
78.02856768139497,1.1009701382920496
-2.3372983682481987,1.0682711186622527
59.24383261594852,1.4131146451373944
72.11719118204901,0.3927833387014328
13.319005715530466,0.7739000399051328
80.1039473791576,0.9301743331957937
26.35299957275612,0.46763347021552093
84.02228634853613,0.9972059980245178
76.09006152163354,0.47816844833358996
54.763093601391944,0.6519063514828733
90.55895015835117,1.0532129827661763
33.39087981946493,1.736123858682476
60.86560252856708,0.40397586226329807
23.091905076406306,0.857650294639221
74.22495747717221,1.1208284929584964
48.225913825665145,0.6260668950658701
57.288362223426645,1.4198472181648807
70.4989761680907,0.6614993979694255
44.47977160855281,0.9795282704849442
5.963140069722226,1.8354782740533508
24.404366878503367,0.6531469178771214
69.11264051826666,0.61164469529347
93.0494586472465,0.7970757178018086
6.67544183061635,0.6929005046790291
7.533264500559762,1.3942038410214677
13.664051369229608,0.5519202675539141
31.29488016870988,0.9966853827219015
71.48174077079244,0.8762403796061751
43.653353119205626,0.4420210152618642
35.04731082031709,0.6960984446334191
36.61081212474099,0.5740876670720478
3.6889504126428276,0.5766476497939195
89.75213348037165,0.885345280946948
51.89285410812164,0.40363313961138125
7.2187866036716155,0.5402567629175645
69.86974175905439,0.41444032755836524
78.69482250187173,0.5171748497519184
60.30657655870317,0.6929260361974756
93.0084604808159,0.8113448757901693
49.50144647716709,2.544347580361884
34.52284393556971,0.6291846277342736
35.14519237360697,1.50923452542591
50.30262710110567,0.4522810072943604
84.38600915984301,0.48156407949606717
20.98111672467806,0.5513100751151447
63.931633924421135,0.3920385542883835
13.84930283314121,0.6165162405811184
42.6107988698474,0.4494757178417528
81.5279950866994,0.2958412972003668
27.750379874728566,0.5996016693718023
33.391962994093234,0.3375958514799282
52.475934140025544,0.8576042550501637
71.7393206361003,0.6488346200775386
21.477439975150155,1.0615692269928674
54.17517434473146,0.6342443401594835
53.5588981366682,0.21839885491274558
41.82277218911777,1.4318347401746543
44.42602278731927,0.6717112448639462
94.39226100065054,0.6110928531610487
79.12999373211143,0.8097301920363478
26.981851671057584,0.6116518754921483
91.0242376236373,0.714253418835403
52.78225642982566,1.2694591242514512
12.382019327999075,0.48669588494293237
79.64139405067863,0.5054963151977105
52.8788269158844,0.5266137001391604
2.6938195821205184,0.5043332654993833
74.12085005804363,0.711447151388132
16.61779079106112,0.3943113969477974
27.138488796591375,0.7119649209692085
98.91487044569654,0.6552191600161086
-8.575208183622962,1.0497549083502555
66.75661500203786,0.25266459187549484
53.225034371988755,0.7134899931925034
1.9731035431731812,2.0334092794694003
25.786245724955307,0.8322459022319446
44.555614088752804,1.2511695897802966
1.8656993219358817,1.028668705035285
39.031989317367,0.8625195459154784
31.46965585370768,0.7523942218499915
58.969051982301835,0.7539453689912374
69.41553925938337,0.5511657991912431
91.43510328337206,0.6364208996500302
67.46544091581816,0.9829044428802862
69.15126813343201,1.3115669628904567
25.632497870019762,0.5102416822528966
35.26468717392399,0.7112305536998029
57.44295463410984,0.4496015374830904
18.558070298105356,0.669254781873601
43.084739706992565,0.511162430741706
3.9572632053137298,0.5484905562896056
86.77030393095353,0.663348767184516
15.236261704199677,0.6075722434050466
46.17718044657659,0.3303727091060793
72.12460508636067,0.9727090353806149
64.23655902316563,0.982622511359267
53.15026565464581,1.3739630656987316
84.85861011826216,1.038140934019019
19.99878968865346,0.5383244078610332
89.37074209558827,1.1682641992342147
68.9804706789283,1.0724817764128094
40.51542193701616,0.5466400308827657
9.624790059657595,1.9803845859397775
17.9942191638686,0.6052547573124096
16.126684393345272,0.8522348709231493
47.61506693881685,0.5739632780923927
41.582247792933444,0.8594380218638715
24.982438275204856,0.5380227267852433
38.6503603205776,0.7693540980293836
97.5594481435522,0.6457639568485112
94.39779773997816,0.4254130519463042
81.26405428641469,1.0731794207259222
71.85853567394699,0.5592132542839092
77.38539902841065,6.45592643702997
77.12713430681995,1.1112316568174236
80.372097881902,0.607042267348024
30.486692246933615,0.6998670252049983
94.10198307119802,0.5464699869686683
63.905068981185266,1.0012510791728637
72.48668885517489,0.45136902695698744
51.54965861935992,0.6686028272224238
70.95662892788981,1.2792527454313665
54.57631716157874,0.6137161990186168
86.29412785581363,0.43245598080570424
99.18470547874622,1.0712113293811925
56.71520770202216,0.6383669680631172
68.5886550347972,0.6915396315689654
40.485254770783015,1.0643884943728685
62.165053754694014,0.6057053769330523
85.04906883049793,1.5471462032343872
31.814900147758976,0.8251550951245168
28.898176780496783,0.5071890877523364
49.07416625613786,0.6100900792680743
21.822171032789427,0.8915741010406251
63.035845961077655,0.7477715310188078
46.51453038377534,0.7085952819509913
90.3833319782776,1.284020832573602
-2.6646194157204235,0.7623869253730131
59.45856630194797,0.46193962144042366
37.432234022046444,0.6280286796489414
-0.6004205372684339,0.7499037164842228
83.50651416029721,0.8148525782330616
61.51840282299992,0.8466771082412254
74.0366279503571,0.6488905331411381
74.52939579974242,1.0432410154134306
83.95294012127053,1.1998762882642247
56.267416525067986,0.7538881467051619
64.21665937530207,0.9472389631512247
35.42038036355836,0.9865725363204119
45.11114918032666,1.0250560246681992
2.3759510962013763,0.5880524344846525
99.17867201023665,0.683067461441695
14.025261991864639,0.6330762671390717
34.072965334492764,0.5389231329412243
1.0650211984143612,1.2614006534582431
95.78540089969164,1.5179576411764586
56.059046881231936,0.5615695245476289
27.9314045789382,0.515776562934736
45.416882240577195,1.3580699124132032
29.18724754798222,1.498376190207999
23.82927151832542,1.4231867181586342
22.043345749611294,0.6251289118789707
64.49964952052648,0.7179852265784188
24.10794504935619,0.6121896399598601
49.40535257150353,0.2054758993764665
32.08712137478151,1.017466071698612
1.637431611733497,1.328978484230435
54.64971639221013,0.6251616134258082
7.723672536010213,0.6360208495946633
33.31389363117779,0.7089748263012705
48.53657137292509,0.515396322350476
35.07728307940318,1.0033139180581718
22.308828970854712,0.5701301944960817
7.479657094496922,0.6220814543248978
42.23428106264657,0.4055516873357774
65.98030933429528,0.7066413749647571
71.47362779428929,1.106167844330912
90.35776447462325,0.5360989162589149
18.27716150216772,0.78815168875864
56.33853934149815,0.7898534492316465
73.04309322062426,0.6183877223392997
84.37893014010427,1.0716417237916929
0.09921961156089765,1.1179847048823504
22.61473784733225,1.8307022597142177
70.80797675834384,0.3662722922971824
48.87611867318432,0.21299042454864825
41.3984149997662,0.8802524689644198
56.830060849094735,0.633430585070735
56.816803264821736,0.17729416783412333
76.10441465665227,0.523915988817155
48.91713958609767,0.43191335664973884
59.85949791877867,0.4562097757327628
22.11969382668169,0.6935832389361316
16.360617134094525,0.5234113771657576
65.24090584556214,1.084351985324954
37.95083521736957,0.5947797211454151
47.55210754977945,0.554179334510053
32.228318772673575,0.859661510184246
4.764156848184527,0.9967545473127815
93.1156167691168,0.944849029050653
20.595305492254468,0.5912911482193621
41.613729158959764,0.9192202816492738
42.812434611646495,1.074546315519969
18.07435762962821,0.9227136752100691
56.40754266219763,0.6239747005280725
92.60582566465885,0.6283664389802706
70.69748338107831,0.30430995320699594
61.979821783849104,0.6819709328740857
26.489284128439778,0.922633104715139
67.060548105369,1.181026866926473
81.29925315326749,0.5460070519907309
23.704734629068568,0.5229887510710398
45.520478519342625,0.3712227168478104
40.677891517088,0.6386327823575737
37.4817866883385,0.3985325637231494
75.0783252415716,0.8868483668829867
58.82874855191599,0.6976145526595037
25.750312410708815,0.6016757664886381
71.55648310486816,0.6694060555641972
27.500820135847206,5.494446820544974
42.507040496881714,0.4725844139335458
10.190860820354914,0.4708150667149358
0.24323984015023825,0.9599790709518672
88.7888109936357,0.598461014112071
88.46188124142166,0.7304450398330022
23.30207940752613,0.9410342066005892
38.428494327365286,0.477397555353388
83.27175586619137,1.3359219251880958
41.50565449758898,8.905133597714787
58.08242948071561,0.47605098980290994
76.58208969535934,0.6238444658167115
55.1160962960719,0.5977701274729027
46.81703761130266,0.6554479674568912
7.311683242095739,1.4798268201554716
2.7354850920556544,1.683190298112459
84.79784438180789,0.47056159791773666
48.192729302280775,0.6209963959547353
46.85038212763295,0.6307589001787504
51.20918066163972,0.9510998772369437
48.17989160009683,0.8003558197269938
57.617256531697365,0.8867969380017442
23.098351791629213,0.6936244113863741
84.43679771844421,1.2844800525616602
48.217821706078155,0.5385946948324518
2.254116434926644,0.8942734798739285
6.818347745553325,1.915260964936785
49.13506926410588,0.6571652462494413
-0.592303877775791,0.9359732793222229
14.966655594217059,0.6625600451550575
19.88638736988941,0.5786476028042391
82.95359348318068,0.2709060333196121
18.431822381655707,0.5373841994159534
49.63902266658809,0.45191459669039347
48.434454630815196,0.47294637359226943
14.104542467633163,0.7517763629169583
66.23036373497632,0.6313510096793653
42.89007598297839,0.6007788808975341
74.86431232372846,0.6513734133083471
25.885902360034372,0.6823864516049643
33.094173661914766,1.5029192527043982
47.52095927494316,0.6915467857105752
44.00006313028185,0.5798030763628894
7.848640257455855,0.6566844332606312
13.965512052541143,1.615783645011528
73.22546471578347,0.3013578431817695
12.504423843532063,2.0338227099966684
8.25068548971501,0.4468913096980195
76.98291601190209,0.3250782596356423
88.13644881864235,0.7382949081490153
83.22323376513609,0.6828564729860744
10.28041795802072,0.4596971388729738
76.14005043307287,0.2884122253098962
61.29205545425637,0.6153825935687642
39.4875501766704,0.6234656681284374
8.238530873977613,0.6570002486378306
33.09475743418324,0.5791681810710014
22.655820776556638,0.7182294509097247
69.2712689706336,1.2623926083771426
59.734064176742166,0.6022016941409714
29.20276800844067,0.5705868438666316
48.3723183915209,0.428669606494725
42.157005987288045,0.6143596431020413
58.35012636380517,1.0579314356597518
30.53726410126091,0.6730043446433034
76.98606935335357,0.9889263289380406
46.619068996557345,0.8237920157347691
26.921916679969023,0.778630433456641
79.46854446576259,0.24866666405094806
19.191479331715712,0.9093319250138929
15.396556024473625,0.9930702101923705
84.45093431724362,0.3647894786835473
51.71320686159626,1.0933965961476542
40.11807792114722,0.7473987042394454
47.8550369228214,0.48275443378301475
45.33288721162118,0.7790416028852136
22.463212921206527,0.8215151412650261
39.25812497569811,0.44398047147678277
44.285153775607256,0.3765355585716055
4.005508547162947,1.627818164996519
87.79522914641268,0.5922616497681279
94.53706932967559,0.763370912272566
69.29721482380592,0.5790141582135675
26.298209485156402,0.6673096931519966
43.35020403950912,1.4966545105596811
53.3852567395583,0.5623667248702531
56.972735644647685,0.6937874772877759
98.00535878922472,0.40938673460420283
83.77019372005974,0.9992916620682096
7.956529483205912,0.6465595904471835
9.495485629899335,0.4156704346347109
85.85660080996703,0.8645902455563954
0.46016683677419223,0.6187450310931912
47.72377509070742,0.5375914694941322
35.92699210624699,0.7352302543042164
80.16125646501112,0.6154876187970428
99.86165553823346,0.3611946831758378
23.402223312056975,0.9557264854556644
28.887311136260905,0.5595516991059775
40.66021897078346,0.6087445463861716
42.97918239339532,0.5748612915134004
37.340539614643035,0.8668048542066185
78.36501616334428,0.9633339059449
27.871418145174683,0.5581387399959166
86.39245998867537,0.47259948980629685
62.31134582927021,0.7017978973122257
43.89818325395689,0.7345052186935321
19.29054897715408,0.7960176889837647
34.361476270558086,0.4224629541907845
97.94226445758918,0.5500317495525224
42.650073109332496,2.9970439247658285
81.21021699689754,0.6442982006727005
75.33332959504995,0.23150795682235525
38.978604522410905,1.3498571822095897
63.407330574469995,0.49440754516185237
78.16611993684015,0.5932709013459636
45.35650345093242,0.7384944002862746
76.57853892569186,1.0081953713045773
10.076766347111416,0.8656445948647615
61.49281086118012,6.401245170159225
14.990102679295163,0.8804786803567559
6.155225307151255,0.4995746277009374
33.540073647623245,1.3580517470494886
27.546583953763815,0.7990740192291241
35.144309829985644,0.40287044301317465
9.451047636707312,0.6030452789675991
15.105808459460675,1.130324532628089
60.20166526176973,0.7460691229691303
1.6971294928948453,0.4985186290547219
34.896414716745426,0.5807847272843294
90.7249542107908,0.9799389891131991
17.94578720814752,1.6259992417060918
99.90182245582628,0.571466828799446
88.04328938664614,0.7485078959956706
48.116313887497604,1.1934339186212313
17.113526555943025,0.6675933880131399
9.44342568254038,0.6578349239792782
50.95690313525361,0.2770978147103733
65.74756390297006,0.6087495349775587
31.907182245476356,0.8605084812748469
51.15405251472991,0.4846478590079304
23.107879681805578,0.6654785656476094
25.341603370901694,0.4572641860335004
97.85527107662716,0.5766527176568221
13.64829701859935,0.6032833106935026
3.9801776315781296,1.1296008874724586
30.618269043490685,0.3393126241450988
40.66491820617641,0.7761150518517468
5.960459043944056,0.6347613570105484
80.60137659439783,0.9917188127585828
7.489942772327723,1.1759843260412397
10.059714069527345,1.244160172865635
26.214039880097502,0.7801240096228668
17.591397780555255,0.5087194290968018
67.58190767872551,0.3595507730426739
78.90545958606897,0.4988809813713688
90.32458855756451,0.559269078684764
69.78823283095568,0.6091954425861701
63.76315698897749,0.6545325075200843
45.73172872206274,0.5190576515989669
85.25763545036378,0.5563364672455087
91.83620190749016,0.660658260468006
65.80926138717746,0.21957307214768984
34.18990314291642,0.7684596830088708
90.04711930765608,1.1299690782843372
22.975665009773333,0.839161511742498
91.1046293506592,0.9799656562087766
85.94721111177944,0.8709772029916936
41.59893330744208,0.5142444417777501
51.442878775021654,0.4419506411875016
61.085924775778224,0.7265689966861233
98.98376726185643,0.4479860281822017
76.60328049790921,0.3004197335792842
60.02354200172974,0.4919503477039626
65.92105229360217,0.47214142436917683
59.0053321769831,0.668609719030199
59.485301299984336,0.48893897588408075
10.425995343225892,1.1300511894343384
23.13850664431604,0.97374599726747
27.548376077266695,0.6920332199738635
-7.174782195244575,1.0176020083646236
58.73911465899306,0.8986969481147202
48.49962593543077,1.3846563631904054
49.66213159343679,0.39046358164058503
29.293058362924086,0.5282859974284335
85.08779558021726,1.038573993940613
93.21131546409708,0.6085186188437817
24.125872795784858,1.803199474037007
29.32469353049956,0.759036065753633
67.35868345314873,0.6466260772769381
21.096613499205105,1.4369010932151127
19.14572119753157,0.742492483376882
18.864556169468308,0.827386454306767
16.099136439588364,0.7398089587846925
0.04992554883143896,0.8454556455474957
96.64493546848698,1.184128168245051
27.648833110701577,0.8005436520804645
33.41285975262258,0.48949408437710673
25.128792769731348,0.7599406402083213
-3.6182121540145857,0.960977393747612
33.48677170658613,0.7407756483242156
5.647671785673605,1.1091891903415805
55.50320329084383,0.8442902391286253
14.28271653092068,1.6950662373257739
77.65269250600855,1.113142449173247
20.709001416492868,0.8922519382389211
96.08000781720803,0.6483231714744786
68.77464217231305,1.2155811251556186
75.38418267347004,0.8138130070267877
63.40940432768613,0.42626696156868427
27.921471100827688,0.4239173605888791
85.11134239156709,0.7484616377353461
70.91627670677848,0.316328659320382
75.29099977315086,0.4524727420897987
24.77879400639948,0.8092985474874336
15.423043506170686,0.7472709111396405
22.07843808777701,0.6210214091706907
3.1690196318245114,0.509310965334246
24.248240344165126,0.49942194176511023
47.91445423103323,0.7227194132097594
17.560683459299227,0.6862227333812285
78.33303771136264,0.667577136747477
32.66469178675251,0.5909125607373706
88.0055434820336,0.8584481260025782
25.667238010739048,0.7193878787958148
56.29298869608763,0.4621966319873865
82.53183458624676,1.1269731063441513
23.663281101496594,0.5823074347201911
28.694513406287182,0.5760745835777064
63.35861462006668,0.37097706528947505
7.542774765222362,1.117064265570602
82.56907615793187,0.4590874435794632
41.61075231811634,0.40111409226072403
97.42291850405769,1.1199970553031355
94.93578888330299,0.1915804027743655
1.3758293233302936,1.7982938738033791
2.772616415414822,0.8494414292880257
47.17715094272543,0.6948759812175225
82.15515529133154,0.33010256896226764
-3.256112562444983,1.2346885544389714
51.44717326616045,0.5739161294409194
23.00546523527973,0.4465735089683829
43.25706434342186,0.6001905186711682
32.168933118583425,0.5860959113394791
28.449361029659684,1.6027763899924752
42.24906803781768,0.7081138461085836
64.13984082179081,0.5446552569373893
43.267905477584975,0.6362244569558957
46.82218591475808,0.530857978884054
12.097736540631558,0.6372096747729898
31.70794902322706,0.6447358586296232
44.13517774121917,0.6443605110734918
19.13459679755266,0.7642899331890707
12.219020845843549,0.6840565066841371
41.38533887379843,1.1036571525849572
23.733919140167167,0.4623073011297416
75.6837092800908,0.5840879760708919
37.91336058796547,0.4943093949186732
32.819260899130754,0.3695127359236703
36.02862265742934,7.826663188073191
64.78618252480808,0.5716809534851702
41.383175958685406,0.6336876362039092
52.33327875618853,0.594791533407864
81.05546033731852,1.4139479563559068
25.662357731846498,0.5640505749445808
10.222979786426905,1.00447366235335
60.74042710417038,0.6282117861631615
5.331424719458125,0.7257804085619971
83.86768700554147,0.7210215977460139
76.67244982754147,0.49578459232741956
25.823140611058207,0.6921369936756179
24.590375664663668,0.8989829924388513
31.67303531328391,1.713159085293197
68.63382226879469,0.7097863369119253
6.777924111367563,0.5823309228176371
52.24904990603184,0.8877236086666158
76.31649183310269,0.5705511555556917
82.40163079860159,1.1469370621483677
39.18717378046865,0.45653315190351695
78.92081368040968,0.5388281951960767
70.94193207411651,0.4690240893512727
6.3681362439694595,0.792636740059622
-4.157659407855419,0.4814121351449838
3.1773499833492878,1.023365429847054
59.86985816902664,1.2502020996297383
8.3036493721856,0.7779393977690297
29.723155613585448,0.6479197395204928
37.320319569764365,0.5792542310604905
54.170213465029335,0.7272535177019837
67.24646618558117,0.6197594286333246
71.26110720884418,0.5932466204538027
38.670171029829504,1.0430481107694298
97.0597746182052,0.6864314423382689
57.21850029820462,0.659421025554181
39.664910460696404,0.49983803386878733
29.542659789591994,0.561830325907863
21.185094630506825,0.5212565701452361
54.6760617445174,1.159226667091505
46.72132490483281,0.5241778273862732
32.84250870057221,0.3332673015026959
38.543458309807775,0.5692327888236739
75.41236823118251,0.589814385642041
26.837000156999252,1.0584225981232152
33.26655634770472,0.5077680511339357
40.400974653346644,0.6451226800722774
11.34797852925955,0.5200253400518768
14.608734012954287,0.7429068328191324
5.655288744546539,1.0319955972406376
80.73860219622085,1.2591061684196792
29.665493269875725,0.5706424945080855
1.8765537009698932,1.2180942682969658
37.28498941529543,0.9711167103098575
42.67958037039829,0.5425323712013161
29.793426666543866,0.5494977673485251
57.492289707264774,0.5878619924873298
91.18842985920094,0.7128272847005697
33.14539696668416,0.781385466590498
5.002050702079757,0.951541171293965
18.40029007275116,0.4276955826516442
26.064553849842937,0.6419337070861237
88.66603983692727,0.5510459354693822
27.710948546083955,0.7647372410534761
23.96153705270977,0.6860140500393567
35.59567040361196,0.6047591256726701
91.48393808999916,0.2714636762889242
30.456076962418365,1.1174042990135291
30.723550693839,0.5894993797408402
38.5455018083516,1.2802885262178005
19.944975752850496,1.0694978366753394
64.61911809408655,0.9763980325711072
87.73079126476216,0.8659068718667697
-0.09298095566441589,0.9488569320828555
58.19630182479975,0.4447621006312463
67.65063729790006,0.5088910636182948
73.52580812259474,0.6142413046917912
5.609569127784724,0.4889056518620549
98.8177988427212,0.6668815756046378
34.36926732255727,0.35763996279311727
44.357743287934255,0.4013582779768008
50.707992126717606,0.7294913919420867
82.73410949029316,0.5462621228957474
26.103470153077794,0.5964330916633624
39.83168915231903,0.3868374803997323
17.920367316092623,0.8026298237633398
71.82572100562072,0.6551845897099842
35.54323119571632,1.4858809549017309
9.791119534222473,0.5406808508618732
27.069408029095356,0.6765847014482205
75.32483712710089,0.6286171149235009
40.412423401771605,1.1537428284083564
83.35203541876703,0.5271925819196346
93.0348848612164,0.9996897215543914
80.94155051983509,0.9592899191691284
5.978162326028539,1.0181562910661572
60.46027391438109,1.0698634661046917
64.16350069415627,0.9330228975838306
76.08634179702736,0.5918701087077332
2.043616547369755,0.5986252105500505
76.55490986594342,0.5583615010005891
20.149753218570027,0.9267915326176901
9.50688605500875,0.5676652272334084
97.4381646026249,0.8198899030411371
22.33660198893765,1.469895872065524
-7.62374326969578,0.9481286379443947
12.133711806294535,0.7619344910160422
42.69155654390011,0.45902882521098753
65.8095815913446,1.0116483617429122
43.016762826077574,0.9982346547242766
77.35370146886241,7.30080550865188
24.786538134243145,1.628534086724871
41.776782855774314,1.1163085454476143
42.89048147486558,0.4366351626992824
77.3417223211427,0.7362159467604652
-6.468454662666019,1.2678294506020809
29.76695384115257,0.41176738243122557
64.43562307024919,0.8564920352797134
98.11789332056324,0.5508986518294101
71.90578501168048,0.24204030735598536
96.29697927142861,0.48099264137443076
60.464607753891656,0.763640738678669
47.265538711515475,0.5745168274322618
18.892514721742685,0.47236983426768475
66.96310406418576,0.6000367022977147
97.94491337841075,0.6553548791156132
44.5681154598237,0.6630277453275362
10.111783631202954,1.3709976987299495
65.67126934435754,0.49577838295485677
32.683401775210115,0.4185506536722663
43.39290017798916,0.6666883334570155
17.097598874615116,1.7883485688231744
37.18434152868657,0.8396830776127318
47.46013155497556,0.40267940846189987
86.49544512940486,0.5569871468954517
49.76338855967207,0.41712741490320404
43.81763568996729,0.6486082404424653
44.96165922077867,1.5764785110404844
45.67372234448763,0.6449397282161868
41.348350444680875,1.200444786983534
68.84995124546418,0.515097943050753
96.2217169407748,0.19941536251780434
36.14377983264146,0.5013748110721148
60.00773488961004,0.8824051305127146
37.6039363068933,0.6437649847822247
13.793331557980629,0.5909970326862659
50.507342421137054,0.9632529485510091
46.41106241223224,0.6970735440530706
50.91072213718609,0.805413359753748
76.07522971080289,0.542690154252579
90.89522912272193,6.362097887962854
33.096902059998385,0.7330962459763923
10.331082037960627,0.5454160975464246
4.939049649700607,0.9464158499851649
72.23630055468135,0.6668118583265379
50.77911080218177,0.6350406010667471
31.89619848610262,0.5308192800133984
25.60907146630214,0.5591746786012433
57.09685112351315,0.4523783270388311
18.30101244108306,0.7843696392566599
57.47652273519628,0.6758564696536395
95.06691958578028,0.45484854312094747
39.30873777567871,0.4912721322471221
82.19803583604266,0.16852488885263206
19.931731750868067,8.72003602475107
6.15787190262165,0.544744450040457
98.3462393952596,0.6750907656278908
66.50738956865716,0.6115863267422901
66.46234903300154,0.9604759545063128
27.628457751647034,0.6775241023977114
37.38758312576755,0.4019653234124141
61.052319426381416,1.1756698755124546
43.06774640407812,0.9893587199421194
44.15748158429852,0.6162038501764542
43.261479399139496,0.5738233525214955
55.3683476199693,0.7472864960119141
9.333459446634379,0.9953985246658146
61.06698055965019,0.9900222472622069
46.284321494096645,0.4881714961995893
71.06817521224356,0.35879763918247853
12.457248800588768,0.6354870840179232
49.120138328820076,1.092301551972759
67.7083507281846,0.20548683599730944
64.31198487086596,0.6232974207297417
66.9859005507073,0.615686834502803
93.48483307661064,1.3444425284167316
47.99386961807758,0.6675941795386482
73.44740204601501,0.5207314341588806
31.080655461279207,1.1434338161847926
85.28690099692811,0.6625315749876997
58.29949818541979,0.562068604956595
22.85869117738592,0.4459412201670503
71.54112436435764,1.190365926332582
74.95705043211711,0.5743569262100685
26.648961702255168,0.9998918245580048
8.775042379355625,0.6016920020129808
78.10485046472897,0.654769434438121
23.801732646582266,0.8977266218086868
91.98310101015468,0.25098250521235776
37.98125862335532,0.578646316850429
17.041003636297184,0.5760934569651388
38.7904648525043,0.38245991086803777
49.593821154983914,0.6391716328692088
67.71628637538292,1.162513052515048
54.34373473594454,0.5363744345183168
88.68566116483484,0.4206800625780627
79.71444348861652,0.99238048252694
34.90851788662851,0.6766304651031101
44.765513318427764,0.5584860714215267
57.98026659240455,0.959743478120318
90.78466446375484,0.7361116627938298
24.140042910566336,0.4695180478430032
20.540798425298107,0.7800512814483298
21.748530752964967,0.7155222856522698
-6.629824355740434,0.954648848924263
91.37148915588509,0.5409236882514605
88.06107157978958,0.44407365044949687
