189.74180915335205,1716.3346450397523
195.26858376396262,1552.7043392345824
196.31250119563217,331.3386041374068
193.57915533317004,1290.879520599288
195.15309149292008,261.6861322568058
189.777218232172,209.86971928977766
192.23164540645234,996.5781030639978
193.26376318131702,752.5236637331498
193.25614130523792,803.9310129895886
197.5481827836207,1384.7489438598418
197.34466394862545,494.708712206257
199.6662131208864,633.6685071947122
189.2488722455428,1485.2745756614097
194.67988798013258,1652.1224800117113
193.36926814991807,1624.4950598177986
191.4911077731625,1878.444535426253
199.68859487776686,1039.1184177991051
192.50874321428995,116.4827547800273
189.24691270152374,244.81727419049457
196.37208988625122,1027.5641656001892
194.66212986749133,1751.5776022991024
199.42378142711843,834.1364984226694
199.22485139581374,828.9504472751623
190.54034715992526,1951.8773268783748
189.85478288650802,1557.3910448612105
199.4753055142901,1338.0419323440785
196.77246651838053,1850.4508066106168
199.34106208320776,531.7921110505888
191.72569374849132,214.684095247186
199.49899596859268,481.4586687553601
193.94413297755483,46.25361469049159
191.41141189222793,204.18459639197113
196.31616197364798,659.6087643867188
197.3276815288997,522.1054940957644
194.4322439517217,255.27967476756413
189.38197501935258,275.9092753378127
189.22178373110023,561.5806059226982
199.80769772661483,1980.3938246345938
198.94824431227,164.60436840450257
190.15797111315592,1403.7337894083744
197.8050855444873,1044.03755536452
197.44357871099535,1682.0203090755263
150.07282789215395,67.31173880703795
196.69495052288212,1220.2295106124793
193.80282092140777,775.4224489528252
195.1242460109571,231.70632475196504
191.6267322737957,670.4898712208312
199.72462219555342,54.242006052243994
193.6104542870719,1019.8950918408851
194.99009336200658,1041.6587245347994
