-39.50304908909732,3.439058128659724
-42.39969893970221,0.42353971166420656
-96.58844017365035,9.752388436362597
-7.606630339847854,0.41923006799686274
-93.67071524789345,8.199711189921738
-0.8775041001339332,1.047962511600037
-97.643329125353,9.816426637928313
-6.826448484333717,0.3315971017879633
-90.46893563309078,6.452180259162041
-1.4250654011088848,1.6172126063832515
-2.8625953211815656,9.838645985917948
-24.27534942619326,8.774590498458757
-3.4339946230115643,2.7984163763872303
-52.5935454586216,8.21045096917248
-17.733193440875365,0.4095930034947006
-27.182352001825592,0.5634859805583998
-3.793935983403898,1.6727155180003894
-42.11105943912037,5.984015945147805
-1.0754716277518321,0.8456537088103149
-29.89527981786697,2.353889877510546
-58.27980416050912,6.673821118918763
-4.0291854145961,1.8411610949296797
-12.886372874583884,0.6432995390204006
-23.564661133011448,6.510593983310114
-35.04557059595018,8.70819391355813
-33.63223305339632,0.37328921442040297
-3.3482495002055206,6.4585181268084195
-33.00390057311401,4.30702999547367
-64.47741935036315,9.979080461889719
-39.60869504387357,0.6295030089103211
-28.300193820326925,5.472687857501862
-8.612121009148154,1.32071528140672
-42.634312601984846,8.062083634719333
-17.123278382368262,0.6117210353745319
-3.9196555401968425,0.762318295458341
-54.971416137893605,9.222863306060612
-7.754136502128674,5.363140544617951
-26.109322346984982,0.5375088339223697
-3.7062943484356055,0.8474177587637435
-4.33086695941698,1.0228698553807654
-11.979147107873416,0.6943079788466999
-6.8881230173014245,1.346550133196942
-23.991354949126823,8.42186460144503
-29.263619984726503,3.6767518183665917
-58.28668799908311,3.5304889455842954
-6.300381078050076,0.4446301049855226
-43.492755824890615,0.4810835537063447
-40.79126633581827,0.5552994352896512
-8.730005049476581,0.7126367055446241
-53.16301036966881,0.5625511183436198
-7.0876495895780565,1.1167604559199602
-3.872625833267662,7.146277224596834
-50.40877680035648,9.11993494483205
-0.25729006277959954,1.0436491660321803
-60.0055862347503,4.91593014869553
-77.16771679365263,9.9604315185827
-1.694844743447483,1.2374826215945487
-36.92755743622595,4.85628712543515
-89.49756375471232,6.706593747800323
-23.076613322523613,2.398194773754623
-22.26496818125548,3.1863740630590853
-46.70797105291046,3.684748167127797
-36.8639637219248,8.737045330711668
-2.76516848265357,1.447355968413035
-9.557375272986079,0.8976447937987686
-16.91540168345381,6.167806825802313
-27.084062558674233,0.4446314882206259
-37.0652525090017,0.47108098912069085
-8.410971196961109,0.39329779172477936
-95.28707103771278,9.124461227465954
-24.82129823472029,0.5843049664889683
-79.58172140041935,9.067123027507712
-48.973106978965646,9.459149109864205
-28.749247420708542,0.5718937372481872
-8.254482816432414,0.8923620641131091
-0.024730677090005315,6.190004335093247
-81.4005598510416,7.329599571428275
-17.541874235952235,0.4850747529676642
-22.47929856013681,0.6479692511697746
-22.142597562642166,3.087272275552099
-43.30608303821194,5.912566729112232
-8.232791200857378,6.994332227692606
-14.747360551662908,0.4368168457669057
-91.97212763620597,6.56783467817746
-15.61808238858454,7.806058134865172
-31.420270947738725,6.072576673489364
-70.57048124422798,4.44092504218922
-35.770003030749955,0.45542873642952586
-10.049738167440744,0.8190303462904405
-2.809838623493846,0.48061736749083295
-15.805317157358282,0.4335346168111549
-39.571536071351815,0.6254296996858585
-16.663173348783452,4.228619358359451
-40.07325069635659,1.0836196656149717
-36.96011569556751,0.4967033860233716
-34.308958632133056,0.5661302514874791
-14.169486905515242,0.7232446423491938
-7.569809898735066,9.07172706205483
-7.004971175669596,9.391820255928792
-3.3901943245214907,1.1666848595435475
-6.979377195072928,0.4203771407211936
-48.30370334003614,9.61388323593144
-58.51665739614515,3.9875153259607004
-88.85917728267387,8.310730983959441
-10.730035299032906,0.31586630005844185
-24.812450914060292,0.49156227578776956
-20.709841530669593,0.5282053816658348
-4.4688431865876765,6.904216995599619
-11.910764706553863,0.7005548621573356
-56.78162132249258,6.13652658715079
-20.98941556297143,4.581909574057699
-12.836360158498039,0.5885366418669875
-90.2666542447069,6.496397646781073
-57.911973029417666,4.632753398694167
-6.061376851680677,4.173189827845878
-90.17693849340438,6.334955943120743
-3.2868494199286893,0.8985251418149989
-19.48894110426769,0.4146533770531766
-5.3941661085782755,0.5904070643376684
-14.242419193279616,0.37347367946406895
-21.27360032414572,2.2350537530031502
-81.43210703127,4.911360309231369
-1.9346584239020643,0.49716604521190044
-1.1692454027724608,0.9071154490262341
-49.70818853536762,5.474618766323301
-64.96491245398695,1.0449686935244848
-75.31964959028973,5.563015469330859
-91.27947882072972,8.457894414169663
-60.662555969691724,4.318859811223389
-6.3485349389065915,1.0609723174720749
-21.99958410378315,4.533824976937744
-42.01445505554902,3.1667894218298
-21.731849174682154,4.062465916227783
-51.78170875522525,9.619737951831556
-88.22295605589076,7.471699149252584
-6.048769371176853,1.4415433945894147
-63.74647178145272,8.103472849297237
-57.91939981685423,9.785946756877777
-30.130411742476383,0.41721067846892623
-44.75230608355103,0.4699254955280825
-50.283417276527615,0.5540041415988757
-54.65563343468457,5.129925114123138
-11.904629692684523,9.553127944571496
-5.0695805605072835,0.9056610699647409
-95.38944188124442,5.74846103905292
-7.761583504093593,0.7405665980268505
-8.093977024756057,3.9592453008546826
-44.39342948209854,5.720917760572943
-31.504288431665238,0.38079939089327475
-0.27927461795807673,1.2586465866525884
-20.12341616120531,0.45829947674629645
-48.957856085999886,1.0885362904183242
-9.650573898378141,0.49995844880734985
-89.1788059948345,9.286156965326398
-20.093600912799097,8.84368029151832
-7.355489888340188,9.619469948932107
-1.355902348254915,5.307764260143504
-40.72950380495149,7.405877163618246
-78.83508950856027,7.6805432649680405
-85.9481661378073,6.227747205774946
-40.8166872329531,0.8981368880265176
-19.60928715100765,7.31140598895085
-39.140365353161165,2.9580898576397283
-2.5737345546796195,1.7268434295459976
-16.426839408783955,9.987300988518909
-62.854103832903164,7.542717271795265
-3.380003881116437,4.867512176354559
-6.330183323475836,7.3768663193867035
-5.388728984206637,1.5587422347069406
-45.89928171026739,3.176886801843958
-27.375004996519863,4.790541999071235
-31.139933798350967,7.9380967344532465
-10.970040666690963,4.8172807588898365
-7.595651394198153,0.4210234437971234
-8.376298921519108,1.1856878373081905
-35.24927344860822,0.9557481345746552
-51.17412456281388,5.500901107307166
-23.43488661278822,7.416457259227535
-66.4164928417083,9.781586054849924
-24.170848269360505,6.684857306095059
-0.5581574556295692,0.9512665215766702
-85.13830852049178,9.411328976213344
-17.056822222499008,7.7462535671201636
-63.69949843194374,4.574335393860974
-8.471936744367639,1.228910500100243
-4.53268687317339,0.8104619034367602
-14.740562577383386,6.9835419039128235
-4.082633154566295,8.571658131106304
-0.9424332913274895,8.422666912347147
-1.3525710920328322,0.8115913134042714
-14.891379470929394,9.214341395041192
-28.33919177004147,2.589916087833812
-8.016537048038884,0.7729947709554157
-5.8753736062515465,2.719547861935503
-7.126536746440195,3.3501757815659694
-18.803849452936262,4.878488638853554
-3.9501017572938224,1.1216305075354773
-59.44374209244542,6.074756547141332
-12.774123258247926,1.9291898425313523
-2.127030511682772,0.7835068830676377
