-155.53890086894694,1459.6472934276026
106.38922178168023,611.6626331555219
-170.56035847465532,423.66621751059614
-156.34150638085464,518.2741438434016
-147.0799163629796,660.676317937447
-151.45222367938686,1334.497576237097
-56.449220984171646,740.2053310423674
-115.40073039184968,1209.1391981658455
-151.31048196226865,1720.4904151700289
-198.47419987246127,520.5915201625629
48.5852587794181,168.48082800290683
-72.980781707666,519.3985987141438
-90.63586669706231,1071.0337234293247
38.8133626430641,211.93108772435917
-146.8350415391253,939.9013405465901
-27.70723388401339,202.4803716257606
-34.31405092724239,513.313373081038
-23.914396096755183,332.7893146334984
-81.54797058327168,790.1701769511932
128.5876341581871,580.3354805338618
24.264001071843673,205.47623254756894
-114.3078303703927,297.84551644231806
196.31448064022527,817.9043737580928
-184.12051001296007,1734.9785683683353
150.6770676252831,511.0909085656499
48.76053631538525,276.04164179662575
-136.9903143732693,1073.9338977119041
-166.62890890559962,733.2020240703105
-179.61583197657447,472.3520716129252
33.74398457314638,261.0333410201828
-34.35316168513776,65.16129853068304
25.007658725140118,186.535871409165
-120.3488694882875,1003.9668049910077
-159.84462454913754,1827.9978454306302
-114.97061158079079,374.841813353068
-16.907223291777044,52.7155228405939
-31.04899069734097,193.74362798798205
-167.08692414822772,1930.042278754508
-30.856087601590602,198.837872394824
12.1820738682799,93.7823570184687
168.79056364817745,808.6832866459586
-79.26290444974167,619.2172937280521
-154.18364873255246,1200.3511587207456
-198.55337101236125,1853.4603502155264
-76.90342391752053,1320.701339286351
-4.677443971919246,91.56335878779166
-164.6734050470763,380.6643427697479
-197.16430664083038,497.5425971034638
28.73152872101342,125.9839640803643
-160.22895406691157,779.8724628069921
-104.29903902386812,269.91712919630993
37.855339708571705,184.74009600302048
131.73153344359804,555.7577485041188
-70.94429668237292,1411.769252273274
-105.52405372041167,557.0337915227678
-57.54572775138024,626.5403483340094
-119.50985011659643,1405.4149620518342
-37.91222294751853,65.29805310778312
34.06084500308946,205.37676400430348
-48.22983876157696,1176.9790008173718
-2.5218235279596115,73.54526212162966
-27.416466461028822,229.08942384188342
117.10555313537759,586.4993553461254
-114.58442648968398,616.6795018974497
-187.7494293068385,559.4040836182762
-25.458331645531672,1089.4461011324186
43.20074015651562,222.20293933456117
-91.64061832652983,313.0564773676839
-131.76389252540474,1623.126737950743
-27.67586884426521,257.5287703331533
-45.11532371400085,120.24933334358695
33.45778594336113,199.52793369991207
16.424293841031798,105.32993083522967
-127.85151002582626,1139.3388822526613
-22.156147366132018,317.4320229590581
51.898181052407445,267.54219256518144
-187.14868106016985,1298.1116863560333
-88.42328973426297,794.0492369515584
-113.92488463767546,1264.304227327241
-51.78368407973639,828.1873501843218
-158.4194344267549,336.60614199196857
-129.0595812154504,1249.0575488021552
31.620767665491982,140.32948095527303
-161.2968934200548,393.70801335097974
68.56458895659662,224.94332396399375
-63.37653052421527,470.1771270810543
-113.34715889576078,1016.9334694162626
63.57582029861902,208.32122788203196
-130.94900912515936,338.95562757544235
45.088782097487766,165.4812624389461
-138.32151050428774,474.60800300604024
-41.33102300126042,1302.1235070020548
-71.92261019784827,461.20595053739464
-115.64595681650466,1877.3285765577132
50.68877566940532,325.03269586421527
-147.9134696130148,1357.0404343662121
53.24928333152914,295.8618545825751
-5.233904838206456,63.81018223134831
-113.46500513397967,1480.6771314649936
72.89938425237845,370.6072285012975
