-199.57230278658506,48.43381011658403
-182.63826610027786,1632.3382668035335
-198.06867558360975,1387.6807864132772
-189.52244962281472,432.4677084929011
-195.83473570681565,1255.3595937914502
-171.02780830101293,1184.1064517232467
-196.86115751203053,1179.8879446036103
-187.6677931133543,983.2442151745443
-194.22715407463429,1515.3164866140526
-199.02995991125704,248.6312839087182
-182.03656751567988,1348.1655173554311
-198.69403262253124,788.3842684903898
-193.7760598824716,217.45520811258547
-178.3229325093357,1835.8392389622336
-196.32367917499738,1529.8704690537063
-170.89914308085568,1893.4044535655921
-194.11417859682422,1377.7674649088237
-191.85287597137685,1351.4040030484978
-177.52063987994205,645.3624560491145
-192.89531372993318,1755.0523876365937
-198.7041019338177,1465.3346632457133
-180.27926853685432,704.3268912973547
-175.2425313947229,1585.8256326962896
-181.57506244455732,1263.4670430312444
-178.98804754095633,998.9915004272602
-192.76901930228155,595.2571647092292
-174.36511540476067,1718.3086062472844
-197.42334387115068,740.5564339905933
-175.7090879145578,1081.3641410702326
-173.43673389514126,1314.953391349662
-195.073636964719,1086.68281073896
-177.06790561854874,1582.2898459106443
-196.8943324696176,1161.7611610256722
-189.26257517362487,1027.436435665679
-199.97060623113956,1990.2796494474069
-186.77531572463792,222.3786088704012
-188.58885264042013,1278.4197432077083
-185.08297641711454,1033.012916387309
-189.40691108705983,1355.6929186108869
-173.1088925146113,972.8977317765402
-176.04450571872673,473.522508043255
-181.04468026545655,1164.9080167818959
-171.3600577076052,657.7699158903824
-191.42140533889594,1504.9850550897413
-179.02325339130454,855.6008382354408
-172.63514323739219,1714.256070973396
-198.75594306294994,1176.4441715260261
-173.96768025338335,839.6532803721519
-174.92663495350862,1360.313728216359
-171.8262092117696,1350.750867704341
