106.58291843286138,51.98696946320297
85.27890217684568,66.96735088490115
76.59445623119744,50.68504308865906
129.37787434866576,70.00409247111725
73.227272030816,49.66939931277333
174.75412751717866,77.53729119587177
100.16263044440038,60.48035293743004
96.02091331509271,56.39706707461106
68.95479242442894,58.046532287617225
149.4217683653087,66.86629097226842
80.50838939384631,47.31809275641376
105.10948367964531,64.2290957244933
195.22835537798224,82.30575511839143
104.82536371921228,57.34274075470688
103.93544601506093,68.40337682175826
103.1930203723596,60.17073593797226
167.87082025406687,76.74635242252475
146.55215845453972,72.08385263661188
139.88380402854642,73.72131453022718
88.494720053847,49.152916850987
180.45828890624938,77.39070005646897
112.61913589745693,70.24272823496112
116.42507060154355,63.3572492409462
98.08258696233943,68.53922386838218
128.26469265082824,68.76612963427124
165.08321916934585,71.97232405591969
172.92292660169215,78.45879173937733
94.68501800048477,62.97412088049091
122.25332704088815,71.0464523691636
181.72349901847616,79.70013055649079
148.9257873992733,72.76006045668858
124.58588654471441,61.89622292152933
100.92341431694487,65.73301523607326
77.11172900146263,52.73318322903222
98.26143845378272,53.312525566267624
88.71819467230316,34.46113270719994
82.69674451097872,58.91816486402618
172.91221533532476,61.4327480792942
163.7522206536134,74.31141168141468
183.47411410454237,79.79454253208249
163.04109321753572,74.91884510888303
194.58699883369252,70.36140404665898
83.80874745295426,64.76811540443771
170.71102749746137,75.10553134416028
113.16107734837458,69.83006680092151
120.84993993411965,65.38956768465104
121.67151199657381,54.95533662085232
195.49633949371744,58.74212602148913
68.80536291899742,51.912096658099486
83.045213799768,58.63162572784847
179.78206353357828,64.9448049858085
115.28398584479137,69.19563264263448
171.23943857722264,79.18047825964192
182.80868873836823,79.62527495004099
164.62267105711794,71.53336858132107
136.23325995174673,64.15308672786695
69.47396844126717,52.159193026265214
71.67926531358586,62.128088987096504
189.61371067022603,81.72779041705047
99.41132286871564,53.43067507841039
88.33178592464466,58.368124790889
88.8494226121625,50.456882556291546
171.39760905265328,75.14478553084626
84.32852396284338,47.72882593697426
87.41842854246832,60.52252343387181
188.60201002678374,65.02661206014363
144.79749662825495,66.8545302918015
110.75905786336608,65.27000145926604
105.17004827179866,63.45133246834756
136.34515241049723,66.08825134029291
104.98316745229778,58.49757422572654
199.02617906829042,59.99814491989869
81.4238941135855,47.12125893498069
69.76574332894998,58.014237197349075
170.50451328624766,76.5330170411521
123.39361222718485,50.55998351483407
74.04996069577362,63.50025839215624
196.51436720917343,62.65200772896484
143.05276616084743,69.77175406852044
128.2208006867138,67.69809093468018
77.32481296763477,51.53421340587489
192.32804401406008,65.78977072647572
131.29212027336683,71.85759678997405
175.68307869990866,78.50912280669476
163.32728745140128,59.83105668003914
50.779851843927716,58.956692785514946
74.96166427496115,65.36289302267143
126.01220980381589,68.30708788040205
171.07223118613564,76.9983090791641
162.7280466723479,48.75988467733271
184.31924141681932,79.9968598793628
174.2691709063003,76.15360486478963
91.91652561946017,54.23270420445414
75.36029331256589,56.8191142498008
178.41771245943477,76.78505127509038
172.23404307039462,79.21971955189736
178.66521891583398,77.19064750707096
126.21696122135631,61.9195639578099
110.47925906328649,59.30220168366682
157.51723392511474,70.07080030943185
186.01724437798836,75.54871569263813
164.48234372193428,74.37982012276188
92.14971401243164,63.778134294540166
110.92239741109515,63.94117761009642
71.24756281287532,54.848449799554466
69.6043884007126,61.789662202571066
122.00129055479431,58.468046527735225
170.91679975742278,77.15366872138799
111.89436514700128,67.91805693871319
165.59197432027776,58.730253605847565
109.18344264891346,65.89459502829425
163.70646625913707,54.368766077482064
90.83179164308793,67.18871925737164
85.91519351169097,47.765717744774975
85.76617792940192,54.597278830784575
174.11956839579528,77.93199114097757
199.39752224829235,58.597261534154974
97.34211963332464,54.78712326057169
195.1134352917507,81.94107672955542
180.27944914602915,54.74118156271024
184.6118133796402,89.23147311324055
171.6415824794644,77.7979037145741
121.23158156060586,38.5966879790121
157.98467295129552,77.33714835764039
96.62768674297554,63.0513814919303
197.5332640690308,82.60680935705304
102.72710481910781,61.79000964308241
109.61196507926643,64.70311602858587
65.1703617190507,64.81068481181288
175.55774023956423,75.79944361862309
112.36994899753525,65.37976559092465
88.71875097836606,47.27752948813671
180.23980783521804,77.96033849605239
99.10568685696104,63.01556457749337
72.92300886219297,59.28713189694045
101.88029443828937,60.65079051771039
103.02157597956,69.17733158119228
173.70424462637996,60.413997887216425
101.24343504015519,55.31211105211443
165.76210942455452,75.23386849407214
91.47582918538228,65.12692144829369
149.4267920998815,69.55461784182415
84.5351567136993,66.5077288469464
74.3624281424878,46.56752795639247
175.60625278523537,71.76439326443105
101.35476136180289,69.02881664333033
121.43699257261716,65.91086712934322
101.79146721271219,65.84280629839884
107.69304435051271,59.259368660613035
166.81511972226218,69.210370776698
106.34836738897752,42.90121305650584
86.86899756894795,58.18828740745775
84.01834609410558,50.05687979876379
156.43903329983524,70.00746045367505
97.09350921715168,64.6121667561128
100.97088596191365,69.18445975030252
82.6169215687095,54.75279734926613
95.9454996883889,55.585309920029815
177.4225655351197,52.37388826053282
162.82419844217821,77.53643988986747
105.87127332548712,66.79292257408508
97.0207919954859,52.05686787644328
73.00224510808039,50.28734074490387
95.12106474209813,62.591891552748706
84.74457739173656,56.12591040761937
99.60770429118571,59.444422964470654
103.0339599312816,59.25477627326205
196.29861967494543,64.17193681893667
70.75709144821832,43.488414573120735
96.96202549245268,57.412869957099076
178.1757813156421,69.22711427759006
140.0535605097278,70.24230314270264
108.67239481683315,59.97735723301804
102.77745312032138,59.89469033157829
111.04472611753238,54.29223428013984
137.50360009787988,74.50695109179163
170.96576435425732,76.65625402299085
106.85053133246535,64.38196320077006
118.48206114631887,61.28634083417316
162.434023014677,76.9531828711689
188.10868623489176,79.60017145641609
111.66117568248318,57.698560606912395
132.20249293994124,68.51541368336657
158.29548905225127,70.0193929474753
183.31697143960355,60.09677514086883
138.99924415406863,63.50859986955134
107.87207360988339,69.78979868019832
91.04901762853186,51.1021874525305
85.66079162782766,51.30438053595475
175.64595025926351,86.90268903336592
77.52180749613015,63.59173583769153
85.97451761600773,60.9474616019545
181.9998959373828,62.74668587210374
109.88784030167456,53.66076146399166
70.55406083480305,55.847243577090524
172.18769120880617,75.40381568506359
97.51579271088794,66.08463108748938
100.0697056853204,55.398274899925504
78.42920682387563,66.86265091795482
176.54229746958293,62.29865317020531
