51.901649635724596,8.385383502142435
106.62123653766812,12.852313917716533
117.90598342747057,12.68563110781291
48.03104546268048,10.619016990486726
48.0973751797259,13.8174166971145
140.78002835725488,8.495390538080684
187.7943585649033,14.382187966404851
138.2053053838223,13.211695623571979
55.84028511279835,10.436764907014282
151.88020203745916,13.952404325710747
106.88673742524463,14.656222513478088
113.86344028366753,15.349782013422747
42.48648150230905,8.227755603407012
86.68094016982623,6.4180865490376355
42.614078795173384,10.619635130133162
129.0945891120747,10.949263722733281
43.47587027256026,6.320119965942396
83.8428932209103,11.476289412423412
195.4900278632449,15.655573724159545
125.92165198296777,11.602420853762382
187.15666914627639,11.600757883727416
37.316338744894644,9.148749291378575
97.32080510422777,12.977433417496462
61.504796501632335,7.326985748902913
103.95731156596966,10.87701243103353
85.60301330409077,12.205681924727543
215.04695352218596,15.296266562307503
83.62752597162249,14.062839543227284
117.39490792195207,13.613297214169204
114.4223718997512,9.789474941461728
84.53220239974408,14.809353409542409
130.32653394638618,13.337553015576992
170.89788682453346,15.366902903140055
38.51237232098529,6.958970122248146
58.552712435252246,10.99862377822938
127.35085150035948,13.9756070641251
175.46409066283627,14.837414662707591
178.83531811927168,14.581867554660679
59.347587513191286,9.487285668536435
135.0886395386824,13.799486171580764
70.43074981304038,6.786990389280962
159.17312321805287,12.506144130549503
127.46901908388844,11.835513403500292
52.74090733574005,8.306495609392583
118.65738922318144,14.012190256119858
120.14136929714712,10.936454363643307
37.174727196837836,5.418505458205982
80.78620205577833,12.392690953150128
165.40230207324763,12.683787979231322
41.31755029948529,11.313323188416376
62.83170393971656,8.103473993440293
228.45908461054208,16.437575937602098
151.21891847745914,13.861084223796531
198.554107792869,14.512232720162139
53.34388615562067,12.413588376608953
265.3111874948235,15.31091899336933
127.26707723144472,14.981137397328858
171.63958674283322,12.628406784379685
153.08390700500408,12.247268554478108
55.0162515965406,11.651041157030466
171.24942854782228,16.167074935738732
216.1150013411982,15.696687766912193
144.48753437731565,11.698806126349512
149.79329283442286,13.578690470238865
132.09274770140797,10.853548400755187
134.43061212362184,12.915110522501946
74.08847564193567,8.572298647034298
113.51033300203716,10.190257835817295
78.37964862907654,8.030328737126691
62.71857735835725,13.588408396755797
51.48935836324455,12.38546630230362
199.7959196525478,14.441445894192775
163.63379317456483,14.723674552455114
66.67926648736531,10.027386240466946
127.51684072766683,11.529169069294797
228.69494332183615,14.67784655599322
48.09992139154724,8.791333130953277
74.13217313608459,12.966458957492911
147.31557486302046,12.146622013827159
138.02078976577235,11.058514308193974
89.30791597369631,8.413680487212956
95.51376187405697,13.39563634015426
149.84519227578357,13.736234973109239
123.14345546642087,14.313833176392652
89.96217753682441,13.806579171612865
84.01123832099269,13.899425440998295
123.98891024531542,15.35965517236202
115.27411746797529,12.967340727340774
121.98443617941619,15.259926816040034
97.2876623193485,12.370146802321727
73.69288624017636,10.148277444437033
145.0605893212527,11.781721726220265
103.88221518031263,12.17830971682908
246.2911383328499,17.14319433025447
40.44395293347468,6.570567060761295
109.79281122291619,12.77464675020779
223.3660848101377,15.752043580052426
40.73574165726484,6.903759967625184
83.48659924335578,7.177834579127993
42.287727434381594,10.143901037256283
190.5865284001357,13.990760577619769
64.1377022416894,7.520890517249443
65.47315813653837,8.136668313805004
123.6773299332711,12.387495818690386
68.0710528079614,13.317842592176458
69.04458842349294,12.469841309577648
127.1667484248866,14.988293109028056
42.90085588813719,10.4697968637032
99.74783508617888,9.240186296860486
36.88374628742456,13.173960707205516
155.86472885547624,14.568092248901106
149.72131427118532,12.553581030638767
274.9853317348075,17.477017012680086
138.99179999102887,9.49001690140295
145.50483123407432,10.440560463453876
61.41078985088664,7.213132280427043
157.2785635142273,10.011384205251534
94.82930042965444,13.704248047939616
37.08979474746475,9.036172319397796
105.55638029587388,14.909664416548749
51.854641502532274,8.56529743586579
96.32093349827545,15.520918401610771
165.8901327543138,15.759666512153284
149.60697066253536,13.683376013639702
53.48195900234711,10.10865614001341
76.25173433198546,9.985530470093348
189.4903698529565,14.643153163135786
108.35079878522922,8.675021930556014
151.5569189453447,13.905580226460717
227.07876782552785,16.55470806322485
168.74529074159162,16.258857101927397
117.7456947277758,9.58149241963136
63.19590665837137,13.211661340433539
60.64858700077082,10.893237608150363
224.66873264580863,16.586026464778794
165.05568341747156,15.590868652680408
61.204382531495234,14.881557051217634
113.62099402343857,12.726837345205507
121.170678539155,14.638429393741541
194.406156209593,15.253746063859154
161.43462804761347,13.038559002850924
71.64346065992316,7.1246737206068325
71.30726033918081,12.845009998575419
79.83975743723875,7.588518161617841
54.026364766664216,8.041207181488563
109.3359875218088,11.018671041363394
75.42943757793034,9.879771711529774
45.40961764320696,8.056983279192742
91.86723089453535,7.1864354366238405
70.08706377827063,12.918229819734988
36.401141362660994,6.631786303582786
141.92457209924677,11.11915166981487
86.08130991158387,12.38082363009703
77.19986510435245,9.842277419997012
45.771480646980336,10.891070864315001
59.29628424469021,6.786423271215659
247.3147168164705,17.330156878261075
38.27271974526212,12.425338864516867
104.7149535668078,12.99441000532008
123.02924751326123,10.28063785727025
117.16226426642433,13.742445913403017
160.43843258595768,16.427936676917458
63.15522713199836,15.25235055818913
43.93465903725877,7.8949751876104415
96.9318370325428,12.816376680771
34.65868185994611,8.939473207149442
138.7248740985096,13.205929824975154
91.72774084351659,11.256191962633824
90.92172458717798,11.436164399451211
26.492267589421033,9.770016625593499
201.6612850676887,16.39025549690014
148.8571858857216,15.371057035984755
117.37875968268592,12.219228926910016
139.72852791130816,13.565318647552328
42.342782050185605,5.389908957234667
161.78579514279502,15.037837570968051
103.16241816732804,8.822868651351609
81.8338730840889,12.810961618672222
277.0673208270413,17.532107585704104
35.6276964062763,9.243929866241139
129.08118798523697,8.352851801305535
163.90096165745817,16.399638911792163
109.28500509423196,12.99136109212018
63.48108927604692,9.647115106714734
110.91194075286208,10.610315764649641
109.18480836978426,9.669371433398856
89.42305590271025,8.476539468982917
112.10064805303433,12.58365198266846
159.11901293790606,16.248690600225274
41.68939484743459,6.1054170236415635
159.5206701813268,12.900323734835201
92.94626897307006,12.706468130108979
65.05969072628557,10.353193119202599
204.51109087011463,17.10000588849853
93.92700372931478,12.132238050915038
104.23243534964548,12.633587786647356
43.32866713122844,9.018778133255136
144.35549370020783,13.825702669722563
46.45818798129241,12.16411709811428
186.5697861351382,10.653837595949682
