-6.518033547600197,355.0693279386144
-146.06088368045408,1684.4071851164742
-15.703414049026513,112.55392328138919
-3.1481052328218,383.9106942497867
-7.507194353264271,573.3680373655791
-91.63948481052006,680.2790389568332
-12.047166780012269,278.3247648933331
-172.71623652615722,1582.8560358177747
-0.1919974232203998,619.7871018961737
-117.08021253510603,1035.2584891442693
-7.2216940003960985,178.10943452302388
-60.079392108338226,335.0656398298117
-2.9615572035118642,200.26955571090917
-25.726117434894803,1869.4709958754597
-4.103800075245729,544.148825638346
-4.045382529462046,538.0157178283947
-10.12613016516767,118.32749235564165
-21.991721646833973,1585.5752608104074
-73.90528741501251,635.480954723968
-12.167338397370003,233.12164951684053
