57.40968820962948,48.13544849751164,-68.44804976967953,-56.75412867306585,-95.68903072608202,22.866692020069813,3.723596425186571
13.39315883069068,60.468625819191764,2.757532751953196,54.4245469162434,-31.060687281061846,2.9176867160738595,48.653933939514474
-32.24191055946512,-30.468535779400558,-17.98488464030246,-47.003155592867394,3.525935535801409,89.8387869353433,59.721625603705675
-17.90943541743915,-34.783649124938314,-54.94944040856023,-50.63556166063609,-22.693503627348917,-42.244520172402495,63.63554987962789
82.65212999405529,-88.17872072361187,-13.125106766014468,-61.34675796073723,-25.140339025027714,76.17146883894435,45.9548511286327
40.32264057246405,93.80030245918195,-67.62442574163305,97.08622934770827,-56.11915884349725,-91.98589529770726,71.32003027860563
35.11592622827362,-4.710062076842291,-14.949756582037466,95.05190316595068,-4.314086129722213,-39.30547136986794,24.65855885155382
47.50901488892691,-45.692912352524246,-39.039863584567236,60.94537157423268,-70.69796747789479,-8.53010885760402,85.13936097620356
-76.50488257005068,-7.803620788078824,-6.893268257163054,-62.26368092720237,-16.55794954330733,77.59438211767679,12.996269943659236
-54.22076647227698,63.29723436227712,-52.404762493392305,75.99836046823833,-89.41605495396539,-68.74256032858138,29.276963607738338
-44.124896773373415,91.17691753231718,-96.48155048035441,85.47882164638355,-58.463606961408146,69.40715801488821,24.421912736478113
-60.301957073455284,-24.044261636482332,-96.97216347842325,-75.65141064527498,-78.15186745118767,94.69658682034495,21.021772790572584
-94.09608663525255,21.823961846760284,-62.90073696294647,-9.613823761173833,-15.183901539689927,36.98584330592362,4.334909962231592
83.92172372939692,20.211734992566385,-42.017742660965986,79.7812535333455,-33.032308926281594,-71.4380701160403,12.610945353671042
54.97771855744233,-66.0449621354863,-76.75530761912184,33.837049659131964,-48.52163593853097,98.0759380061813,51.50372559693466
-60.45111767571541,21.961684859001018,-93.98869951710506,26.480539103992136,-36.885847332163074,45.30604792826031,12.405086579464665
54.36004242488947,-98.97876470565595,-26.855098579947295,-57.8052963363658,-40.42921088375347,-93.01399060041004,64.90926042739565
-19.6602956466635,81.1350427702761,-98.2198280187133,-65.60686535491655,-77.50537962253506,81.30251455429689,9.635964736359682
87.93711441098048,5.098251160466994,-5.4107922697297255,-76.54853148720784,-8.86988649884917,-82.78015872784448,48.04642690051898
-96.08533528582092,-68.54258743382925,-40.944246086502915,61.55070980433064,0.3644133721642646,61.647712175790645,24.772691882839382
-93.54700233495032,-29.724993017310183,-38.157875920851424,-36.299208850336875,-2.3033877498821624,73.6895194503185,9.326803093281882
-2.842158314304953,31.837947743906522,-96.25071765306205,-30.458559662151117,-62.933380962206435,-46.59169301109517,11.690474425277918
-26.81805713147925,80.15088497439199,15.54232043033528,82.66173914797906,-58.93756489459164,68.6796151750337,16.660748922174122
-50.4326215565343,62.865959571197465,-60.3114085001792,8.374813491968965,-34.56953102409449,79.99564050041022,45.531415243951244
68.92663643057261,66.4381571898428,-96.22796605979279,72.69310905803349,-75.80403017778573,61.844178525301515,22.760136919551712
31.68142937706019,-45.42314250276484,-24.494860125508964,54.74486074349537,-98.8006419850301,59.70699379505494,20.91077715019634
-17.157157630076767,-77.64551628062493,-91.02869960448137,-14.22885492214057,-9.270638025334463,47.63551779763657,24.476905171120507
-91.20552802463263,54.76916439812861,-29.73702700166875,83.58605506619438,-1.3231372165826514,-71.19155476853747,23.73894639924577
3.002756916974775,60.67174282471667,-10.429874076018535,39.56738798238181,-49.165508463089004,-44.01343028333309,52.943129088002664
54.219453494107185,-56.69192326345477,-91.86359129025644,83.90814413280172,-5.735006156991361,84.46974650555583,34.63182763021601
-48.300193820326925,-16.419776503403043,-48.36031891881676,-34.318941517306854,-12.361443789264314,-56.77409999590222,85.59794573249027
48.21287090500056,-98.59501052988706,-79.16019898420336,49.23958046306538,-94.02957346342335,-44.61304823146965,27.72397803541277
1.6013742383011902,34.645620387358996,-32.44245951078965,-37.31980448812848,-69.21592404403243,21.30297514041017,2.911999446181831
-93.34199255730547,-8.152974196477459,-57.674458063807435,34.33399215455569,-41.7049654453659,70.48849284291373,24.79726105094275
6.083320382141899,-85.10015816119288,6.955783738342092,22.390744430825354,-30.783329354965403,93.03529588190455,15.414115050137355
25.122004378256975,-77.9782604069178,-89.68413349256923,97.8224263495097,-81.00506405312242,-79.01771323033537,62.70779419748024
85.72945010517878,-19.483700806818533,-29.615596949103292,35.28286211864531,-77.23765327678503,87.24917786536378,46.836246588853896
-10.094492521973784,18.261589495792634,-63.42616766911776,-77.09487033858801,-40.78375914968913,61.79457383194557,23.777041226569796
17.554901678254122,-9.051601796613056,-25.29818914820987,19.330307796892953,-68.60895059983967,-29.914878300037476,42.748694759579635
-72.38743322059261,-5.543778055621644,-93.79778375076441,75.30467266789273,-6.0162754094628585,30.36776813901359,17.913752300937816
32.091284096222154,-11.517753262535528,-62.972312353269544,-71.9233892364437,-26.21046740591133,-16.05503114420344,13.768246320762316
64.38038758699277,44.124314180444685,-21.121291409979378,66.30004334055448,-77.14249816581578,-88.65390165963117,23.44101811266956
-74.29994800615006,-2.86602818259567,-41.01137446958003,71.21316224954032,4.327706161296803,-26.284477956300563,98.6202504440345
94.74644101841874,-23.31299670495885,-83.52906218415602,40.224576655020584,-33.44493507626495,-6.845942178476172,19.19237156846987
-34.43890755288071,80.49756850502723,-12.469217971669586,85.14618644690017,-79.14614776703077,99.92801632525905,35.83073812707295
-39.98477321976476,2.2361969087439704,-79.2815150349969,60.40004425525761,-21.14716224467533,87.16671223733717,39.030952981990424
-23.03604554218552,24.452307103825632,-64.82432482288662,41.53771694264199,-10.428695145836642,-1.416868832894167,11.55745912059983
32.292649415496804,3.4960936224266845,-46.358554887858546,86.66669568596589,-12.277517223075506,-53.642550247073096,37.03002790682233
17.435800943696492,-64.85599775253415,-60.082345566527096,46.249326685770995,-68.89627737462601,-54.85852930226011,77.64537908196999
-59.57304462930613,71.89562364756458,-81.22427741554422,-8.356992610661,-23.83869694557508,39.562821199026985,6.723101207237704
22.752542490379895,35.947851998355844,-74.54971360643019,-7.964328427384304,-32.77830774245949,-89.55608380110623,5.254190826995821
33.78326436609411,24.6675249730734,-36.50290604112781,99.65608711104159,-94.52114468278064,-85.12036158096066,80.07263456186712
42.175356968429696,52.12886308661905,1.1498231644478238,23.91228117394496,-62.69255562829732,-26.734222244408585,26.535034362621815
33.51300027374151,-83.72025976765096,-56.91124652366778,38.875454655249115,-23.06038431685206,76.77026913365816,36.40122804915563
-51.65899505384569,77.10777373914391,-22.8756437705741,1.205222640983564,-24.900526302030144,59.46670372707541,10.472372345605223
-81.66118032792089,41.83579461328719,-18.434450853809395,-5.9299903899391495,-78.13139956998621,91.79117687384306,19.21992987014849
67.0943500859363,5.1559760452913395,-22.0877549367343,18.71601749502082,-40.24609553090557,96.91559447248184,9.775208889338739
-5.533363130860579,15.010308104011592,-8.64921881949924,2.2632755613984017,-18.528711330186148,-94.42947752737368,14.037881584498052
35.62205760159188,-51.272256088726785,-24.46203609311928,-29.570475194519766,-41.23463567661675,-48.93299382747257,78.38407719740528
60.27584895281722,-18.338187638597596,-42.97436139533518,-93.73085813397654,-54.018894606854516,66.92303550331505,24.433970765026736
26.185336498109834,-3.0053016231024827,-18.99397228592221,9.891752601777043,-15.757875294792939,-16.91502141644409,36.00063121820321
-54.960162198479125,-65.65504076845815,-22.326326889079553,89.48577249931645,-24.607905403074867,-21.5556345263534,18.957974639866237
52.24919166145568,64.22992887389444,-61.63279168962041,-97.33340742345725,-0.7067932129213972,99.57848333618404,60.8473431159459
-25.60695191210567,-82.06870832273867,-37.96876081316784,89.69949557367516,-68.64390112664,-71.06231016689591,29.186762263425635
-45.971496457051536,16.804464916468916,-73.2014626457374,-94.43289695182652,-12.006262920094187,94.53518209583955,8.008492068273732
-27.763435106268545,-83.7511206467982,-34.69649654443775,90.42150477982932,3.6658557601281814,-77.49557025272279,93.42129402612056
-3.3081802030045164,24.6654931448227,-49.13889328340391,78.489558809975,-20.980913615785283,52.73254326766465,14.112293634663338
84.44971264588344,37.640859272572925,-47.75661424453924,-89.09042455832159,-32.947679221326965,-70.4431450635989,88.02522823658151
-30.320764679835577,81.01831611578909,-74.27680474233739,-1.5813072732494078,-45.40998172742842,-60.822987094818714,42.151984341643754
-77.00095591616439,-38.83258637083848,-58.44658294094641,40.42762185539854,-1.7609396923707124,-18.529427165327082,14.977130886721767
-48.458258702427244,-51.17841368290746,-81.58743964520924,-84.28729904084908,-24.681284668858073,65.03859537776678,29.35258934368648
24.305978367559455,34.57228543511491,-50.83020634315928,-52.24928264839159,-78.3040304908549,13.446147572081014,4.22138323680106
78.49882366992614,63.68057080594704,-54.1274418349756,-4.665391763245687,-37.57068287641601,71.4778582232685,39.89761360450126
-41.14765269200733,-83.03934638860558,-95.93339994432117,50.497952272786506,-14.80881477050768,60.80775530636137,37.367226622493774
25.192131243828612,-7.467539716371789,-69.37317858814473,47.0916117276106,-63.09426505377634,80.99274369246046,32.674095226216195
-30.888368195810223,-72.59815289806622,-62.199794124726644,-29.061379998668137,-31.364363167951048,-77.06130464124642,27.457466155182743
96.06836345560043,11.259249412969403,-20.638575073499595,-69.29776617582738,-12.171857571745448,89.16890075983093,24.025983703287995
79.09392059091837,-98.90072124647627,-24.14063296735118,47.27895469152609,-86.56405642521834,92.34412217949475,33.2997041807144
92.2411853327354,-0.6184241800333297,-34.410473349122114,-37.920813236358214,-71.38388715765159,18.891220767063743,9.097362634323606
-57.89658948447696,56.24677447116849,-61.376963557414896,-8.316262704609855,-79.23942233974304,-93.13354599328416,80.91136478059619
-97.66870121915035,-25.554150053050137,-72.10518152639914,-38.30403865304531,-35.71156671294942,79.37105458260359,27.46714652482177
99.96545162668296,-97.89408155343824,-28.759482791315122,-15.748068998867625,-2.5189490427289023,-57.05517588698462,93.69585283694012
-17.052941045585953,-67.47371962800358,-50.20064472453254,18.42130533159579,-7.2969272295470375,-69.77081464417343,27.924158994863063
60.16541296208881,-97.45182418490259,-87.5604731547916,-44.253269310575334,1.7190552562992316,59.24569308751498,40.22271316962665
-80.25065908304262,-14.071820398975348,-32.45031193622536,14.96011762873404,-73.01901965436033,78.54118041406278,13.92091718701586
15.542897527562864,92.23417014522437,-79.38459148175316,-11.059685746597808,-88.43277216764255,-90.91036365038819,3.747105326630205
-18.802251665308916,-68.5525504661206,-45.42330459881827,78.95484196335514,-35.227399724556825,-76.84372118972564,15.941259486450477
55.915073390578954,21.439128440131583,-49.099594314765895,89.19380233168653,-99.02542909814112,0.36527930152170995,22.97048296602084
-93.40941476542751,-50.50389727606686,-48.91417287314499,-36.479297679487416,-17.91474540820841,71.9539493913013,10.65767830248538
-84.57204629560813,51.40311510556026,-83.42876947280834,-19.67948365372544,-42.37683200479756,79.67018658148561,40.17847090967652
47.34834831961544,-32.53243899744976,-20.317111193076265,-75.84616623654736,-98.49994318525502,43.2360232667267,8.65351254868154
-51.7113392481498,68.56537016590954,-21.69103717670336,84.84166576090416,-21.758555228900306,0.5768083649630853,30.93782909767657
42.457205476971865,65.66451598976417,-76.53688540176128,12.13861094946509,-14.499368246290246,-36.712685296607084,5.304461780435346
45.907613009539375,19.156369067538677,1.310607593600139,-79.05671697733499,-36.51572252181155,-90.28512390027687,3.2369207873423704
82.98084830903073,-67.35907287061944,-44.54614888335862,65.28261400655028,-25.31043372857832,95.50097065754903,58.28163520456782
-91.04473144709611,5.591066829852558,-33.27498851587731,68.80874543453999,-41.23253269925847,-26.465439315595646,15.963967706324759
-1.9883657387507725,-16.16017911120685,-45.49150015872911,53.95409815776774,-67.23501666483578,75.23795625052804,22.472700365095605
-46.73030637130757,-98.7652323344931,-2.101900605886172,-28.10247980547406,-94.76079901936563,-73.10971445980418,61.22208006629211
-47.66756713864833,3.9721314888139787,11.717095447310882,96.98479897482267,-2.259063172246371,11.10351017227742,20.613531246104948
32.12895840169983,-1.896049000102309,4.067251759176081,34.63410275894944,-95.36776577749181,45.00202330308457,16.391607417301202
