54.063290169311045,1152.2532571266584
31.212383189916466,1516.6468772124022
-81.07040868783582,1146.3598613133795
-20.60512586900802,1546.329179620326
31.812044549111675,711.6877784043003
29.197588827034977,1418.2638487316458
95.05672109485067,1592.9812054021318
-74.08901575509847,1506.302584673769
106.66304467640583,1946.0492374447804
164.82425121882613,1588.0995896468123
48.5852587794181,666.0690510631437
-97.35371403024605,1887.3324855886685
-3.415085331700169,99.57429477105416
3.7666423692122066,682.3760081090312
197.70815803854254,1027.503149942441
35.04025647882824,335.9655206155078
199.26951506455316,881.5406948252175
174.67841150698672,1940.7867947593516
199.00033151826625,1751.4531968755769
109.19316121660685,548.0034826045538
