141.9077033392798,120.98290750818731,165.4363488221307,154.37383717263674,1799.0119139038782
100.95361326599904,76.79923164151431,158.43022750891652,58.9031791241572,806.1372618832278
-21.913122720649824,38.12027383022556,119.77131407596863,139.20102549880147,1586.4770889152246
151.1536331451861,175.744884664127,76.67352738763722,166.6969653737371,997.568454639518
134.66295998319322,167.86904483688832,36.32308519171798,-17.247532124982214,1368.9078267500136
86.241773648959,-40.306666259200476,11.793597574173866,70.13898541587736,1518.3868075888204
186.405180909623,73.08762860489215,118.1774674276083,149.40654840693657,748.0833353974666
23.33789618162993,146.66983072966434,127.74831266182736,148.92970189730295,673.6746991432185
32.48255469985938,64.21657519536893,74.46415172722963,153.12822622680162,904.5957430095186
14.332283283914933,38.17380385803659,111.9041037412641,151.59558016195288,1170.6440180245986
38.47187082044579,178.94568517197956,39.08487543257428,89.00137456043944,290.345392068635
182.59662845732208,65.33428588009181,143.68302339613803,32.9039205087377,1683.9471098172232
51.057935179723216,129.6618449109507,54.79141191769123,130.39657428212425,1334.7149285276978
85.7474505517994,169.19463478347424,134.446578245916,158.47917895017218,1932.7900329400038
-73.48915260341897,116.14415859841961,195.1932872313364,-90.32095489294525,1054.571493583684
129.30578155086985,40.57222743642713,120.58990383489152,140.3363128792902,1551.0650302887625
120.76718004551567,-62.90431252540586,49.68025063236328,129.60843807491682,739.8599207651414
73.09412919682329,-6.10561646128194,66.91380563463801,115.63427719279159,850.4396743563593
153.80539720477168,-43.238064110064855,108.80097746278403,59.12354348121981,1615.6924809293027
183.0914980830345,29.854444580682383,-11.996636972120946,81.76467997076794,1985.9047404930309
-38.27608394138883,133.47642237837528,149.93854044877475,186.52903729831314,1852.2896682696994
-31.579951456482043,72.29938073311286,105.67470872321053,-94.68502334029318,1888.5142257592881
50.26866860351642,157.94610648606476,44.818939952248115,162.27303013852844,1116.134390716196
126.83181830215415,63.39310768753012,156.04900428014312,145.36147456125266,1722.3464994199658
-80.09443438607869,60.18150583694635,177.37075672805022,-45.19732508120444,1969.4934325789243
108.49231659220231,126.0736350455241,90.15214454001443,-4.3669429463995755,1292.9136390577212
159.61353175100078,18.870874468601016,14.89493957991749,121.98034502201597,1169.9004471228034
-36.87674730177088,107.80446068806276,138.87812524919718,-104.81750707101644,1393.2140304694499
19.980535187122882,94.8285817922926,89.65292721934043,-123.12869497217923,1197.8927938738084
-94.20938775525966,32.20537003181515,139.0016183939493,-117.76858054973405,1258.3385311776588
77.42675391172232,126.55813892571953,117.37234929519238,-88.36726016904109,1584.2447770244883
-90.83410209802305,170.0606517306312,189.76715697172116,-70.49450437541351,1786.9965029517443
100.28363969251797,135.21707493382198,180.78664369647677,176.2472340188765,1391.2877896783684
-59.51366631342853,116.96037432531449,124.92678410503584,120.80535427174942,971.7428481290306
157.35930979980952,172.81086905677788,89.15044282782468,73.24704148866599,1057.8717421263568
-63.49494389838031,174.3452336434978,118.67374742199968,-79.9344902087794,660.6506692243879
111.7273073329431,179.50378010280093,27.59843962647126,84.51677369929847,1855.9613573404672
-36.83643198758975,74.91920734363902,98.20950965964596,16.339050007478733,1896.8430989176347
142.4248271692569,-24.54966550470931,181.52818086759913,25.78178509970911,1073.978412685737
81.66463941562967,125.41124898230441,11.347119232115546,176.48139456744366,1088.7403013323762
80.17245766249816,76.83907383696032,-3.0026410459750537,59.36139713127909,1601.2712803768893
76.01624564704713,135.72917473404624,182.77529375444266,-181.53984850134162,1624.4631797204772
81.25228067872861,90.14685844496044,124.95187367689799,105.75517381539784,1711.9953074585565
168.79134237649902,156.555775855745,61.907052507661966,134.388465515338,1486.158787119922
191.40824009921954,72.91752349888469,114.76052572219231,48.641349098241065,1304.4743817921685
175.97015480789628,-27.62021165875757,33.353996146189985,25.115117401957633,1592.1073227078205
51.441248628191985,134.94158038119755,72.43813320902643,26.201022897538163,953.6382007015135
-10.91745173804101,105.90172696067958,141.4952586974997,117.15531403139931,1552.5540178505696
155.16950161409403,150.5474048699573,-13.72026764011784,144.49270521667012,1302.9224535036042
35.10035478492314,138.93247687175793,176.6940652547651,-25.681596026097026,1565.4781878853196
