244.65148505737162,-217.32249609444975,16.64639309464772,-249.90517098504188,-202.59732896988436,-23.51018780631756,-69.45402190539818,-55.9433651009643,1.0915852509388237
157.75609062629132,61.42960845171365,196.8636355063743,-112.12786486445574,-145.6037766293587,-35.25844674256996,-181.28038967151542,-270.3629608844261,16.99040670124024
60.655448017345805,-23.81485051219974,-219.1949201293598,-219.56601934454238,-167.63578233012544,-73.55055096283343,-293.337868348538,-18.510048958719775,12.96749273666431
-50.97884129262076,-171.65774397023898,-89.46568197495591,195.37861315500618,-278.73351713199486,-106.41841637335577,-260.86337061472983,-35.505168758159,6.317298522160091
-237.23846390298485,248.8766893212063,-235.4193579183785,121.59831767987589,-226.3405368979096,-76.17503957873663,-7.751367745748269,-200.49102953879083,12.901839211847665
153.3135406256523,39.033527148472814,-294.3631375195803,220.03902470428045,-177.71731736708415,-16.709298527052177,-199.66915052326505,-38.374002460026986,1.3732675429615533
-262.4021591575377,287.39928117227777,-108.32832447847898,-99.29292960126992,-254.20433524138664,-1.7821349603538579,-148.9768473893783,-103.36074765838202,4.488017215726035
43.50426278915904,90.26100949666339,83.4225950462266,-43.08711128182682,-223.51114831791395,-44.14853623904225,-255.370933367518,-187.35008206930004,2.8815247319099386
37.39485225268197,139.11503356697028,49.967563807336106,-104.96071941597248,-27.01575127371298,-49.96904385677631,-247.34751413946978,-269.6846572534029,16.597917485199154
225.67482098964518,72.33493819402231,-220.191814858557,-174.41276607932227,-282.25361798464274,-226.80948164481728,-176.4033880251512,-89.86172215070572,0.8426447449148196
-251.11403655817742,75.90363153895532,83.89620518498941,-140.75051394827128,-56.968437244886815,-95.82642842418994,-269.4439069416642,-223.2545654984477,0.7155921078198247
5.071140779860087,-120.55111685466184,82.17480966541729,-92.16297148377275,-227.76005112821133,-253.17402590380252,-122.64792287040757,-49.94485722294849,0.6977651896122694
-60.47120381940699,29.174337777288525,177.47157995218032,245.24232574429354,-84.53008358816025,-135.19981436905732,-22.15631619536053,-169.0311379365972,1.975818601915761
101.0106216022075,-49.06530909024346,61.499007307228275,-83.97679188730325,-71.57916506859141,-130.07265002414795,-276.4060114035573,-105.14084876661096,1.0049636834192839
186.98949601591926,-153.53241894918244,206.8815214601618,-121.91710321565088,-265.5265783818398,-256.1550016678625,-94.80995303246766,-8.638966718417862,2.4140842569543963
110.98725701105967,-47.86466932454067,130.4284091643581,189.6430138251804,-118.27116377537067,-60.46856746247266,-106.10129592244573,-283.326103252641,9.40315472430338
-92.98303171967635,-23.597585045989035,-24.47758138608765,262.2929247985469,-119.28798141732281,-97.41722181132695,-124.96720841463542,-237.61527979747993,1.5601038736988215
148.2319481213985,36.20747232365367,4.7512449372781305,-152.28018391556174,-90.49925320858227,-51.38563734366073,-75.38534266142916,-266.2581106065469,2.964611528271238
178.85210234874222,276.05936508949594,243.09298935824677,-174.05330214500302,-217.26632324011115,-63.64937969439463,-193.94194582380624,-159.6007849122463,17.66848067139633
280.23208930609604,170.16825023150616,55.995832314880616,-215.10406387459994,-167.23797624192127,-99.17584753106797,-298.15549075634465,-229.51931999613885,2.8815715219617912
-20.916986261561874,-54.238723010854244,299.04149939849106,119.12826276815645,-242.1952073941351,-251.36768639912606,-42.609399329879096,-103.57740374053441,13.457546916150067
-56.685077912688996,180.6189671052042,27.01949282168247,-85.26164771944357,-128.86273057668004,-292.97216282663123,-80.08399167871141,-164.03808165837742,1.8498288402544674
-89.56673732264333,186.1639807816244,-40.019894094311255,0.6905361527696527,-47.70324741267906,-103.09190630276663,-179.0914473964696,-30.127532465152683,9.83978660168463
134.28998717601678,252.13984422611182,-37.1187812457913,-36.12812570791817,-168.12545843692783,-191.8613883499043,-62.76287668718274,-25.812563452859365,3.879049744641489
67.73840319087356,266.1709695381363,-121.42815579665807,152.95731063417287,-67.05670612361988,-36.058044147813234,-194.54208197892808,-76.94792257725666,12.848855771617096
31.996124877228127,-75.56945161995031,119.81633559328887,-47.115275437456745,-244.2301114403819,-22.646679737786087,-85.67436741131573,-293.4232587705922,4.624785297325177
-109.88108663468569,-132.34225063349155,-225.220922558668,264.607903009402,-288.0152022402841,-214.35266126705608,-195.22984046176407,-89.09771452545283,4.049141755813054
-64.0366199456029,220.5991691957135,-83.31908923859942,295.5097048918005,-254.52400253948528,-8.122511108127298,-281.23477726023714,-130.03531478961543,9.047812652650695
264.0562414790405,298.9251837670699,-76.1828554629133,-235.66029165887753,-164.6071924346083,-71.53374066201324,-80.11060052000306,-54.348099621124504,1.4018588380364712
-71.98616028512583,-252.839752231925,-101.53243648680623,151.34380117752534,-20.204096406492397,-213.3146067169254,-102.83277587825683,-114.4868487200379,0.06979543182795567
33.54240006369423,200.49538067771493,88.10562266817817,-130.97272378889048,-64.09730214932858,-116.35304122640451,-87.38746576860603,-280.48238026814715,10.331669038762854
135.81030145191912,246.9097959466929,-119.78925650942651,17.38711849072851,-171.18249223047548,-22.556481044483718,-96.19700885986573,-190.46104097559896,5.684618033558807
188.3117151226582,74.19828914121689,92.73193277285844,-18.308131634603768,-212.5690828259079,-265.0274909588788,-18.276574061622085,-120.0566910991304,15.634844383923642
50.30352119774125,-164.5201463922557,-44.66608839410878,-291.00440581009985,-171.07273244419693,-284.2045699481503,-20.800697569575163,-64.77360802262808,11.95797366769623
-84.25669551955795,-189.0467518375768,-254.04182256864217,-188.81761604142662,-216.80497965651537,-107.93148356648675,-48.05098172011009,-156.08210380091236,15.87057940513565
150.77842638644793,144.72515168379152,-277.2772993260514,-163.5513042019826,-203.84971226528904,-206.25505477539514,-178.07440037407892,-27.600346141213123,16.893933452324482
282.91924149322097,-215.12160620247872,17.62659312439399,-39.822047324415024,-278.311981502392,-128.1736212790866,-138.1650419702652,-127.72714525070259,17.38095678930106
-183.54849049873314,-181.99455857313535,21.342324718622024,-282.82243167972706,-204.60691930177842,-8.581735440351046,-91.31110639975955,-288.356588590458,2.980953287677629
-214.17513113427907,256.11196309704627,151.95083288832404,20.288185869660992,-207.4768012715159,-145.19706138989412,-63.587484283246056,-97.9410970065816,9.316551674432791
-123.69717361994395,-243.6408866888275,235.53063198377777,-136.49083448020434,-20.756974673972053,-11.208153633963946,-97.21785639915062,-107.03334562302214,3.977359874168595
13.0390786875397,-5.312993081699631,46.82640582986778,230.5593744613749,-40.57410387090738,-263.55678936811563,-296.8141770030747,-61.40906605916936,2.745667917898885
-157.61499242454974,-241.3132189654929,-165.73322820697086,116.46005574314097,-273.6280154252084,-90.86696898335697,-240.23385347420685,-92.97387204222827,4.813932541554735
-75.93016345618264,-27.713974562441393,158.9883220406975,239.421216546687,-97.03376150752007,-105.47626199996068,-256.60375131162095,-125.01899136049249,13.838236483015862
16.22726815980849,-145.37865723253108,-299.81039469732497,-268.38274103456,-131.50109363256428,-177.84889485880214,-18.37256824867663,-84.08534302978657,12.179030313835616
-185.65933928295922,-228.88900782172556,176.3922291153924,224.54789194993293,-240.0319114166549,-102.55430221911404,-229.48002369202229,-126.26310170462398,6.8905252161659405
-167.4833492255127,-211.14398297618789,123.70296899193875,-123.3873981074519,-195.2247778329454,-49.55672443736128,-114.25253556188764,-14.656906823508166,3.3778671659844264
152.3506911400042,-34.07335920439198,213.6005399343062,-131.3982126969599,-115.70542677702986,-220.04176580164614,-106.4081606028297,-53.670350926641106,18.197659991461364
-299.3608595067152,-150.04709476309506,69.0269714364821,106.39233758887084,-260.4241487257991,-54.74554478563949,-7.389150441930405,-106.00444627139001,3.8150399334968856
32.328020610743124,-224.90246596663877,152.71397434885986,-62.090962257458045,-155.13415169189093,-228.6557278557437,-72.74163228470427,-288.3309098264673,1.7985642559140596
8.288720326964722,-36.03852315388427,152.18825839862814,-248.44224956330018,-289.75085058154167,-189.7151221136131,-219.5427738624519,-244.82816923250633,18.65339529475687
