-1.0665105349859232,1506.109608762033
-8.80383077620857,110.10051429717316
-2.360501847773577,487.916721889502
-12.345135557627612,119.7547730131639
-4.250388704458004,342.7811395506862
-63.075674869978,1620.8993714547953
-4.456724027791093,515.8842901784319
-3.9240637124867703,499.5221207476439
-0.4673410404265326,745.0051981837419
-14.94786454789002,120.40320541645315
-11.995155477349442,273.83544425436764
-1.9277106882250017,543.2772945904638
-2.2165956886913847,712.0264214093936
-10.200315607579228,74.09176305446917
-11.54887583157307,313.4203412605541
-4.564957891050426,1757.3627821919974
-1.0606901643455728,701.4493521704558
-0.2125436061272694,1832.8974726524916
-20.876866593548556,125.36266070138831
-7.034805064145814,228.73297201966972
-13.468487587618483,154.2263859361368
-6.688467539602078,290.2090343950847
-132.02467692548475,1638.9857896633291
-11.403542731544121,113.26689240929562
-3.152016752754065,266.79855291477213
-11.338870580938249,314.6859788851357
-2.6873188424138803,531.3488412438505
-1.9565429821124418,241.54648584718285
-0.0024718705232942284,37.16046382671064
-0.0888770243739998,1734.9294664058013
-0.8875970071292159,123.06079778709238
-5.003707225412967,1853.5425103057892
-3.64853970093135,555.8401666648795
-11.761379794402984,135.20621353525058
-2.422018290913627,1617.0741706629753
-3.829433578451882,555.2337731233542
-3.4686011246680266,203.38922383132274
-13.655657032798356,79.57276348867032
-5.356433884285612,404.87858002213306
-3.635254042189189,170.828523039174
-0.24865890815559055,1452.9694096559233
-1.4994946006994558,59.23309490813145
-2.194677166379904,1933.1324394649578
-2.24529289761886,513.2415118295248
-3.1614703792668593,564.7410805270921
-3.4488466192605927,1845.5320728819172
-4.699005123182076,1962.6176913037762
-187.32727317076456,1509.2069203992212
-2.465611512921214,1621.6809371049071
-5.245249216390598,235.2958099329618
-0.5323008435242684,166.7264405632328
-129.9530540227501,617.2813254305955
-4.739186830536852,334.0555197441848
-15.580637298880873,70.1688821150288
-0.1706124769017947,583.4215613968697
-3.7046267064778817,120.1262357891174
-3.202103875194865,662.8257642342446
-9.8380775928498,209.51726079354785
-4.628731737955093,366.4345782014765
-2.0777012735001676,624.8049525917627
-7.842718723587552,241.85078451321795
-20.54278139060358,1012.4012744553227
-10.9281880713895,60.57834076486631
-7.79661877308115,120.0999241827695
-5.231544682900079,238.3409210936316
-0.33093448912762824,512.9185225989663
-5.259667561381434,128.91079398135918
-59.21552808348011,1022.0984803373101
-0.7663907850675002,1408.6540999248778
-4.32683232423949,1923.7514619541425
-3.2369484800006774,1749.980889372776
-4.169663799237924,1786.2940430030917
-0.3438446664140571,1235.924659163386
-0.5881489636265442,748.332349799918
-9.516905767156082,65.02327586724547
-4.207066399132827,1923.6141062000067
-8.285810634946642,310.6001072949339
-18.77415508834155,222.06140222304074
-13.873085344972502,205.10144997638116
-4.414955290459524,1980.268396397657
-12.872803205437926,176.11312402511814
-2.6578017715543183,478.56212197335367
-7.187021354961757,240.87044917655345
-0.15405060533198167,1726.6088897923112
-6.587286117329652,1967.7032211402677
-6.4733612763258215,523.2402535893133
-9.90957088641116,283.4959677959603
-3.255975110544277,1670.892142196053
-4.583603268333661,604.536979647038
-13.09959486451536,157.14187674978353
-0.2255624812022745,83.62844835776025
-0.6043855037818622,563.5893274425175
-4.052071523149394,139.37276444358787
-0.6895251722259843,495.4327264063878
-4.096346492758375,292.8603106279152
-3.092841512616758,193.8596216236225
-0.9146641242702174,1273.3373470931456
-0.537723495032111,1248.348223047581
-1.7604205753294337,192.69287480934526
-3.3644350465031323,1937.3517020620068
-5.478140878876317,575.911074752206
-2.1824309401305015,116.70995498782537
-5.796617363864101,46.38911838616147
-4.995358090048626,485.8057021745533
-9.596362194971078,120.07738845729418
-5.8393383854819945,515.7285754120353
-7.232449589305723,55.141999097428055
-3.0110731469505083,1812.8030289158444
-3.621756339955841,407.02984134601496
-11.23386666316037,124.64560651489174
-0.5172902005212876,287.61244725126943
-3.107765518801841,1901.6112191070188
-1.4402121797823497,633.0299962923956
-5.844963115014565,127.91784606518058
-4.388734373167281,1731.2837604817564
-3.963469618473752,1932.0398149128569
-4.7944288969819695,506.7461447213889
-0.8070567137240516,559.1727784405438
-1.9376676523156107,1882.8815963824643
-4.158808122239829,147.54274980829223
-2.0362417659415257,1921.9927529279257
-4.897966641003325,469.8030261916599
-3.0859618346749187,1675.893667102427
-0.6260184868213443,1539.31244060585
-3.914977424423995,508.2379350823209
-6.692288999432336,120.54728895859873
-13.122893127390796,74.12897716689238
-8.003911831004555,379.6629357838865
-12.156513379017156,122.95896847435864
-1.9962085543185708,1752.900423572335
-2.364159262266142,679.5472525360307
-1.4938329263944823,580.1905419297209
-10.042792356462144,253.0149469786221
-0.6887503477659607,1946.8349925764942
-8.377831757672293,45.34139358429388
-7.36595349947271,49.32238595261981
-3.5236344370685515,71.02274708881828
-7.962046955950342,111.36961299817156
-0.010256019489588653,653.5171135683474
-4.932353525341966,1762.4338862488016
-11.770576931039415,239.52426805656836
-96.17190861040879,551.9317140945286
-2.593130169786093,551.2217700105625
-7.307125301572825,50.8501434985282
-6.4030214157385785,301.3716566172044
-14.317397632433796,84.04492244613652
-4.532171785639127,70.04090033194998
-3.081740732010772,1917.59032611893
-4.677184086619462,534.185422819151
-0.13786842824930545,1225.4877773580429
-2.6359744158804403,519.8206116449327
-17.86459015714749,251.23371254935063
-13.374947011343721,108.67174118534643
125.19923636126134,116.82801428757074
-2.4118723561301465,407.1610075457564
-0.7265401614055094,50.760120101911866
-1.0931723763050556,1916.2810558897038
-2.0678272881283277,62.92660736695001
-1.8843640306772613,421.9834044538826
-4.921697586353488,532.0436392052709
-1.2762613933444698,492.83343726998635
-8.87990095826503,190.29038412775532
-9.067167164129984,399.06922445459406
-9.348766482846273,214.68746212043982
-2.625447507281578,622.1698306940144
-8.493026340460318,264.72769120114845
-16.765026124742406,84.56127051033047
-0.04486338363665254,1449.0576302425507
-3.467003611938388,487.71447992971366
-16.059498712532154,114.24942591902757
-0.2610816824711435,563.4221062624321
-2.5040751502288288,1502.9746186979753
-11.516832948263641,834.1124405505229
-2.723702580476413,600.4885633973405
-0.03398980623828152,1126.6727906741783
-8.508104127448803,96.67859584539323
-2.932845987070806,1682.9235796366647
-11.214959599391051,140.51905053706315
-0.4176624766212971,403.19501113248083
-6.407254813338625,1959.9703161465168
-6.3657208960328715,83.11922657057329
-21.676220724324764,84.11312307703659
-10.424958032244234,244.63790072381835
-9.625129358665248,373.41578226214
-1.655153274745885,1794.3255142333946
-5.421887313303188,1926.1854111199843
-1.3257104822563228,1717.6768651460857
-7.582603954917893,307.1374387845224
-1.2015840956878208,1506.1501663904382
-9.052824026500474,403.18316191671454
-4.602004921259218,401.3842367062837
-5.542221684101293,60.86739452477252
-2.9016664042196396,571.1565172340956
-3.6723649390330024,1838.2235300927591
-0.16886969065905078,65.0096695888449
-1.1079669703175021,97.04208599194115
-9.690026988539024,381.1728177934323
-0.1924219478864302,73.64568168727386
-2.6283684225156776,689.1466997801965
-6.2064803411466585,1939.3067527887324
