0.16113458585640217,1.007697199576238
-13.702065829065333,1.341415125910018
-35.7665130328596,5.554272422065868
-44.23495860554742,8.710424394465843
-59.05946384838075,8.049326234667296
-0.9859143915289508,0.7079460788288046
-89.06463907075519,8.335991723941994
-37.044507877549236,5.298119854035896
-46.266405452617505,3.3808265657824883
-15.321128724835091,3.222404353361174
1.1394151429535668,1.0528123586549736
-23.339314565981056,6.862223438174739
-4.21358464416312,0.7896682158288688
-5.034549734370383,0.3070510555301169
-1.018363497267572,1.3086122461213279
-5.695152657034555,0.7664403226411487
-79.83736387426262,8.126654316101767
-8.122820571248269,0.9767522344724178
-64.09630150048314,5.8703041985058775
-23.70792559567122,6.72657767732083
-18.10988145742293,1.12473562710983
0.39786156523224747,1.0683408571229833
-12.886372874583884,0.6432995390204006
-8.366238829817796,0.9928305217706477
-17.806133495963913,5.133130681657207
-77.55137516628285,7.1985431158009785
-58.73140035401995,4.49889390549845
-13.59027917090691,0.7720127152016283
-38.747701239990434,9.812726525044623
-82.29462629022197,6.667643251766957
-89.84117878224109,8.38078267848186
-69.71717924181024,5.113076076412085
-66.41107849046739,5.267154212312812
-16.918693127756676,1.1491355526930285
-10.791820049732173,0.7704821038059215
-36.25510013326689,8.520917941718238
-22.002331122802417,1.3508590224204067
-58.0229710873646,8.851374037530057
-15.841845933934017,1.254026143183463
-17.1992472468216,1.5756154494893515
-11.979147107873416,0.6943079788466999
-50.08368887157942,4.73333484112414
-10.302794757028128,1.3912016157124354
-72.9828667048581,7.594805890455647
-12.663602620903916,0.9779995501453715
-6.202193831664644,0.908916402005632
-59.961329266004334,6.565821539465087
-5.1617418487919835,1.2910243131478314
-22.60786306641012,4.3179820255004975
-29.920359538066975,7.439591594082309
-89.91806691787619,8.770699135200564
-98.67626717028163,9.357521847907208
-95.40439963489823,6.619721217807292
-80.8436023117462,8.273617590322214
-84.81716886472823,7.380378154275024
-32.06130086114844,2.904908767916357
-82.11640598362082,6.940695284061814
-60.32898181608655,8.304100579067407
-49.51212927163927,5.796917186804321
-24.11491938078848,2.1617047696892566
-37.550361588849896,6.533147363561991
-46.1096665265528,9.183711698154223
-3.803984412955039,0.7012773512709295
-28.309741438897603,7.616522578162311
-39.42204541527294,8.224156984489042
-44.81813040909165,8.616481725624983
-60.027539674465466,9.694936953253187
-8.36005984792313,1.0833230500108302
-15.426650726664569,0.8930783820952772
-5.098549767554545,0.557348262911832
-63.916133603147586,4.624183138969162
-0.17477739350851218,0.9183918519309646
-29.264870272289144,7.994911370682573
-3.7672431611501906,0.9742027214043971
-99.54498386808723,8.236723204973316
-21.494166227734546,4.145232292990491
-42.50628272412329,2.8696851206461105
-7.39473584343493,0.81263164317037
-55.298362043368826,4.671888726257032
-17.377155233652047,1.3531009299427614
-49.682035287500625,6.593025207218481
-6.407989958261513,1.0827159295352593
-92.49910541931723,9.372500772300718
-59.497917905247625,9.227297816531845
-81.34999976376317,6.031611372685184
-10.814175182304325,1.0729000791575416
-22.732208794346192,2.133151869748291
-60.116689619053666,6.625785650841792
-1.9168221595208763,0.554180356305217
-54.68374644359032,4.260148272948687
-59.234145614845474,4.724064362433971
-75.43546065349278,6.915644868482526
-31.548042890010194,7.504588461997606
-8.741272882520764,1.1928790813949988
-97.23020656294437,6.905764608851796
-69.62380874407937,7.511286848435301
-5.586964888334364,0.38888922982620944
-13.674298889517704,5.1402372546152595
-14.857690354290952,2.6517040691975033
-92.39326398836029,9.306835182909147
