-0.32009485510967295,1995.582421145565
-7.494970276902977,288.398631530856
-3.249898096584417,1895.254742116495
-0.0935315785036579,1907.9195709595356
-11.396001023786528,77.13076279751391
-1.9718287830579015,1644.522306865235
-1.5351458178467823,1606.3521202615884
-0.45314081327419586,735.2736445498745
-1.0223476927997623,1535.6926027737666
-9.313768398276096,109.03391273030903
-119.72278173836581,348.8646078904976
-2.2411457864415922,508.5399156590022
-3.415085331700169,506.67235148328166
-3.150207106700833,311.6875659833016
-5.350920082936113,1833.3952752704065
-158.8711730002143,1176.3793453263686
-9.799153370486778,290.55015779318524
-2.767361099950712,449.08916338196366
-2.118655482090867,689.9460072552849
-2.405066970885059,45.596509918956514
-3.7379945984299923,542.3230213622332
-10.614644698099596,242.38668622370818
-1.3742030728731152,1851.7464768548616
-2.470829261725214,1488.252783222087
-1.5518255785129327,1488.9787215740066
-0.26240649809949446,1269.3500672607615
-1.2184218865249932,1857.0762199509372
-10.292501605231294,221.3358505813565
-0.7844111404671992,1533.2108665260735
-0.9137106189475794,1624.0720838280206
-3.759287600653323,1932.3290408558837
-0.1605383530288833,1451.356448906498
-5.4692058224465825,514.1666345248918
-1.7299635073385957,1416.095260879443
-86.21481392902213,1971.0386086641442
-1.5849873825328276,1473.00784742849
-15.508273004257347,1892.3948455397049
-0.24215828506818227,1459.1289730433405
-13.750481425034877,100.96394667596442
-4.22944007101475,1834.5815019696743
-14.717375557796942,139.75870470898906
-109.68256840155749,362.88233359155896
-3.8569944385891404,608.739613537765
-1.413703558635973,1333.973584910454
-0.7354176408955055,612.2188123476616
-0.5200235875010435,430.2614379559682
-3.449568578234846,376.0980356921914
-9.391962345119566,331.08924322715154
-11.06529301132073,166.661881451334
-0.7986626446926834,570.5032875531592
-3.197656039502732,60.08351506359082
-0.506990738838109,67.51741858999719
-197.13643167987493,1852.846659389214
-0.1488057514072807,1521.5156786057714
-4.755178873311877,1796.082876973354
-1.3217421096504325,747.3965877351236
-7.5145074000851935,209.57743466834478
-1.5518794561796128,1892.3172711597228
-0.054885487849048786,1749.434538825427
-2.6112680796491077,623.7677575997265
-2.5218235279596115,73.54526212162966
-1.2240150085257255,572.4671689437429
-2.384749223884455,1445.402355803197
-2.4611983475369357,1822.5151794866297
-0.8426079519891232,733.5583876010813
-70.0726774450597,408.82526245149717
-14.049933739196405,109.92898099222845
-5.123039965513669,1825.9022533353111
-0.026976167805969453,1356.6329028520363
-5.492976332351915,122.44523739110008
-0.28938696137534237,535.5126123258442
-8.620156010904367,251.04643426389885
-1.827068173697512,324.5262338227404
-0.16988798611421885,1921.0512588069137
-4.227466291123704,554.9538740744305
-2.493502835028096,1957.407179372478
-10.781466551621378,69.97710209327778
-5.673739608578863,194.76155964895554
-199.12042077441484,1165.1744832807876
-51.78368407973639,828.1873501843218
-1.076740145887186,261.3187047324324
-1.479998395699468,1780.8019778052371
-6.24128645947772,218.2988643429262
-79.93498036570485,1378.8199661781528
-0.4882204170528013,553.7309623637847
-12.938241129765686,85.98424182975012
-0.016782344168831287,1671.061216775589
-6.344332317933038,102.41373565689773
-5.348340206858698,44.203397200783925
-145.36821458774853,727.8861971040376
-0.18124801661994638,144.07550391451755
-3.5806066637472327,1970.2424068060504
-7.497694945168433,146.89139843651975
-3.159590906346253,1752.052103170019
-8.813243955592078,427.9002335542898
-2.63650487361096,1789.6393495415523
-29.192240094057368,1282.4970049340254
-5.233904838206456,63.81018223134831
-7.369512051457519,432.4787003819072
-6.389329979941785,1958.4585560399155
-5.6906448098145574,1850.8088184389194
-30.557263533082825,457.4633835771181
-149.87506312976228,1688.328562938423
-0.6161810708512689,75.82089663299848
-0.6983076256846203,556.4480319738308
-5.5291010970693435,203.51823987765403
-0.4926643166119504,460.00742429770787
-7.61271470741951,477.93290837227767
-1.797785074726887,1849.2044781017016
-5.7801113568229425,1906.1690292633425
-4.222224655764677,1929.8203576455796
-5.057403414836415,446.0569383182419
-1.7150013037355052,1838.1101777583106
-1.3111387074265082,621.2149041440825
-22.195517266935866,90.56712547103407
-0.8535668339847007,1299.3022258016535
-5.50809106915295,176.59270192112405
-8.01667911960297,429.5193818893041
-0.5086463172820004,1537.3216744261244
-10.212430516803238,273.4506900344456
-6.432961509590115,1996.8650698231622
-10.47699643816577,228.91353587737808
-0.05705750673374865,1290.832436751702
-0.6102194057912556,1648.5518469157143
-4.6065704765502,383.6897092240255
-0.3243061409007737,496.3143275959711
-0.8099859620830046,150.1949503741986
-146.8321173522135,1403.3375366867401
-6.4171995403811195,275.82294175793515
-16.42577441366265,74.4952709424241
-10.992161422175236,70.52427899181282
-7.955224131877685,179.88723554553985
-9.18927084136639,192.86845424295382
-2.605079373831529,60.60628770766792
-0.25946565296134594,1238.6941346988183
-8.086730093868738,216.39995531731213
-7.3787429692637545,207.71699675358246
-2.8038892406139553,1540.4561831170304
-0.6268621657702909,1435.8387218805835
-0.20819242080733602,1115.879531160434
-79.39352389463184,1159.4537627446407
-2.5036720633152925,1734.9030479349433
-0.9521525031103977,416.8363549043885
-63.14804847187844,273.12468594536745
-3.06210015393431,447.2383551966842
-6.585601503316063,49.165235393754074
-5.226721725673315,345.87963486756365
-4.108064677581069,551.7546286986538
-1.5057746572836948,1686.2981188129384
-184.96739837607123,1660.9564231585507
-0.5464025957312089,402.52693099951836
-2.75852375350064,574.7584293289849
-3.1220748104022107,472.7073221855054
-19.805477113300878,1377.5992948032813
-2.840181471997184,1647.2943376164196
-3.2964933775916165,1863.7861771092114
-2.71180469650983,1507.3152473150678
-2.327290127339438,356.97709361687834
-20.463616010478,121.6223439657125
-4.9739753666392446,548.4089486994873
-1.8057417789820143,356.1327049988781
-4.0457682344218995,411.34502471252335
-112.73147444078369,779.9751282596665
-0.34812413225499483,659.5119970838501
-7.776296649558304,261.005254582218
-18.95577079229531,195.68056622971127
-0.5953144214354111,757.4222945182962
-0.08287149484200285,1319.6992887314952
-1.0135152464153272,367.79019040733374
-2.9011145115091317,677.3040528047087
-7.158337912571994,60.975376662182384
-149.17911491668082,684.8633326597464
-96.11809447829978,1294.715861193115
-3.643876913765837,1829.3892367290296
-8.545175257665875,45.58755647307814
-99.49999625320197,509.4161852111082
-15.284215999003948,111.99803592308345
-12.7971420635904,188.94959809683888
-0.5569072660411365,675.2331074832651
-1.8654344058017358,456.13399810305714
-0.020448440812572244,378.6030857863934
-9.819542722287395,58.02164718316138
-7.370867612733207,392.53540436884737
-5.971364576157725,102.29319382658664
-1.3720572906255484,1805.9510259684662
-135.747989255777,474.22909040460695
-100.66249700166566,827.7171776184304
-9.816502609422514,55.38147272119119
-0.9016598902082364,1496.8614056843996
-2.7051421840656644,190.95181134781342
-13.322802367113141,203.46800369171757
-0.47345672611631073,1372.5661890796318
-6.902734860598159,260.0420769052845
-1.6815153960065174,587.8051132584061
-1.8173195915558509,1927.173827922277
-7.887990398150265,388.6462913732898
-2.1263627831552583,1919.126993129138
-4.899673324624388,397.58084495132755
-0.6930209778397511,1771.478843504664
-1.8016755700084488,1669.4219023113028
