71.04665308659864,3.979435265882044
78.67375734529901,4.966892272370034
4.376011270673601,0.8493719362012424
88.90820996176967,5.310057875232463
94.34455344840654,4.710317781193744
94.99521582588122,5.215799750752113
55.11592622827362,3.7470413727996323
42.96348448378451,3.0324992876783377
79.15931313013749,6.541834773311345
34.02170997552791,2.3985816946307033
99.79707970079804,5.615646875499014
56.63160309589708,3.5703788494687885
70.05005872805582,4.233678855496916
3.657233822369392,0.6677735144035299
2.2679096326132253,0.4609782154713602
63.34402214785973,5.902074951483918
43.09518990974202,3.0900156536797816
88.11033617936403,6.1217056859479975
96.74501884681962,4.634801475242401
90.85607828313107,6.037148078777715
92.65086290821361,5.006742778918165
72.70139992639871,4.13053695092152
38.889471040322945,3.449005765071721
3.4713321794350804,0.46311271542008736
95.85548939691273,5.638341328910748
86.42102168331107,9.821037201671768
97.67854054435766,5.237152109606782
49.19047351068011,4.253962446723669
98.72518538502625,6.5079378950163065
68.18530135196136,4.70206546523309
-39.27161547462075,8.675994838257868
39.68133494044372,2.721864821472108
7.396974958629627,0.9365151733662014
48.88727089450698,3.1495921048794306
8.602179700840637,9.03873346920319
11.836049736932452,1.3485997103351721
54.912533647823,4.527010150191801
52.54450219299528,2.9738142679984776
49.125930244072265,2.6455090571361435
71.38649427894376,3.8071089327511345
79.0416166316069,4.8855028101446365
25.629472429387377,2.068011504099445
53.427453056263715,2.853455586547888
35.71391270789297,2.682729090811982
86.4598864248315,5.881351750673605
83.4381319572195,5.425833574107656
62.17393508747274,3.9870196822931763
89.8350437395501,5.6758805893626345
17.73274516315537,1.2280725858362658
88.88576684886368,5.518756933479057
78.44304259867423,4.857620058750625
8.669509767414013,1.4287332263886157
90.75671847949707,4.468539413216156
48.24585233804202,8.148672600764478
66.23451380294097,4.639678501399145
98.89403729052756,5.221954188046803
77.82125668508134,4.892076237063623
0.6323709085109925,0.4326489330947505
71.1620480591767,4.101073987349132
62.27543218512164,5.233063757412846
45.0574337336495,2.5621869152064494
72.60634594676358,4.852618404384042
85.92381765124313,5.031373090477133
92.85177069603466,4.641576549417074
63.34574997375108,4.233354356537191
38.19711235105332,2.7299298705866084
3.9389082755209657,0.5564963672871259
36.07611683234574,2.3182523015317327
79.51693280933034,5.178136278695611
64.94355224247141,3.9398248307843122
94.27779008036762,5.000196617028738
0.9057414123704461,1.0978917339748993
4.40026757714881,0.5760611541561342
82.92435268687831,5.53136164274923
22.62921578723777,1.872990617747151
27.232441820174934,2.0905514529174445
87.64063223019117,5.34306052945469
94.6675311033299,5.268599871010623
39.257902244498126,2.313996313296035
98.35233689870395,4.545847850143074
65.20052977361615,4.08413660475568
90.15336305229513,5.570034393919459
67.44229143763934,3.5713060183921166
92.7082124890189,4.756001159859116
72.29199715363904,4.77441574017885
42.11180419606224,2.417084648824579
75.16089927278782,4.567102332634187
79.11790998780127,6.501441420807868
24.34950503328217,1.909820594441392
33.761202493191504,2.397996301509183
57.43729554847593,3.571957933997954
70.77966699630223,4.178704554626979
71.39358365731579,4.66235700628898
68.57278012212915,5.204388614497754
36.46223963161577,2.8195056220515315
74.30155789064361,4.125914575693855
98.02785008804352,5.0838168195397255
1.9227471467578567,0.5418801885575344
17.504132504858973,1.5295535344804296
65.07007621571515,4.233860801681143
37.13723696501324,3.1346560653834326
42.54066373177339,3.9825877576994646
74.0239032910572,4.657569315288377
83.09651181217254,6.642567013210186
31.438379022393036,2.3057194139430086
70.25261717387158,4.7118416863421455
3.0378887978671827,1.2346510001189248
85.11614567662232,4.823371057271183
87.53014122489364,5.3864258525391335
58.802962961143336,5.029774691840134
70.05642588855505,3.969951462312243
98.7404319152574,5.517030678484612
90.09858489896023,5.776148062192091
43.52559689137172,3.132871429052848
51.42257365212586,3.0257134791910385
30.558631928003365,2.3263275144083604
49.709910436536134,4.121742103805614
52.199542388498976,2.896057262551265
96.18355062592187,5.883015330591576
0.8705024842973508,0.8256512009005763
90.95980029004478,4.639279743391628
27.056345337327457,1.6657925887060436
0.24470154104257347,0.9880986062388097
-1.1692454027724608,0.9071154490262341
55.17196306058207,4.395432738403279
33.58834548848411,2.708439989303466
12.89136517825645,1.2095539344313124
77.57460459168709,4.72263910852384
40.46172383579357,6.6309299583872
87.67043508899938,5.06530958866907
48.135331801874685,3.3347672615770936
13.473501497494155,1.4104805110772816
42.791956966004236,2.5048025815543475
35.52632990537228,3.025800101530521
84.36551606562706,5.356807164818315
83.99949841930083,4.169838926845881
77.30269755251788,3.9807181462049614
52.652654364456396,3.271840672497316
59.625218784848045,3.164512475204475
92.13901335310567,5.7620387842187775
73.40812035024734,3.833397142542232
43.111618585888976,2.6421843686758777
36.37962098828194,3.6337740227163096
32.8075413625896,3.108202942977594
58.99216982044923,4.012278023999514
93.60539451070063,5.6260584190154255
82.15512513529879,4.631663359819406
62.590989800961665,3.537852575039521
65.18913018623857,3.8067275325156587
62.419141266090065,4.607769562261112
59.752409216764356,5.057656911853153
45.958242496337064,3.1256422585015295
1.685858325103709,0.8403199019656672
80.39843252286413,5.276189329487166
53.29922113685225,4.530145093475511
88.64459277310229,5.707227978306422
88.63903203685052,5.840403857553316
86.69822186196433,5.147355085702844
14.9386124891,1.4448061402010248
97.81876801804759,5.144019073786129
90.60625519681614,6.088672187061174
35.3223195541581,2.247136341381406
30.08853415105574,2.2833772489656434
26.13284727074725,1.833494845275088
90.52312742109365,5.504107220577119
86.72001666292036,5.500882805717661
48.12561392804926,2.749015953173222
63.78754555225606,3.406866287579732
2.3248449370764064,7.97893755711382
32.04921521590482,2.4564388221761027
88.03658249128469,4.412553841556651
71.40847943621048,4.218046331655303
60.98989926441419,4.833252244612257
77.7343933729321,4.266283733352319
92.23402818765938,5.969512042240568
3.9328276043992645,0.622619750122194
45.686977765263926,3.010824436335475
5.3001303943790745,0.9056862866750075
89.63404479903596,5.725273514629002
90.04730149137478,6.358484213952
86.81943184708086,5.71733049021006
58.428493677696395,5.010879021238768
75.91340214767612,5.793590200998786
0.3048760912429884,0.4747219795230855
23.010176381503072,2.5924317163205917
98.28820346121223,5.169481621971085
27.551229077275224,2.183513561973996
87.40869543852614,5.342253156892227
36.72295186364096,2.0690332537253857
79.33698022230942,5.3507520159028
76.18957893962188,4.2695531704348415
9.691288657178177,1.4061141145141145
63.922844595020166,3.540387661052378
78.08321597856737,4.697514889859995
60.7129802215278,3.9204454084757145
92.76080957837081,5.295381570704311
2.1080320154720624,0.5309958016224599
77.3835799262412,5.076865363246462
5.215095111216449,1.2664263820001889
27.400792955421068,7.68328214022193
