-45.47949846125835,7.898187521516544
-13.251897368465109,3.4334653501597874
-21.813811527290937,1.396402175862196
-54.86125603658161,8.676416292285012
-63.954047938429724,4.710317781193744
-0.8775041001339332,1.047962511600037
-85.87905263922462,9.610598468042994
-5.937476098814116,0.33897859454881574
-6.418804545757041,0.9237615760261804
-11.948797276578045,1.2738044154185655
-6.282952454062691,2.4817713792095333
-74.92940246829039,6.239610690237722
-83.50012644017956,9.159587036622801
-46.22577527875373,6.060738856468531
-52.088152201846725,7.123416556231018
-30.95828287821403,3.4067760459648313
-1.4020494547434978,2.491605635638807
-63.93463250581293,4.500276750575935
-8.267104294680857,0.8110303559198719
-81.56117730910522,9.011436435761627
-33.13537711750894,3.025576753475981
-85.10107381587216,6.603464400844842
-12.886372874583884,0.6432995390204006
-66.32487909781162,6.781856243746183
-9.522646855028976,1.171395470085363
-33.75895449512896,4.3772799826732385
-20.198931792037868,2.385046592940352
-15.141359071729532,1.1745588136584877
-42.64611279252898,9.702168166041801
-57.47046625356515,6.002516970309683
-7.420163291293846,1.9758032915942074
-1.2540637782177129,0.8825009087587635
-39.75602051284919,4.039818336672443
-28.3778638238432,5.848018716265726
-3.9196555401968425,0.762318295458341
0.6137428788738291,0.955114812541487
-92.82779821598126,7.87097004133421
-36.24639925501641,4.560337587530686
-3.7062943484356055,0.8474177587637435
-63.62057243459647,7.740582663753351
-11.979147107873416,0.6943079788466999
-6.8881230173014245,1.346550133196942
-26.877206421108397,5.036664035021807
-82.49957413331134,8.903704708424687
-12.663602620903916,0.9779995501453715
-6.202193831664644,0.908916402005632
-28.363534572160916,3.829280885278305
-9.647228584594572,0.6479705422125805
-8.730005049476581,1.3026548714781767
-33.24357494022434,3.082844843612513
-7.0876495895780565,1.1167604559199602
-98.67626717028163,9.357521847907208
-9.822476726852628,2.987382986367681
-13.278721277854643,4.604970922997243
-74.63214287396667,8.502355696045132
-54.33493611324259,7.704141449520932
-92.35946279166336,7.739408980491646
-46.375094065938896,9.641346971095674
-55.077809716980845,4.101073987349132
-35.37925050084726,8.41339551196217
-37.550361588849896,6.533147363561991
-9.881532451611577,2.3802319093708073
-93.88409768377151,7.807015471124647
-28.309741438897603,7.616522578162311
-9.557375272986079,0.8976447937987686
-12.729165822765836,1.3280581060230343
-91.06980855831895,7.154166301753765
-57.74433025418162,5.100724297466346
-38.610091354107205,4.944255276113019
-31.580553553003995,3.183565684009081
-94.62554125097184,8.956002832576273
0.9057414123704461,1.0978917339748993
-77.40189890994158,5.667178199214527
-17.040916378608628,2.1548607336768413
-8.254482816432414,0.8923620641131091
-17.42614198252427,1.3560625053931066
-47.204858434083256,7.629196691979743
-37.353172544960756,5.584773183630812
-81.43618604474602,6.934888975318739
-25.92950088312025,7.230446761502715
-46.613700146563524,7.575761551186639
-36.36792572700252,5.570034393919459
-71.91383055958809,6.616418299891304
-38.704826404275636,6.682009009983652
-91.28093837666141,6.636018502330972
-17.462183485694794,2.417084648824579
-54.16944781521087,3.802187167729957
-83.54320647394562,7.14553668143554
-15.863413695140707,1.146169646418743
-2.809838623493846,0.48061736749083295
-36.75631801774198,9.101846954653439
-38.04937956963056,8.423093027564484
-14.477348365771576,5.066668880569823
-63.79509496183744,9.959167918224267
-6.446939977341375,1.2914853997318112
-11.752552608877338,0.5661302514874791
-51.72028212916999,8.228629315205744
-36.688965874695235,7.057774906992826
-81.5810359935692,9.391820255928792
-62.511967033885135,6.760926154964161
-6.979377195072928,0.4203771407211936
-1.0790179911490156,0.45615430864656936
-91.74896519571615,9.965422669046337
-52.64028683445069,8.416353701035757
-14.715762747109125,0.9558929703536094
-27.690961050288507,7.62586065482011
-24.547949663958168,2.4627731202444663
-53.75822358961403,4.258931099259155
-11.910764706553863,0.7005548621573356
-15.09678180905145,1.2862081275270842
-87.51257885595041,6.331937469407354
0.6074099584561878,0.7949597914432189
-56.095160406935335,3.9733515187129935
-44.5039198715022,5.72071639987316
-40.17945300904872,5.2011750349099835
-45.704093030979855,7.1295271052913956
-79.77939564219108,8.48917240865296
-12.712800114815954,0.8972314536154036
-43.419680464199395,7.9290129097998205
-47.58899674723655,3.1463586937092263
-16.73527810518495,1.285259978514247
-32.45928425751845,5.598116030680698
-5.31995213553094,0.667907031807994
-1.1692454027724608,0.9071154490262341
-46.90929487059146,7.167037465235813
-48.536830317605656,4.890222842686228
-79.96270520315464,8.674820513991012
-23.769403848281627,1.6986417149106359
-6.53823403464925,3.12307273496109
-6.3485349389065915,1.0609723174720749
-51.117561008202955,6.02328381130452
-64.5134203900908,4.418144742639107
-6.595167955526108,0.7976325616279074
-30.806566617635493,8.438748354043522
-35.325999821967244,8.440746664776377
-64.22947475287052,6.668276448392525
-75.7659195675829,8.029954126447084
-48.85857136008329,6.03268863042609
-80.28543376605967,7.168928058012664
-10.236120020392633,0.9505601518867604
-19.549336752300874,4.301035367829511
-87.1700130007577,9.89609616562132
-64.622173109542,8.172545215911116
-4.883531658174022,1.0048481699448741
-56.1011952112531,6.447361736124938
-7.761583504093593,0.7405665980268505
-46.150676669582204,4.911493454982098
-21.492276549995537,3.1014312466622194
-84.67165114207685,8.199359505122137
-11.493081496857236,3.8488889306792444
-64.57500037734926,8.34061719318639
-13.561029442060601,2.208202400392981
-9.650573898378141,0.49995844880734985
-69.07430353827797,9.883802552939557
-35.92427839241444,3.642633781462898
-38.130119473355684,2.787945620432871
-39.59775985346886,7.739113670241618
-46.97844392220715,9.722883727502946
-34.832037132654904,9.075426080326341
-29.935929432066388,8.833273491965667
-66.43636793736798,9.79396549555167
-8.968635007507288,1.3147785527934595
-82.83813652004336,7.497566741438093
-13.374616195197376,1.2405924292022164
-54.10573170219918,9.137257653840974
-40.27358705789342,4.093656361747046
-68.24353169209131,9.249819411822006
-26.718371344867904,4.955159212692312
-5.388728984206637,1.5587422347069406
-16.94353221346467,4.9713775387256405
-3.5315653175217108,1.026935650170592
-52.92725827092572,6.828257832805651
-28.83629706838194,7.997683127810131
-12.163449947131975,0.6840993251027403
-8.376298921519108,1.1856878373081905
0.5397504478821276,0.5119170352688389
-61.877484784566946,5.251188535412332
-98.07558014593684,7.451039054168549
-5.670564760529828,0.3697928605625549
-12.723405517479108,2.682024141818055
-0.5581574556295692,0.9512665215766702
-6.3376496073601984,1.2450082893846623
-49.18971457214294,6.385310913538244
-38.20747874005796,5.084342952306592
-8.471936744367639,1.228910500100243
-4.53268687317339,0.8104619034367602
-73.6841298477368,5.482070287942804
-62.47100934286638,7.2813516682467245
-30.597766823007177,3.556736566793215
-1.3525710920328322,0.8115913134042714
-38.91684650185796,4.23767747427906
-37.151846562587494,4.8564771081175255
-8.016537048038884,0.7729947709554157
-17.980485899244684,1.2737243313743303
-56.14218180101851,4.181426697742204
-32.04043537623319,2.925017997349542
-10.599352655396373,1.0018942918986142
-31.981581282565728,4.205133123695806
-69.70406914712464,7.739697306629761
-2.127030511682772,0.7835068830676377
