-74.74629167945459,-6.931270098359107,43.77459263870381,-64.44009814768825,-70.37338970397116,1538.6412521462546
-130.07621588130425,-44.24502692982844,67.33625946099181,-79.78191783537645,176.0955113435548,1278.8321765440248
134.15530281706566,-58.445327115280406,156.00648551205973,-101.02783002682104,-160.04258832464285,1681.4987652860875
9.058662015190109,-2.4615576982987086,142.09008296622721,-190.55521407005259,-168.84893408897628,1011.683828769385
-72.06798017925527,-6.979869207198869,168.00442734263598,-65.91523456323988,17.740963589389935,1594.5354094352085
-70.94805721825702,-84.06483546382019,94.32134167411323,-188.54894832174878,63.143397313490254,1114.074105102535
47.32148319527735,-135.46436716706427,178.2003535140219,-121.08202496487806,-113.88355525503931,593.9049675751471
100.26462104388668,-187.06182378465115,61.764912626521976,-72.94068410889103,-136.69699767212498,1905.968203393186
175.36503639066098,-149.1983253439475,70.20400348937085,-32.18363910758012,-172.97675650050977,244.54522021755434
-54.72211858086493,-67.03138050660549,122.97230774017846,-129.45465620167073,-26.317341628028515,1445.1212271441677
-62.66111406958743,-38.692697369884684,58.36619096812596,-102.60378506774568,134.5160984102798,1305.163154248758
-59.68562379183922,-135.39476375769152,193.98032104252098,4.706877757893238,182.35750676988374,828.2005183742466
-26.86552515999685,-127.99675185555277,134.36210677243355,-85.82970520056158,-175.33344790977443,799.4182427889409
0.3957684418216445,-16.654156855370047,-157.29920577874705,-110.58828414831306,151.88733879774088,750.8229409065328
-21.817804377865038,-157.96316096921043,68.04283985021652,-105.48362848812408,-65.28627530736779,1457.7979622544394
36.622142828934216,-92.15522920860698,163.0261841647823,-3.7222365359452567,-193.8334155184254,628.3338484025435
-14.253213365069769,-20.780807261164597,179.3169322540764,-165.4685976707197,-190.5995431143064,1067.6629183720986
63.998053211408035,-8.188664219266144,136.7634418753829,-29.302978665257143,-177.799859498975,961.0005133247962
10.010911427147377,-116.24828830679645,42.23999301561284,-15.673626519178868,-119.46306464122827,1347.0068272195413
37.96257329383329,-78.87144591618173,158.81770429567518,-13.62322656255563,178.72835562620332,688.619426875523
3.816946737499282,-59.50117503345993,19.102586662480007,-62.48094867575176,78.21907554760656,387.2283841714812
40.80321967903103,-152.89046729597948,34.962587114980636,-172.226967908767,29.030767121232117,1604.371127490043
-115.89833062691649,-3.6692815679481896,195.40890597377853,-10.85604546128235,182.04577059898213,1436.700995017118
-21.245385379156772,-130.43564841719638,46.284896079056026,-60.963387912530806,-138.17460492269254,1401.0423411749616
-84.25612090861898,-132.47177106010574,146.513721223314,-35.658730743186,123.05653848657954,979.4056607755142
175.6158647874267,-51.341623056058154,149.46968726113943,-181.1595280118231,-155.0403050302378,675.3501169451176
-107.49980673417706,-67.12874054443867,125.40902459989132,-35.179108850345045,178.52368436089807,763.3909953841735
-123.41053483940118,-9.578528961406164,73.65657631977177,-21.54086105177032,5.113241873030034,1690.648863856974
-8.945930103539268,-15.039257035533666,42.335338195928585,-5.618038945870268,-27.78079548267354,1431.2496787513414
-78.36633490417894,-102.85418240766359,122.25754510976901,-47.773006042229724,114.13097312281974,811.2440785591266
25.329388965211194,6.081070948750977,158.40689955129994,-157.00969205574248,-99.3399477513987,1076.6399734644033
-29.3303782716726,-62.49878924903268,173.16679585785846,-100.64168733693741,190.46132081176194,1217.3715200476645
69.86691098174481,-126.78314424577647,170.81825544815712,-75.59559578474753,-197.585938844853,1219.74608549986
125.02215601798724,-153.6870851990266,146.69823448191102,-66.61812906773187,-165.9565639623397,867.1500242454516
70.52012514331807,-188.2976461791533,29.291964071710034,-95.79194968298566,73.89164455175109,1155.2141072863499
-71.49494389838031,-194.15672533449742,8.704389877036846,-28.452221673501356,-186.25564232710693,1919.1496347453622
-138.67981585381347,-48.971965076457224,183.97463651699638,-76.92419602098077,33.8233104042763,1950.6955989982143
11.904806907214436,-78.42295776587494,-47.980348724457116,-35.827218872314376,-102.28059916275079,1940.712741977257
-2.792298239504774,-60.894059847507265,46.460602564463386,-103.55164144121038,-180.5851965369456,1296.3874466982138
12.356458248857734,-146.31997544939566,114.45654353223313,-118.3694788778844,59.338663286835526,416.35217775413537
-8.369055935623763,-83.44485229997319,109.65572636982607,-169.04572654851165,131.83985475451237,874.2183856769811
-85.20059107655389,-51.733144094540734,147.76245209456837,-50.70256919833668,-147.09363194560552,1812.9107032064119
181.35820843464484,-74.17807387653757,8.053168537176063,-191.55420676967472,-87.51438430488025,1814.9360768601675
-71.9558086129322,-30.428624297602312,69.84414182904493,-153.18164835619814,40.21716639708447,1303.433065984612
-28.99903011601445,-12.081187238978089,70.8128616246927,-57.260309302502606,-30.84773831734453,353.88484674428
-108.75611163937643,-118.88680730594237,191.14478378134015,6.295220066072147,-115.66255284622625,1634.945521367815
107.18650198567038,-190.11816174853854,171.86856935338577,-192.0093258312225,-68.94247052106152,1904.5380708763016
20.437079931453333,-169.47987655381965,48.426664226851436,-117.99467762503441,-98.96372444019325,1954.9317239265918
-22.05497388772511,-95.13373618017134,113.99745193172862,3.84200852848889,170.76945710355864,621.8652626193517
-62.21339943668288,-191.65825912012397,112.0479732964886,-192.24247187601443,-32.346789674048495,1574.2927966657408
-129.9550843516223,-60.9102099563169,192.2328813620523,-104.66701820561832,-56.90058246148732,1677.5543094464158
-61.445763754528144,-198.3391583819424,133.43012225695958,-58.35276590573227,194.49604222056223,921.3288362491141
10.339206214292247,4.652553852464607,-109.05825542792923,-102.80532138679771,98.59212962149024,503.5512321239402
4.752023922177955,-122.1369508760267,89.34084314372006,-105.48332329726142,-59.31529146775131,1321.4677626417583
-28.707365828806175,-177.28158821528592,169.5818032918463,-36.255339067569906,-129.98514670927563,1507.0155484567956
90.21016779351395,-34.578225551846685,169.3395891887867,-15.480302410397286,-146.45701917931632,835.5422291731778
133.75897159950836,-116.48371723097672,167.9189391341365,-169.3782519930763,-182.8933851689043,1046.2796632434713
40.325588208927655,-168.33258172577848,112.6108479238082,-117.44732523553073,-51.592964167253626,1606.6053422684854
-75.01031739823704,-47.29461464085547,88.10246940789901,-175.26234376819448,182.79246976833406,1129.8584042022453
117.3960764530735,-149.42055922854132,192.88834452864222,-109.70588079995201,-51.88065261818889,755.7465759021941
168.55404861623526,-131.31884588571867,112.05965033406454,-163.80252156605872,-71.35227159581024,1580.1189574593159
95.13268553314447,-180.9637926200474,192.3068728530135,-145.3476277750234,-43.95391287957236,930.9504207771176
52.43392375091244,-178.01327116100265,54.39805231366399,-71.69100150287827,191.18248175858184,1233.0828699363744
21.234662289630798,-106.65421064798831,135.57041522257458,-88.1013709364279,-30.361546146523267,479.6976961423667
50.46831634671531,-119.22257217865216,175.6634087803858,-31.815618974876543,189.21344338433317,1082.8973686965765
-191.40584169055728,-19.91179473998949,192.01623958393708,-40.911118158464795,-95.08474380469232,951.0518160581728
-145.05446554298487,-107.91790617999571,100.69501582887943,-180.8819099221955,193.27351965167992,1781.40770721842
105.44014652244924,-186.97634127541005,22.651422866847085,-86.07290456950379,-184.3808767331075,1532.3644987997616
-39.158604675911135,-66.8728356324657,189.91892158181153,-134.4561082239851,103.41631309938681,1027.2600318856646
180.0570047812878,-69.35889893281913,154.4625167637281,6.698427776849883,-122.277265917506,1555.1840928914535
101.55423084472977,-171.90768081688879,10.003037059092776,-55.26260092003358,-34.77455298237694,1614.22781298774
106.32106423262063,-188.7451545700643,109.35057091420957,-43.12835246664662,129.6664765226849,855.8670206865283
-159.8178964818738,-49.72726478115747,83.33507345127236,-8.22969176428115,168.10580121766742,1206.690194947997
-55.98685906187649,-14.864881806889372,195.34309381747707,-25.12260860601465,-91.10821321350187,1723.0249519319675
1.2197832941449178,-120.48913848398894,145.5597861360036,-48.27145804916131,-184.93752819978468,1411.1951481214846
-81.4591379911231,-70.11376056744444,64.19746100553859,-148.30702546103592,131.79441938426308,1309.9898090594268
31.021698205900126,-153.4932213435795,199.97452896224445,-196.8402583174921,-58.179520644703615,1049.1880811706517
16.937415467649146,-116.24357490254897,131.74824296611234,-140.10107260175295,-23.45594270263581,494.47537698855814
3.339608452019604,-170.27469675093866,176.3513619485268,-99.41843742132511,-129.1317745917968,1227.6613956937
-43.4160813100209,-133.86587110251872,112.67097408656639,-78.78101502731928,-142.67371627378705,527.4683262815082
31.026563274513165,-186.00953032198356,173.35781271080234,-159.3205178396265,-177.16461258940114,823.6465086531367
-8.715654855246363,-166.15895399683325,135.55270201937486,-93.14117445477675,-65.7362630222608,1590.4035470236026
64.19358102122274,-14.808158251284098,190.5717793286648,-9.310106845515593,188.88734630668122,1352.3518509830656
16.258502724804544,-152.09350677914725,128.96783164227423,-166.7111744563398,99.42437821663299,1103.1472219439938
194.2300360207422,-15.055528546229974,134.24168740488605,-154.97137922415982,109.57793719711032,930.1586338888239
138.64626581767283,-7.658307023508428,159.04003269566448,-26.957644128566386,-5.430519013274704,817.553564061108
14.81102585770006,-185.07959601013897,194.92501320800227,-92.5948620882865,-132.6408112060015,1073.0622180445248
-25.093860062008844,-75.41727502544458,85.8065192209897,-29.08967025472961,118.20006907054947,1336.4836945564043
1.6290370720474812,-159.33732588018086,164.38307446690266,-191.70620297943015,-27.47034142115359,787.3608461503813
-25.98849710743704,-199.3799081050809,180.10223650143683,-165.44482979995394,105.61633894565887,881.7129585249386
-126.73930046187175,15.741104560845756,112.14411173624995,-166.25211700677562,-83.77604799674802,1957.2242380997873
-85.34427900361749,-97.48945340155191,8.895374747223633,-32.63856967011047,-79.70021446242598,1748.3463571911632
84.44808469288526,-177.72334157819262,179.3569639289702,6.911075471236593,68.79113112559031,1123.4944136335273
140.65093555145077,0.8301673677082135,153.06532322815715,-179.80306451716876,-178.83778257683375,744.2371047387732
90.59276609143444,-15.883901356830222,107.45552499491778,-48.72004720001579,127.37523054873708,1240.293291084763
61.060592347805425,-133.0688921814903,131.56415484645834,-12.297959256760208,-50.31489671297095,1812.0838862223084
24.746237226340426,-100.92485436933777,-7.136150279992254,-14.727398714399236,169.39642886678658,1666.068561059567
83.32887666347523,-188.33914715010775,174.4770915149067,-46.72752406075088,-148.2796043716412,1157.2936030402388
-26.23762497682246,-35.37805285771172,37.5414947624391,-185.85080797414525,55.10073787276717,1311.7991060240092
50.09589558128906,-96.2167671722157,23.994341817863216,-96.5773262774697,185.74339468499667,1324.7251836217974
-37.44380804716286,-131.95277371830556,95.45681230462046,-107.81160781080249,-113.77132558901968,784.0011776258096
91.96093835605768,16.44369593714285,170.89337349452074,-195.63166630674172,-177.6304661523894,864.630693371018
91.9433868933499,3.1293508395116874,174.05208726324742,-20.53594295930796,85.18496770292018,757.862223519534
33.433148749497576,-135.7007987698328,183.45851294981696,-174.99528606205052,-73.07282060677618,1913.303782896935
-49.717030882976424,-86.22309588092963,139.8706569670698,-32.84465772963482,-94.30222549059826,610.3902568566862
105.4423151017707,-78.5103644648962,87.10777258688421,-42.2212392114115,50.138353642040414,409.50925424012723
57.29309380635141,-21.285115559596136,186.85157331098702,-141.60656972164202,171.84477573487203,1685.2650408851111
-31.61996481771952,-184.33040706406442,73.06654512539647,-56.03246418998975,-189.88274183039186,1393.030995811621
53.9762377578522,-140.15722318715933,48.65189401625884,-111.96690591370663,186.63393257797617,729.805105858467
100.8897175704397,2.754076845868525,7.181130572149158,-198.03206311737566,141.0825829931457,1312.1682436649508
154.15470120025824,12.868597252020386,25.377420597236718,-98.4219182743615,147.54721888971008,960.8646411706081
-14.857177920242975,-181.45852037594392,-0.28570250803650765,-129.06569506786428,-72.3247715514567,1435.9867461444635
5.0918321114994,-188.40081079907839,165.8847195873444,-176.43888414108036,-169.7022142145889,1460.9219340157842
-56.61737920737368,-68.68732758253846,126.98397191444884,-140.42463465963277,172.50128058964384,1347.8777674386429
17.241370890465134,-108.97651171891657,124.00108964777128,-144.93051595568824,-26.20032290049535,1782.1007277834228
162.18398952042668,-11.899991653230018,14.489268284848805,-8.174320855745947,-121.63873641373601,1157.9773976362121
48.338373830706644,-109.54224674844531,136.98402570040278,-52.22699501117771,-185.91002573208115,887.142608035184
-76.81650793524112,-67.61788323237556,14.078241396042102,-184.18410898950165,-170.51109620172326,1461.1114433743505
-47.239613562369826,-64.30750690539585,168.9175211779039,-128.30472833991146,13.654249638455411,1721.4865396089822
59.20096947773959,-159.08599773060502,158.93774440237905,-89.97448862939771,-174.62796796606955,1187.7310885335635
72.96517251764733,-40.31902185123889,-11.454036386848202,-167.34043367319683,197.13955314961086,1563.5638015007771
82.06709380628763,-195.39745880486154,121.69966039580856,-65.61633591422387,-129.46000247872627,1238.312309134946
142.89025801554672,-26.997510553129132,-25.20552922857322,-149.4761432147931,156.0965074839296,1470.5204696155786
12.349746032440066,-191.79813440602948,148.10720305944284,-193.68180061653877,-59.53913574008803,1924.736341897984
138.80865078543553,9.503675813148377,109.68233943695364,-51.19091547528197,199.90854565381318,666.0439237796807
-69.69213415950239,-195.28892078283994,103.05810278211379,-6.365458408838968,152.66628301595972,768.7696671783697
-19.610419423663586,-30.036216841471145,180.82352615793235,-198.568930952411,128.0835704896312,865.6454191773878
42.90743992998517,-159.7917707322135,-176.96856989193122,-106.25177840639252,-190.45982941542638,660.2579345440835
-35.44862456181927,-48.16227234218857,89.77668538300973,-56.51088483979364,10.043918933497295,1066.8009206890986
136.10294487391985,-193.89622532802298,136.95674886365404,-199.56185048189806,-150.55319731083165,1593.5310744293968
7.905725916472392,-38.08224331988936,36.42767444554079,-27.083458174062912,-25.669749036427163,1449.8716972196903
96.12893469236701,-76.09977578474606,124.94583751762207,-9.6753267946074,76.9882211507541,596.8331513581444
-76.4211333951761,-37.52454243372523,166.60360864910638,-151.80114318130433,-159.2071068479212,1970.583590719636
53.120421384530374,-156.22173126888012,106.34953649444279,-43.041590165031565,-76.31475401099533,884.148321146994
-75.00544415651682,-68.55423115980884,140.23298867504795,0.13450860545941623,-51.0400921416103,1864.2766589261555
82.07874682453809,-111.40570713476956,156.93805242670123,-17.963566255934865,-53.6639059916441,983.403575996628
175.62617230899144,-195.09313421766225,122.99883353444994,-199.76911052282634,102.65992832354732,903.2330550936541
-29.034970216320218,-68.48671343888795,131.00078401942474,-115.14161925559509,144.66487311382537,1790.3707749230282
-56.47018917290197,-49.41759795080226,188.66236285852415,-165.1379380154949,-2.7586924819634078,1136.9699573672729
-52.472240040785266,-110.36061796383878,66.26281816717687,-79.54518670619345,-62.11061476232456,940.7674148527492
-2.0849877686750222,-34.466067342216405,43.877899640895734,-35.73055517711708,-1.6956617171081234,1678.0399842110905
-74.62379399516324,-98.32188728027315,170.4541717074208,-112.82469661304037,183.88245878124548,877.2144244366336
-63.000979579117356,-65.14759314458888,140.1569017343313,-71.68807094549,-68.97760182457509,1631.173681108552
179.97767613883647,-90.29195293101961,97.28821442318203,-99.8443183688316,-160.0072454568649,974.803637266177
-83.67335489521744,-24.610837047189875,128.4740238757322,-107.21674251372411,-197.60567931517627,640.7545614944127
-49.69425699767676,-123.5988592066335,161.04998335089584,-14.500187792721249,-192.90711067384873,564.4056878550515
132.54725640595376,0.6681697793543435,21.733424731129176,-18.731363144880333,-42.505346708638285,793.9932010200894
-25.837533547637406,-59.782535857193665,83.1223284193988,-50.87299615056264,-26.65297048264142,1155.89946572173
64.53111438662421,-180.70551882284684,86.70803053374078,-33.23595429136358,-124.257006602103,738.0853444633025
78.35504815556673,-60.66807690317527,110.8997616958253,-11.869052864322047,-51.70715446787332,1919.9779513202539
193.12802400094284,-66.57287838506667,112.31967743142422,-19.321442470313627,132.04025016964454,548.6383699641416
-24.86040906889184,-133.6746105314197,23.140925374646002,-122.47784957497412,-182.14674411030686,1607.3767089869339
36.1984101563351,10.468638256380398,116.86191287182385,-192.26612938170598,85.19219501609695,1095.9226280189532
-25.21275333242974,-67.10036476337154,164.70858443315603,-89.84964285518794,-100.75209000962715,1479.4969036008588
163.5376432522748,-86.72350201099874,99.18434629092349,-174.74125951065858,-191.91926756468604,1400.9401622672992
-54.876780803659784,-103.1457935150198,91.12422607694498,-155.78660020027567,-11.292252807020844,1173.6726464920262
-34.71180469650983,-114.57979943747456,168.4739347476101,-98.7329851196381,-83.66897456461832,1273.6352888969623
180.18526953855718,-114.7480076741356,194.37996030935284,-110.23354927613507,129.22990224061175,1325.4735120036062
-13.179598997637868,-165.7058188953289,69.26921714427651,-41.90374578128407,-110.23339585252116,1862.8455302376196
-30.378509039917237,-166.41560777524666,100.0809497619452,-78.65555014951418,136.5218724667232,1248.920628982296
-27.74961827978398,-118.64481835449209,78.24175830272468,-39.95236385358747,-139.1636857717856,1286.566522676761
24.024827964780542,-133.19183962919263,120.15591143049082,-97.15214038011015,-38.52064313931686,964.1510108055188
114.24886363850261,-93.82115659815187,83.5901371779888,-41.771687827716924,-103.5923403396404,631.4885652153652
30.344079868468064,-136.646333427618,199.55907423329487,-178.1762060433997,-112.4315468328902,1739.580800045605
68.8139911352506,-148.01937946409495,101.04522018835837,-81.52044413736719,-127.04666178629313,1588.0298348269357
6.978359830308591,-145.19907785079565,157.78399383636804,-97.70155498752467,-75.65080721775877,711.077530546146
27.043843965265097,-96.45910018262728,147.47764053888875,-150.93978900843916,-161.0637425056397,673.1270672874412
61.95234088884091,-168.65816706199985,140.48470343741647,-158.87346916211942,37.51311389279368,788.2401717593971
124.6850666537822,-173.31495853955238,193.85973918874993,-189.42082115174395,-75.09308569259133,977.321604201413
-56.44515431815777,-40.087106387774746,110.5388006216172,-16.901582333971675,-34.50559382073433,1796.5714429010777
195.69590233381166,-30.161308633206772,113.09807707879037,-127.61979329561623,-97.5285069595808,575.5049992497842
6.712553814977923,-44.893114461533656,95.25636773827617,-60.413804077082034,12.760933629145363,516.036797487392
105.89488409990969,-134.8364843107512,95.99674453794177,-2.1519424273958094,152.206528694324,870.0182517330594
-117.3480312694831,-91.19375967234453,70.5826229755844,-48.19681686779944,-184.10735413924613,1531.3133806037538
-61.17000468719845,-60.40201853588471,40.69783015773021,-44.39644290082052,-199.11447293281645,1931.061064565376
-61.23994351912515,-41.16384167824066,85.55026267423523,-76.66722268766273,-199.8618120605711,1762.1300243974506
75.53353034038015,-145.48583187128582,176.29206654824836,-94.95619710981127,-90.19451777553772,1688.7828218206223
89.75500458588982,-156.0382472585536,109.12804483515643,-116.38217279104016,160.75852785925332,983.4299920144846
-3.300666957481667,-22.27315197333877,197.05999335149875,-159.99653514601772,-141.83888913239835,1417.4678765777771
83.01906326702857,-112.97824803702161,131.2758023901794,-109.25512132627716,140.42847770597248,898.9026685073806
104.83919798565518,-119.39159383801837,185.5428428898288,-125.97470798942379,159.35543866356767,1010.5866933523708
-71.18144438645035,-12.623780423775415,121.21182838397101,-165.85092326137735,-66.00261747557536,1992.625899385428
-96.44197733921347,-29.275782172597623,102.81485679395138,-20.69152699896471,113.9376636517888,685.6392688737016
100.6753195757538,-174.65245127971204,174.99299262962052,-29.422394310839678,-55.21278115591309,742.3268101193671
27.69278120118028,-172.5990094328444,193.2901518313496,-169.6205935886173,-157.28096075277458,1518.3229385190973
135.83963305038992,-42.15675548811191,192.68401459552678,-153.15514333430917,-144.78223669400558,1001.6218626686245
-77.80451621279349,-69.97448549376855,-17.059056172528358,-64.84585950016242,162.0116659245071,1525.8923071800925
87.54719301866302,-187.86604371565824,169.58114241655522,-167.0540058097569,197.83386723174556,1101.5634953360823
53.186150310107735,-79.55885972683012,17.779695796062242,-95.95820257735056,193.06212914866788,1236.29615546277
-34.705142184065664,-112.06798692227483,135.41689225895323,-43.32944230756917,-30.756050048622313,968.8888074972772
72.1656739885557,-20.793159978028513,126.02108017138498,-120.3137887617584,-83.05292988216863,1485.7884767735068
181.34094081056634,-101.58205597095136,61.937817142837346,-135.45785506924628,92.86179094932271,833.0374766082452
28.89456162560454,-148.45614314144296,-171.7772356690093,-110.74651848467778,174.68521265812024,979.8924451161643
-35.85999224479329,-86.74060510963349,179.27123902191022,-176.8685529482979,152.01719479531107,748.8642575269904
-46.25307349288039,-171.54545038464528,129.88100295950414,-193.9886123193642,179.87909019414263,1030.411128642565
-38.67959504675312,-42.73751214241729,138.62652579515128,-108.97441167373879,-15.33580490858327,1582.7264136451197
-27.783935969055875,-6.647378071413044,89.17883825428629,-56.45170008417395,-36.44818879074009,938.6607940788858
157.0526084432977,-151.1955652265218,151.89308470926315,-159.95656266532163,-167.14831243283453,887.1030862482932
-27.09037456140433,-45.31342094640223,73.66716777046912,-12.250224912436408,90.79325024062433,1067.021673605586
19.045086918096985,3.339015021742796,20.063507904438538,-172.6259738491098,100.10828990978428,946.9444826911172
