182.73316713661535,446.6997006278409
159.161584173126,1438.8626965952456
75.30501303324198,413.3788978859565
182.08987934188454,670.2968828880306
59.90047286953505,1723.4876558980736
153.58740211286403,355.8838447936886
164.3023183130037,991.6910965781801
196.99800589285803,1385.7383367754803
128.8420872493692,1992.070942772634
181.5076680534557,1587.682326722361
95.11672462649977,1925.5010231346835
99.13434313619172,317.52552859401385
104.40876404959931,1474.2455625577788
64.49501936346707,1945.4372417495188
187.2935701939502,680.8365064107852
166.73768038981376,1030.4762338773205
166.56481435879823,932.8678970451094
111.47879982046345,903.1225913263803
192.62590909568019,1566.608655877007
139.0986550260367,595.4019319108321
