27.7068019673888,35.164164704960726
63.65275741804117,39.956009602963974
13.109164556994813,74.88940488223935
14.930437511868071,199.5603156272701
20.77461354548108,50.91582374208813
56.23871709728782,37.13913942809961
2.086032747025314,39.26660727284852
20.08147632984261,56.62873054705905
13.378074951816629,38.53379769551526
6.259327485051358,72.25083937178307
11.466947522636929,40.16044419906916
21.66065700253415,46.604875167963684
121.98450621018992,209.9436571004
4.2705456173080165,65.27763614968116
20.370673100950157,68.43638196590645
5.539349996083198,129.5653783950287
35.541381805046186,101.20555022474915
39.71583214521338,41.25392076365014
7.8466224500957615,67.64227855926855
72.09869763967765,46.082960485479504
42.7306951439274,60.14980970128079
111.20468404372704,168.08387309523647
75.83502329808525,71.3965939396735
82.70987396638932,195.95459408525574
17.73743431661316,59.26482967602928
9.675280582337773,75.5814542198616
24.421557014975605,33.161356455153566
35.97466862739104,37.36029261728618
2.814587009003347,44.39262201577765
25.982776487217848,30.088457768754168
24.727105898702405,52.1752485085006
44.051192457953704,47.27042389078673
23.984470422438044,123.15256718596672
49.51730781045631,48.297002014531564
34.92333969951045,47.07243782257254
30.07058335385416,54.70472781846752
137.11854564141268,144.7732675381262
48.66718371514315,42.72008682022761
11.272004233642178,42.347454696911086
38.8471479509642,51.856022266653156
48.784360810563534,32.59861009032795
34.269939212807884,31.9837058394686
7.788471559530606,37.19808037120967
80.23738272866721,206.23052002860072
28.832449567004744,38.27502914343441
18.866627896448925,69.61390814195607
7.320979410312162,63.27313911307601
5.959616647380827,42.542391649641516
103.60651843378764,220.11417226500322
18.713499241551496,67.58663732902232
2.010338581766426,37.9177589820583
23.314810255012375,48.58695793491809
86.81405329606726,150.48561589607607
10.509971462522486,74.11858443517664
96.10470130883232,95.9670195162168
55.22266242500946,96.72741047880427
15.903631137768496,71.74401919759708
70.09126675928381,40.280987317351105
45.886079706921706,45.61809205531165
5.267330533729227,197.20812547098436
21.5751496474181,96.28534758822371
16.994871540963047,48.27697009892353
7.1294241882240215,75.18363832957897
45.77136528379117,182.0277586069509
31.899436389440062,33.80883650884088
15.600524678621639,57.52618650530039
36.60860877693233,168.2264004077391
21.689972423281816,35.5668544280301
16.561487332286568,67.60199347774636
21.465277790183286,41.811690917957776
12.240873480720381,54.185574187222926
38.034505992637996,48.61876033464413
49.6926748184012,143.67567043716767
9.607560063558338,53.74408997572857
8.291424612579434,62.25623248473364
4.280715182984935,140.11024634512557
16.624148518444912,67.62060133047018
30.702434268309723,62.26640106349831
20.35852598386157,45.81644536633681
124.88791090366263,175.93960732183234
9.772610195410536,51.705857573036255
28.048016563792928,61.48388534104002
2.893040185302418,45.12805150949595
78.67943064538458,194.0090393030713
10.753638129232712,31.95746961528272
34.47527435958948,48.555272980219755
20.085871113011915,72.91556387970314
10.442933096920243,48.567759852784775
21.030096548441207,53.19364086065491
116.76913949813547,117.63484765690187
10.955228131874975,78.43987806031072
4.087015615280819,50.30184900375875
13.175030241750658,73.3800639561729
22.94957481477433,30.08045312973948
32.22873820478404,52.88315732288166
43.50252187352396,29.27772985112381
56.66858940546044,31.17522481338807
36.01615864886094,29.4107046615335
30.28954986931174,67.0299317227994
113.04277832470015,205.38506495402623
41.94222681537201,57.98944798342151
3.472696795401788,42.59799357943808
2.3001110239132316,82.44648484938796
21.95083326796859,31.034142861540424
122.14852492750562,86.33119433811211
17.50963283366616,53.11226172588974
30.423067438331486,81.40451165540985
25.036859716727754,60.36403483660358
36.614425174408694,53.145753947380825
9.050886757888701,78.91046763004601
43.48481409428322,42.94976885428997
23.948622379726856,41.62937316466747
49.33934060683838,39.24997803766337
28.667739611198698,34.222575084240475
44.03713785455788,47.39624809125837
15.085374775877355,118.6795448232229
7.49734954189768,49.3514536534649
9.899449540144218,34.68484160180179
7.6089889486763695,37.35100409592704
4.183738201459342,39.53078998601539
16.28573155274492,69.99548375610078
47.09735786552221,40.82662788119294
7.467527664536448,55.54866886430659
36.93949332701637,42.078440450915195
95.2783871694038,165.49588295738175
7.785135881897297,67.68282853315159
19.414661310295486,193.67793665489114
50.440232296020916,38.53384361240384
24.406360920363575,129.09399740090225
6.702912919418537,66.7466872696835
26.092255466711762,34.03152788314491
38.82678911892849,51.44105699911552
45.34114570457675,30.951276236643167
23.808889052224032,45.760702977660515
18.81630437543015,60.87697386435519
72.22001591724518,155.75594976002716
80.64551601439234,87.07752647355159
22.103136246935463,58.927936095869484
18.74965116086142,38.76048341269687
51.89292949075519,42.46746189545456
25.568227057580238,32.96296755187828
23.08153792613618,43.95091652422707
18.726035100805316,41.78110159815764
13.47339444156205,50.8501434985282
4.269408503592388,61.634763090478486
16.150004690118493,34.26880657373681
28.120649062059698,46.901754918618735
21.066730197121245,59.12920463856341
1.5321062683047977,50.08740602327731
98.27850644207749,61.93034381617201
4.383212836213318,116.07283276589783
22.685836227760756,56.98017350040982
121.37849611976961,202.5435679162285
9.001359422163091,72.1333132524837
14.552113979361536,50.034604313761804
81.19713469113928,40.05709927880136
56.882833659709036,49.57781038542046
59.52499209773872,50.990322112543694
28.33442488609517,84.20595718543856
2.539536286696652,73.17855641134595
72.49520511384091,40.559082793223055
79.54786788588731,51.5421747445572
6.096510779770881,68.93769977405431
73.53282798077345,86.24849013599544
9.44017345131143,50.42833544381108
58.78052252698632,45.7608019560131
33.119658922177095,45.78994030304763
62.753295551110895,31.414482590381937
73.6187188061154,156.8739086753473
21.267521541734006,50.17922882560005
30.37309141189762,46.39867487818253
11.752077838080325,54.061477787707275
33.88028019700967,64.94841777788554
22.80490867517969,64.04137012211481
7.426652596464308,69.02038613819362
93.85632557922074,53.49396700080351
27.939495426028934,55.191923269653685
10.59341888151682,49.16181478320313
24.592810946283898,61.08415278363539
95.76698248956771,54.70774663847348
34.39469776312178,39.17236689828394
1.1308175593217982,85.38778403989448
31.37118121113022,68.95991424187866
21.382721266220834,33.038651979422525
62.69622674871072,39.70835555655117
144.9666785304439,43.42235909054409
17.395375045364858,60.01806352751015
19.547256569224444,88.45374760083659
13.321637457740273,46.48652139427338
21.55813384906375,56.00763623694431
33.59049630393126,41.85254304885552
20.26076640877102,56.53278958027866
20.64322375223125,27.777553422890577
146.86382629840926,72.53501183234337
9.479817807201115,48.12937761172449
36.89975141806065,46.0537341964301
49.60595169744274,38.045879465612444
12.765252268699939,56.69347864047967
134.87850429367433,156.9552485890277
5.983308529039199,69.702559835079
