-71.00468721894602,34.79593319749353,-15.91793042321796,31.551930165558417,8.140728543755793
-7.829831942378519,10.311215068384328,-4.404097671532504,-86.1433368673926,5.734115583237604
-9.935518122627172,-11.824983904649272,-75.23857388867503,31.436169639017553,4.909111785297164
-35.87076186501795,-22.362704152244078,-52.33655179936993,27.273230016964767,5.680974359649348
-71.43481852787644,-86.13204386109877,-79.32329151793618,14.319341795255923,6.0210199784892495
-5.424096959756767,-50.1932786486826,-40.505112286673466,23.013310578592424,2.6257976202789997
-71.81312762022702,-56.602975590331326,-37.60542939548469,-91.53652438662927,9.052824623507252
-30.89371018345105,-39.38847419179263,-2.9812700544365462,-76.60533544515182,8.600422761495391
-25.890736491159558,41.98073182328193,-41.63560429043285,-29.04501733075572,9.753829397483116
-56.59442273236593,51.238602664107944,-96.12304572865824,1.5477250787602017,8.59358493698182
-81.87338200825455,29.523243081621764,-29.301149977984252,52.32589877971725,9.85247389276001
-52.301957073455284,-32.487293988445074,-25.320389682397064,62.86102761172276,6.4666718526979565
-68.84342567230127,-78.62658729763194,-53.40639060160374,90.18423571939411,9.498398965917923
-91.73994929412225,-25.487999227711313,-91.8760126590514,38.79319637243864,9.624991972256613
-30.6068618009797,-79.25563555527083,-57.654384071835636,48.43498910137698,5.991584833102093
-52.691000429151885,-18.550327566365816,-19.119248483658147,-92.98220594581646,2.7680365091976835
5.40765694050296,-66.87390952939143,-69.0300090499428,14.139206962294203,8.751348145080394
-11.6602956466635,-64.05760441210987,-24.589879125400955,48.46457050263692,5.368507413139904
-30.95923316002144,-58.71325719548089,-29.38255466313879,-22.403082642644137,9.855599077207515
-27.944007417588352,-20.534307910280276,-80.26370822777042,38.069913394978535,6.264856486154827
-82.34856771738228,-56.02174902292105,-76.18602604480455,18.017257119123784,9.687402299320254
-74.69531816692539,-29.70377781087743,-55.63215578806491,-44.971253032468184,9.401762395852028
-92.76124457752991,0.3269293844505796,-75.16314474484147,-40.53301974041286,7.531175209265243
-68.86925009631288,-74.47845049912252,-39.1309162515261,21.805109087343368,6.825557913360327
-70.94478108966047,29.197329039582442,-16.403745389831514,59.07896131987745,8.596797985409683
-60.60812595515717,-73.22235467362599,-42.44976644359529,72.78019213698359,7.304855234939868
-63.11566498073054,36.289232956725584,-57.21164405279026,-96.68277118957603,8.582359409331875
-99.09098667910428,54.32819517772149,-42.19255823810413,-19.774648711948288,9.776593265489275
-78.84001432875185,-43.15849965499152,1.0641475167971635,-50.465278858472935,8.407413152566264
-85.62484924558794,20.67198920060163,-15.406631622910496,63.464395289081665,8.967093558791273
-19.420163291293846,-8.241967084057933,-21.39327293272015,-36.397601738002,8.99878838071059
-74.11051518402948,40.849384489415925,-10.14740805070776,-68.18212055672515,8.777397379684702
-87.72871172629388,-63.19491269512186,-55.003455651349796,44.90270298297457,8.58657377306955
-92.21917819755431,-70.54451338188053,-52.93291449818919,88.93746422594936,7.207446363816331
-75.69157603618892,38.28085455173402,-43.4967634706508,46.17291211989368,5.519767259546692
-86.03300135258979,38.51636263602818,-6.416612464307633,-15.85959896644097,7.41033553732403
-60.4826528614516,-77.77385088632309,-19.12309859044784,88.86439519043162,9.010759301147399
-44.93826472544821,23.713325706959957,-53.622907353082546,44.95285343981152,4.419645533994462
-70.07438826475277,45.43693001988449,-33.99349874149526,-20.04283546301637,8.763846474821918
-0.30690597955594967,35.31859066815571,-10.239654200400722,-93.44556849849872,9.292327365386996
-31.654509525915515,37.58238410247544,-70.86078662622626,-14.843586109822018,8.546293072651508
-34.00430185816816,13.46550133196942,-1.2494847609642932,-17.938223823344217,5.961215094567024
-76.13388652805037,47.94662647192632,-24.820743421487464,53.12798076323656,9.726702795397934
-0.12372150196880227,-51.227381271815716,-18.592210613013478,-49.64122600220289,9.49264105044912
-30.255748856167216,-79.20030136498528,-19.280374892377537,85.14618644690017,9.473353508001068
-88.41343645971608,38.95868076757639,-49.070705845744534,1.0638786098727593,8.34553177593168
-80.83024960119926,59.837911619153374,-48.67178779654569,6.085852273700411,8.905261264892314
-97.90222369822217,52.1720818109997,-19.56132962829232,30.51288071950747,9.653069076004204
-77.65458077362231,65.53414862009507,-97.80682754770474,87.4969384749507,9.728196790256714
-68.47732059065062,-31.256451011630976,-38.97024984937619,54.11712952578708,7.995154562896648
-64.14951951193406,-6.959827480338134,-47.272604492170984,-73.035804164068,6.925218690871684
-73.6193489149891,21.942141831602136,-1.5752790773921888,-18.876498080955912,7.955376893096025
1.5446445598446417,-31.262875847440938,-66.46759936673936,81.0874168932447,8.80787046860274
-25.643080446557164,20.712101411859457,-0.2560586315368596,-32.954122606711906,7.00436761150854
-95.01086937583133,52.051715630573895,-46.94573640383123,-26.58150588015901,9.03556253174487
-89.93389253568841,-40.238035684371496,-73.80916912125863,28.903787497116525,8.919591578724873
-35.507829324602895,-3.4036714769508762,-36.82534722290632,96.51900071953202,9.124483849576347
-20.41486242623143,-56.205771306077686,-14.127169957257124,-63.37644780677294,8.778233926351529
-61.49878558300422,-45.79144861518293,-40.78679111515647,3.711837956156783,9.860639887301726
-93.9441817904619,53.61667622812695,-98.40980401745777,-95.01803233754974,9.296305133270415
-89.83239273235996,41.34336509134391,-66.30592915235778,-84.62506721818244,5.332006333639191
-43.49873740464302,5.4809149409143245,-24.886483544481045,-69.76354066138701,7.650730627548185
-58.57543231599948,-42.53368891156516,-69.20700538652927,-47.990637182396696,7.3176948028811735
0.5567220214643953,34.88260791973347,-17.169669121936785,8.65693315408572,6.816721533374961
-30.61008548844988,13.21807144595438,-55.96366527763616,-63.83194443679446,4.65200070860439
-41.68234450922852,-52.18170128276786,-19.079163234116052,-37.45372601502972,8.740980076451295
-21.290335033603736,29.57461993154014,-96.17570601567199,95.97221649852696,7.883141520184214
-23.342459151239858,-70.80778729930726,-56.116507846530816,-26.312040828469613,8.575486124226419
-61.89935989960792,6.135236202520854,-63.78168725486265,-29.87047659537346,7.943651835106723
-1.5822720546800184,12.847009828114949,-8.834274687597201,-91.19777197038742,3.4286417633483133
-31.206092534084007,-3.679653027130435,-13.798118336583357,-38.961101668083664,5.327946239715711
-26.459946911881943,-9.809572661929451,-44.743942046642495,-30.0818435757472,3.127493625352707
-71.66932486009986,-10.016886083332835,0.444710203593246,41.44002853492581,5.927693449873715
-46.364463312806755,8.192051320796004,-29.611774985119702,27.32291047751972,8.171896139726991
-88.22624778168063,-56.38833983857204,-24.853816589482435,85.42098738178441,6.977017588854068
-36.737793052176094,-67.25078777925822,-13.497765174065142,-5.0314290106667166,8.211055248581603
-20.557038889209217,42.046728983452645,-42.95588817050913,18.85736095469268,8.027585176333393
-37.52526004289791,-32.34986472261967,-95.88732397767481,29.507940941620944,8.268461591649892
-34.47929856013681,6.479692511697735,-72.32156857328687,56.20550290300824,5.530103227169143
-20.441623555778982,16.38947758042925,-35.64353259286271,-20.437392545281867,2.3681307335741115
-47.92707084299098,-26.92599181421992,-92.97043164131114,33.9009307963199,2.2362796781351246
-23.72214202286787,-69.52285316345231,-55.065688703708645,-33.275859723736176,8.675969399739333
-31.74819077545709,8.216315366147327,-20.251502648790698,-69.70207463132047,2.626318384967095
-42.88153397381489,30.411477534981685,-0.18699241153954915,88.3549105988113,7.707418996583584
-31.127057989745346,-32.041237393209116,-64.22192246479528,85.1161063534148,7.281112044798802
-61.262587606082654,-10.54052108868186,-67.11904516695938,-92.7689667000427,8.989177120880353
-10.802251665308916,-0.48626549021139454,-47.23094976089314,7.016252239948045,3.282957022377552
-70.21661418976342,24.41074216710569,-43.12280282019411,41.25959492764926,5.7383321529748414
3.802190081917473,11.461696464187426,-21.428595937097924,22.47466168107333,3.7807303761285453
-86.82897351470302,1.1315500430912933,-46.72563894168429,-26.818873677367293,9.962914193367297
-21.82529278716264,42.413901509691044,-9.841256292372208,36.744731982636296,9.636077921710577
7.5274473911594555,-2.028854933081419,-99.54965334475757,-80.99437796719458,5.482356075694289
-75.27934988786322,-44.673425786049044,-67.60320929274448,59.322270629597,9.04647164380614
-60.48697948299821,-50.99746487412596,-16.761654361141538,-72.1207820790455,4.179065041336338
-49.42169945831484,39.831954234044986,-51.85859410770526,54.70261283038175,6.079895121735916
-33.77280111449912,-73.38113627696973,-4.181786033296476,-80.85547156314657,8.46104528041695
-88.59602021904759,37.910306640505496,-91.8035666124497,62.72712880324247,7.054108246916993
7.423723052239808,-46.23109549263955,-82.34453758351398,52.66253839474979,9.214064349536045
-83.76965824223552,-23.944066934277817,-71.04162266219912,-62.138549254230846,9.495648237119195
-11.343533020232897,54.97256693632141,-72.31464890943373,-47.771515848040195,9.411075519743756
-9.385097262571307,-72.1112925498843,-38.866775406531005,33.7043906812591,3.1472799717372393
-79.13604593098701,48.506227718595184,-85.89467037322021,3.024161699213991,7.0460804771160035
-27.17329924720643,17.787698936051243,-69.53799844393347,0.7358616705752326,3.893735360279198
-23.70864591402047,-10.231173035463122,-33.665066183468014,-22.850847172889612,8.110774079260253
-52.22128731848001,40.800332890588,-47.29723222259885,-61.31110152639695,9.423575132570264
-20.81471884911476,34.10181241638402,-50.57305538361948,-86.54394092290337,7.7831374077389945
-8.257167807723516,-7.402738930942178,-0.19727974278599092,-37.411481773381794,3.018626277603225
-0.3570213514851588,19.63384887326356,-20.88434729711068,-36.56743485755576,9.70409317596355
-15.387035651774866,13.954560420177287,-64.50705097441275,52.92910139323487,6.140640145990773
-65.91850818755717,55.30964228270585,-29.573592487722976,75.42538454837161,9.095449638989106
-18.937715222222025,-8.212621704272825,-77.09892707284601,91.63553833261976,8.774572124547156
-40.88051043816843,-91.0157718041515,-46.63291384982024,18.830787682458123,4.803573414653625
-80.12705488478767,-5.455339184860662,-82.20213467552193,1.7392789972878262,5.576076424605748
-37.91748184310288,32.92914879020401,-58.339033408910915,-20.798413277238623,5.905360473500345
-76.26078539904923,-67.18044956001037,-37.442800238443745,40.81692999501263,8.640413500798783
-90.86614640922261,58.97123667938733,-98.88705439989934,-40.86930002156858,9.576963242915769
-36.31567254591111,-17.62873337112181,-38.69552054924835,-20.93772256684035,6.550363024803088
-24.504104085258547,30.08361742511093,-34.1704507404358,-66.96532647416883,5.019988453161995
-90.35243322377434,35.935397564392815,-76.17301208559577,-79.35506889947779,5.915609548273006
-62.67434531078852,55.07849459449163,-10.587319048852578,-52.521242326167965,9.788723447205285
-55.30600098645771,-9.87232906340354,-42.08975735631211,33.537684548190214,3.7737111005440145
-15.940814819375902,-7.342074112939571,-63.166419025135085,-58.57587822622939,9.959833830278093
-18.639620265787087,27.557582547910528,-58.581569378050155,-80.7082352970042,6.911802239389427
-68.59153983540092,27.02951310534813,-91.95657433689348,86.95901358487475,5.610646607232853
-9.63646584645295,27.33324506602638,-14.73186615134469,-40.56653132940606,5.268648680735176
-75.63796052416467,34.61126971417596,-32.534511662912536,-79.15136064829102,8.177054290659477
-70.09838635945408,16.568679168144996,-89.65349137583844,92.43524275218746,6.328954942748634
-14.085483006363276,-10.52055073817553,-20.111130389013766,-4.899708010933892,1.2678552677069064
-64.9854845229218,-76.38858580304888,-87.08556782487466,47.31665627395725,7.378978619291754
-93.82765184191442,60.197740677297816,-97.62073870036954,-86.12072248074529,8.555654977757435
-71.20063856905003,-7.285167263658366,-28.55508966631404,65.1217842366802,5.7135617042472
-87.38287726735433,-89.95741910467848,-60.302898351547014,2.654983383939225,6.2613750909091355
-5.946618995126187,-4.766771139679321,-25.70182741333258,38.29618882406108,4.597850433038682
-25.894057737300486,-25.758344996905336,-92.72058810334192,-79.5239305695737,5.451530383226851
-43.840699682247056,-44.3125931230876,-14.195120675726258,-98.09793212264914,1.9336196246640467
-51.86681173195012,25.395758507692832,-28.00771651289128,-40.9844322781873,4.762075014052725
-80.71121716231455,-12.667377052468481,-15.23371805443466,-61.90471399138478,7.704958993115785
-78.44508560289664,-18.396691049262643,-5.210356862637894,85.01783181349745,6.898278327503551
-1.6362499404792885,32.728019395056876,-10.301572133137313,-36.48815086891884,8.508349816815294
-23.08143415113239,20.302398877864533,-98.783515224367,-95.03785473723524,9.44039693299868
-31.369393073881948,28.623966342065017,-72.44985862030215,6.278425991697111,4.818773645394833
-81.18992965639869,29.55301596052162,-37.627123615727804,73.86798931456079,6.507960389813093
-56.83237181635338,-84.25054308660255,-60.19742453775339,51.029096361362264,7.130198635781735
-76.61970128504481,32.16121953114722,-58.260893905873175,71.93051739724288,9.359136655990113
-41.300772187450995,15.77841968657819,-1.422033747579846,64.88559843133783,6.324464425847339
-94.17646710245961,-70.02826708571622,-28.828253787513034,76.89733485266072,7.399762032099897
-44.08082756317559,-78.1301520607363,-12.321629627489205,68.41456640893753,5.860783065278845
-52.123255004757496,-38.760563868791344,-73.4783871021421,-82.83953775204792,5.686545015920954
-40.00094335707915,-42.67712774414278,-87.92834358249202,47.560866196137766,7.336550648885903
-75.10464375375301,16.51581637522696,-80.60580872931993,-35.00345434349117,7.885898087189606
-92.19608505474172,36.10959327948052,-15.125200309531841,60.66972726164812,7.155976003491188
-39.72358114493353,-42.58718797888741,-11.55713904617214,59.74655353607773,7.9099673796341925
-33.47864576571311,-26.766366722600935,-12.60397587667001,-87.51265708640565,6.456810705685147
-60.637326272701145,22.417804995194594,-0.2665702992546102,-35.878154848602165,7.923241564112947
-73.324208168851,-52.47372423818124,-0.17460165714830111,63.695624449347804,9.060531429321127
-69.92568638419505,13.705908188858814,-7.000563854080632,39.014187449362055,5.728871986215232
-2.3404359348863046,-34.4517288470885,-66.96988720271602,-97.58701637639079,3.107446843963689
-25.30766866303385,19.946901012997216,-70.03786491146391,69.5958250533919,5.701379309230161
-71.57093120178072,24.62253922395257,-40.03105955827483,4.242055446175712,4.549249813750691
-72.26178919687813,4.823915657818887,-96.48378619731223,20.482796274177147,4.376615195284021
-60.73503951576079,11.89668764961786,-60.48556088825585,-3.5832794021041323,7.313923468208798
-11.814437704011151,15.55950211906034,-97.87472358845204,69.34578818692773,5.4761880581504485
-33.009854255040494,0.31829800165321487,-51.517624516170876,-76.6681716297567,3.739511839992451
0.8562670031427331,27.899286752539894,-78.35957995550277,89.82681881886998,8.31251112819114
-60.32072874516776,30.944186416006886,-93.97948386586008,-1.1833889774659099,3.322806437903451
-63.11697552775845,-12.091375413596964,-29.25059424345787,-32.10569693418775,6.9822788811023315
-99.33337571063433,57.876182628380704,-95.55721811473938,-19.543333979916635,7.713390568576585
-84.22130397237463,49.76866319386704,-95.27934862897497,80.32516776489246,8.250950208373556
-52.30991448665327,5.183455702785793,-6.52093288305295,8.367242621732174,8.256159555451013
-88.17472148868127,46.7364000806036,-3.5105007786953593,-71.5932682094042,7.661435370819696
-49.140701517151115,-6.161242638628403,-82.22954925966113,14.100256797575238,8.646939735624327
0.9328207844486229,-84.87284440749957,-25.2142412031817,51.50422725753691,8.6062990220437
-2.9846879904220067,-50.98752198028595,-14.79258880184046,-60.12457286701921,2.885376120941139
-42.68066045522476,4.2102344379712235,-28.693822081469705,-88.77842169162403,2.848818848587184
-34.999223335247734,-45.170347877709474,-6.088380064290575,-66.15286229406422,6.8168480913908205
-94.0751756295788,40.43013554438926,-66.0693740091464,-20.266823603123242,9.801558881911347
-26.865057951641212,-16.69600024500795,-13.306457891717898,-39.89768418398655,4.801465305695821
-45.00937775251376,-5.780312366764903,-15.748360505157017,-36.47860158327728,4.789518829780681
-46.646944587165535,-5.153740745261786,-22.57528569017461,-14.788403948786584,8.785673170564209
-67.88029674919626,-5.253101511828419,-66.05785395350844,-71.78561404750323,7.1561367361858785
-20.62560978761732,7.4079318055168955,-0.8494511646848082,2.008868746248453,6.049129960022125
-79.63113952842181,21.041584164026766,-49.266832437829045,-69.79387810282651,7.748516151918677
-54.375217887568745,-29.579150601203956,-47.13320472047459,27.96429994788408,5.172008553696221
-24.841352605211014,25.14406085932086,-15.981955500175602,86.08818036046185,6.670470112200157
-40.79615580228414,38.164520078517086,0.8594534947244341,61.665217655190546,8.830885428583095
-0.8419346628070201,-4.001216508361608,-84.67929576791784,-41.03771751255344,9.875970483161812
-23.781576077096034,29.95283016840233,-31.223744334262804,-59.21360435341114,9.015721557021132
-98.80807503035197,-68.06080059823083,-74.94787375027283,35.916638767408955,8.667326299504666
-18.488070184233933,25.481437323546416,-76.49075340504304,-21.48970105771211,4.748386319069539
-56.51011541757909,31.926930948806387,-56.32810949502757,-57.381617074834665,6.475611598593215
-9.403938258767297,-76.1138742930602,-56.858917961940044,-79.26148915069204,9.026566972047586
-55.8532816691623,24.827334543291258,-59.470977794464616,-20.63972534818282,5.931484563945947
-48.03996854149466,19.40387661052378,-50.36343733836001,-36.42191431276389,5.514352355205947
-63.294360745337165,24.411301102966647,-64.18279640907505,-38.05165426472074,5.966877478960511
-87.492579726293,57.70909518533839,-92.73022943861866,16.41736833520369,8.065902209194459
-20.998168138246896,-27.142416608169924,-11.624076874131276,73.63238751986555,9.26148784075017
-24.55367559754086,21.85391071419606,-37.81872493838316,-22.47956940219622,3.4151785961970615
-43.98158128256573,-37.19359777370545,0.9710043187118593,17.305658095846937,8.019379127411637
-36.732776016584744,31.61726830705689,-9.806033884661872,20.07304596255645,8.758456405923596
-50.171235494277326,-67.00904749778402,-0.17551573874169435,-46.84028613949604,8.937476753846557
