14.74737679844577,91.95923049816258
107.44239199766287,380.10731239364054
43.08158971155671,173.70243960315673
47.27105365233692,216.99735986756764
36.0809390977439,210.99127756433546
9.83855538579066,51.12907138106203
40.26551410002176,179.67204822518744
45.41886813199321,296.45779350521366
118.58921781036275,575.72073365569
62.00058551368277,247.74751503192192
20.739847922178768,88.74652988683937
40.867835725330565,145.74215155947536
15.076478749587608,114.8747138605604
194.70271509555414,874.1425847180237
161.9462832397979,552.7831869429997
178.28556432814474,726.6247855354399
91.32845243382478,446.60285020033484
159.34190883199227,586.9710119893172
22.10117891556076,88.46574067710063
162.19460952218083,657.5397006694311
39.06256096838318,180.24773514078356
132.4432361436606,434.2574468283226
166.12510229955933,656.3687885002657
140.78793751647424,533.5395038807819
53.59482583817035,168.63477935356167
31.421941562823434,176.71711415035304
40.48228089234178,130.7830246215621
152.47108335419517,622.2097367609451
32.87247344346767,221.0885013336444
31.28957886534502,117.4311794580016
42.78049118423513,215.1481072400589
149.18305354520936,656.444525883063
40.61217775207487,233.08394444031296
41.457529976979686,143.1428027051103
188.28249192496065,902.2206803476756
77.11907693281836,253.05320874386024
18.80874409542156,77.87362993178627
138.67000326546122,499.0475745156641
193.1052737174127,901.7600979167896
12.1820738682799,93.7823570184687
32.111056406268474,210.1603269820837
41.73784640704778,176.68549586040172
18.506123135235924,64.03846976761946
74.86795283508316,305.0188667969932
195.15675812827317,837.9667240060194
43.93137807936645,150.66318861935503
51.317292495905235,186.4169658409256
165.69249328883237,593.1343902066444
138.71409232599262,632.9507549149345
34.09608023656406,215.42896747231413
