44.76460991996703,549.2674943849961
6.2646109963685435,797.3286090364431
2.086877279350176,747.0754373357096
191.86750814032084,753.9769906511331
16.25725523876332,60.58853608091039
45.9824350077171,409.7813894901853
196.20656334806506,812.2784378442354
19.38944831189073,774.7878239970895
116.53331286626793,494.848891279033
59.06932617198213,592.5509704361621
67.10248329886099,297.3847315959713
5.857749675492343,257.05153698732335
186.6515188845869,758.5278723328721
7.338876572094605,559.4703328413095
3.045231236418914,55.02100351559733
36.72652317302121,509.7523496644018
107.61563221131586,454.8749733368792
13.872762641104032,76.90670591614943
9.264669730800364,378.5168666629122
198.7763220827619,771.5816854198662
71.18801933952784,361.771635259329
20.0333904625223,651.2241864131432
47.41221222615426,519.328175388586
68.22611515418103,549.4786990677408
53.59482583817035,377.74966566464684
31.421941562823434,176.71711415035304
61.378249925958414,356.46105345413054
21.789545607289085,555.0966925866733
30.222435687504507,472.0311455979255
31.28957886534502,117.4311794580016
27.51630128270824,585.4490384496185
121.66519853554985,505.9666430778567
60.862045405418904,346.21419056686966
87.09995998413899,423.8931072865978
10.387221428432184,619.62673054434
38.167472581647274,446.5258001129419
22.246668689950504,554.9157101677125
43.904806907214436,395.923577916269
149.99010631774982,656.4469710701287
12.1820738682799,93.7823570184687
34.642390782519,727.3613864381136
87.38952331815858,456.3539999695902
58.63474811593147,267.9498148219776
45.86553345816233,234.80987357928217
172.69998024241116,715.4925716985861
25.38457245336562,359.12097599002806
1.9965449482593982,94.02923363280738
6.803624660346458,43.758168435492166
3.3734552600624816,125.8720740146453
34.93938150287542,341.16539538528446
55.97536740140541,539.0414105538879
99.79207931965146,400.0940188025152
18.381209999238905,353.33395953424747
71.36159792414497,511.793336458849
81.48044837419991,485.41002296801946
40.9820112606878,185.542206335209
150.66009527510118,625.0424673089171
18.67963259032186,546.9402749489743
6.523633355132148,85.8766965331098
9.908303999726854,56.48943186000804
52.3539693471503,241.92991268656516
32.16353707773567,654.4795643942757
117.46448185049123,520.1377917999398
70.97066148124088,283.2172846146095
65.34763791179054,258.73455246173614
90.49120501311717,402.09213653093747
27.50779826015564,389.48614216122496
51.22434882672513,610.9288007087594
33.427070515932456,126.63535432484309
12.225565712027958,493.2588792841659
39.035818263841705,169.09829799945584
2.641128896522112,784.8273414898579
180.9653627107362,729.5150861707327
48.71261926486898,397.6748404395839
7.468898045762785,712.8730158756008
60.660283257621586,276.15825253498383
3.0793369689661674,316.9053547721548
85.36646162906365,332.21543744525184
5.108016368718239,56.05784205757209
50.29008267656732,259.74365348218214
70.42928547547183,514.4497270034237
73.26832427172073,534.5334776510902
77.31960665452299,308.73018854328484
129.17045322260515,539.0667914675198
92.43636831866787,378.935034922191
59.819341798187054,243.3557535898413
5.744904473952236,629.7598851713724
60.83573723874925,271.28371129766555
69.62029540198651,331.93991868690705
14.84389201286885,558.4332337175907
34.55874962002973,417.7676521364209
4.026367749835558,589.9583632562795
35.77325469450186,662.7602124723564
17.656115076919406,506.3132396421953
54.224008076586074,207.59973318548762
68.54050749231882,426.98243010361284
53.64772210855159,601.6314397094397
38.06097595860792,491.68467176373514
8.471366867205951,482.3075296897602
66.87165185284454,304.81901648084516
87.41501671747801,373.0966710774978
9.706343141961895,87.8228897317336
90.09963034919556,380.23711324135814
15.330032420685768,61.699083450660225
22.21154422326464,148.91640693239538
32.756306478462974,122.62814620660481
18.153113266566322,200.46158756960062
24.889081797682593,653.4738145945452
30.198235193456725,238.13980812600653
40.24293873176543,609.9660171590717
4.64780510889976,850.1801769302208
13.274615725897831,55.543594976076974
71.74527169861335,315.48034238822265
5.534719988535159,484.03221480730167
38.31047261132802,538.605279619891
27.11064121887724,668.4077281780574
11.16202257532457,799.7011275835795
20.80305004672789,697.9502716452041
47.59866609103941,438.6260635048893
64.85132105251955,271.2172257361291
41.95726649233825,661.0320396380926
107.37556314129773,409.2785188638764
6.475061734155787,852.5975157545683
70.48355999567748,489.46479070137605
78.56358970819474,309.6698037134995
101.68306320382061,420.5204546929624
34.08940781043043,659.5553556979223
14.728822882014796,289.05860638935906
12.854769436759,168.4512304477836
13.811176901298523,651.7244662585937
23.538237179290604,212.8821213861023
13.551913859453435,249.8854524104798
58.86847363697626,460.2732653129316
19.26976355937981,277.5609262878273
124.13350902851201,481.93022218227406
24.15422443571623,339.83038837302007
69.97159026810651,312.6315756940242
2.4924137592292084,805.2391939343947
27.396728592728905,505.7535577202473
22.485841998832086,471.36460648734794
61.398806474097185,261.8962616166084
19.71711450233794,320.1522931767529
32.04946744700743,250.90301600850938
18.36736851408091,467.4003530676916
152.4844451647412,595.718855897777
22.23729165732489,82.62648758070054
13.617272064988924,82.2662234418246
6.336313921107639,39.54630932557217
19.017522868288815,594.3953173063798
78.04332354865903,403.4896352714437
175.23974530634968,705.0263857031443
188.92184550993076,790.8376765510503
159.86867273605594,681.1790865610585
69.03125425186252,437.81462675335445
72.61663291158837,526.4668567556562
28.127341247243578,163.8785105463616
11.990830496177963,732.8211610602616
43.43442409126223,269.3927304645147
71.14485117180777,504.80700873865027
2.1916407354271374,94.78167283600885
9.690171926525096,710.2455516910127
29.358481295609664,482.24983655061294
33.269291588942735,197.24353206680655
118.55861342525031,495.42279015672534
62.933270598599385,309.52803591618914
31.290701053977187,637.3043412326693
23.642223670848864,188.21760706224939
187.39127730859354,745.4324944921764
6.88211269845112,390.12384743142525
32.044301010646734,261.0985435731694
185.7140235450462,791.6531296756644
147.58074285065092,573.7913812806437
95.97067162713921,419.1247337865432
28.489294723658695,296.34316755248113
16.44478209217635,501.56768553209685
47.277273468057274,589.8940504765828
18.41460730553166,190.30144934212296
56.81183104685116,456.4207243121509
14.730677558743054,320.90028936779186
32.693014173588196,580.1864551899961
22.378365845473994,83.207157382095
11.977501952769448,411.4739828116675
22.234462397688617,256.55993429222985
196.90354063497003,835.8871522239069
145.66005291766265,604.808722340763
18.655630499285877,75.6423118370457
21.969323308683684,712.4326719483633
59.582858316163694,594.0622740437694
19.510427188987506,740.8728297218224
20.013522439580953,756.573735017686
23.773851737877948,483.77992265410296
19.60590150897619,73.62011157088347
13.581365508181982,241.93484685873648
43.515897041533975,562.3626457548397
141.37558547880496,596.5731598380016
3.794490269889798,47.69207099461518
61.669788443146984,315.63972405842947
95.66757401973359,373.02412281212304
2.4437208498739427,629.3879727794332
9.049085435634645,483.2096043221884
