-44.47717986272441,-79.10214447298091,97.94778385338509,-7.637987127395931,-24.738797846579203,-5.932043540167392,-14.261151505808137,-15.616266908394579,23.87196519030272,61.85915587506349
33.02038251827719,39.86908823694242,13.596770223344379,26.152500384400156,-78.13372215466947,-34.52494701515718,-87.8237767088093,-61.691327841774196,11.23458960873458,1.1790283962323826
41.96313637598456,-86.63691550788747,73.82805417104399,62.174718739182936,-65.98816226610889,-99.90404536455246,-93.32438866729319,-90.92183086249646,37.4488698879089,-58.64746264403133
19.456009584551147,33.985582229857116,83.68791209387754,-21.39333478049691,-31.53618721122074,-45.06050087634946,-11.654450262474299,-44.45096580541298,87.74192751077692,83.69027114430422
-6.898527616601669,62.416128919080364,39.77266295611145,-62.79153595845056,-44.53162112272546,-64.19770305024332,-37.86718628489191,5.997649877650183,68.95259204793267,-6.605716018924696
-51.47402860912852,-26.003043538391964,70.30422363227959,58.26286310884535,-2.6645317463562463,-65.74039447315496,-34.65226664751901,-60.61267815117204,13.176718201920394,-53.461550432049705
-1.6713252231684024,4.683116873368382,31.12583739267256,19.044946946563265,-50.800581009456906,-98.91640391636942,-45.80219010629158,-39.12520938687745,34.05026334329957,-64.13771857836383
92.41850122815903,-86.06312681519258,34.66163621812413,-7.047400685180023,-28.59280354133694,-37.791967826573604,-38.91279839674027,-91.77052488147744,48.55212488186959,-43.1579540271795
-70.73686159896134,94.50892293835741,-68.58934424011821,-67.36887618556472,-78.5342313816084,-23.764947533769394,-31.77575951601061,7.876602382848549,93.929149734357,-71.28713529381153
67.92796415490797,-33.37256728842044,54.36948533615785,64.91733169285285,-89.41605495396539,-85.76268278707896,-22.839955204794133,-92.49655781093796,15.616901795813533,-7.399176550853582
62.17315147513074,-12.86345753556861,-54.32119935888669,-78.88690821129059,-79.54076763983998,-30.098242416163657,-90.19355694623229,-83.68198946319126,66.33461326765067,-7.134931239614019
-78.70075367033633,-42.28583965392458,82.67910140663184,57.68160607042216,-35.30831558826878,-41.83466254762431,-68.7815138249494,-84.27511613457526,17.0649566814554,-65.97546498567661
-23.194375396000176,85.36203847043065,58.576818680607346,-32.720875173416,-86.04365910563325,2.103603885644958,-90.5878221468976,-59.169460832964766,69.61794957880362,43.402452941412264
-73.53940830839667,24.83941803184038,-65.88504453878284,61.052521109114736,-60.4511437112542,-18.250874025440908,-64.82757686677547,-83.35495513497801,43.1499532751302,97.6919997014459
25.104220056689073,20.364657483694614,55.97856086469318,52.14665066120553,-65.27747267705661,-2.779862054496224,-72.33272503631429,3.908273593276892,98.87878087078202,47.4506348659942
6.4652935754684435,83.59921810482979,88.00372402627096,-59.90888614285448,-24.40162550291471,-75.10835961507573,-98.5332845630768,-4.00338337695851,90.24794512095603,0.8305682704670545
13.184072190712374,-91.9757370958402,26.885320281294295,46.429066032348196,-58.259421530461125,-92.34537291160856,-1.2387657416461053,-65.19522007830861,56.37065361500027,47.08203026579453
46.400530960463165,68.0442417036963,-74.99582882191989,30.10547247371161,-48.0908050660827,-34.57791600057729,-55.53547640959235,2.851600717623061,44.443817978601324,-44.204028013082095
54.782645688597825,-97.98712271731029,43.95749837536209,-27.935365411291443,-12.518620608750822,-80.74859943841886,-89.72493311267672,-51.94916075320546,33.24313618169026,16.361140734562326
7.002576836407556,1.3431497995257757,-52.196844492217934,33.32370400569738,-4.12084726501827,-3.667967220855928,-27.813134606738217,5.050995362123146,75.12775981229711,-56.36012621143742
-68.16546480066117,37.91757796926737,-92.3347191726575,-15.389774754484911,-37.931764860722474,-12.444178976660595,-16.708634362873095,0.3936584296466066,15.92653062743912,93.79185742851104
-69.57603694731046,51.50953137750936,19.34147834364449,-49.10587377632063,-13.701431373246525,-43.72630141247079,-10.388603051356004,-91.8237698960699,42.44731193368828,29.912682882586502
71.31009288280252,-87.67387808728152,-6.731014232888413,-36.17404069785553,-62.12199526942876,-37.6539437435182,-56.0750591503313,-76.43437860239447,31.176357735262286,28.117961972077506
63.944120044334355,-57.29343117886261,57.400442754327884,22.21163453673129,-32.101884408290005,-13.748399581082268,-62.587565642605455,-16.179407518037088,43.40013638550015,-82.00107323513281
52.43638843960258,52.659124983489384,9.2303886211471,-22.47507731397519,-57.09872008414348,0.5850799219626879,-56.154381333170214,-72.29853731590256,54.90022949141683,-12.77974828755741
-15.793911642589087,-52.821644853532916,-80.75840452933494,69.01915209621461,-20.12795832682781,-87.97603799422313,-72.32180333427348,1.2817651919585415,63.60935749990114,19.52221289954028
28.261976330881076,-30.87938255825516,95.91828763825299,0.68593167211219,-60.43587810021014,-11.22720627701132,-77.70161612719261,-43.89659425570312,88.20303618521227,-96.49707766605513
42.57420333528776,-16.68939305663453,92.46063764143847,-27.716386582006777,-39.37206711189883,-99.79635328040922,-82.65578974876917,-95.95543526489486,51.588769884457115,-79.63317112783506
-25.794157823247964,-33.628062759645005,82.76835081379726,-57.714374844798016,-27.22350134393952,-60.42495872538298,-62.773925220821276,-98.56494361697943,72.29758601476676,-0.9299163324950541
-37.40271763072946,42.776886816197035,30.558325661314086,99.99540784080617,-32.294403737671814,-36.303331386528995,-39.309411670750094,-82.96483524088136,37.906783777932674,35.13181205696222
-39.40763332802196,26.03913925300124,73.3240648467042,24.45748273584941,-18.48518495975632,2.1254039598223216,-97.61462894107284,5.190363150741149,68.64585962155112,14.197053237690099
66.10457841157628,-51.60367065908974,90.06810524632962,-6.878043871015663,-56.57160441510224,-26.587580664878516,-48.193713699290726,-60.24287667419463,71.34480350000068,59.17502976465262
-16.268130892909184,64.12359570382516,36.00785963311175,59.758273285663506,-14.810862345924676,-94.3060263894609,-2.0143167007529996,2.624880421908344,47.30892304528827,12.76895896584358
39.10629928449188,-34.96566300757932,65.50814697867489,21.049781501948843,-71.06017377425204,-51.23746863875772,-0.6076878766830163,-68.55987387227768,40.09943728755829,44.05811792224992
27.20466772244768,-12.065885495981433,81.61971065364105,-95.46840306227453,-4.397852694854464,-1.8564263573244375,-14.952689433765997,-56.43633123490591,38.04856234124563,77.56241142057209
-88.95605208113065,69.48547720385403,78.37236086474351,40.78989016538272,-79.37284323265925,-49.154431377671834,-45.75779894809686,-99.05004348700649,60.85567200365659,-68.94407011830076
29.61037633734734,-46.234667595994054,46.41795386673905,19.4311002029269,-4.7570016865726785,-16.060342464631354,-71.19498406999608,-5.180373279161358,55.62041430465543,-62.65840504254593
68.8385818773239,-4.090542394901227,55.050604562759986,15.11338637462817,-25.859237972393824,-38.223796814112696,-50.80713075862799,-99.48536662417469,62.36389505540214,61.94069791351141
-2.5214603090251586,-69.21469719640041,48.60479368641353,-80.29268836519213,-14.395119941445557,-4.6830311352030805,-39.20407607734389,-94.11823498256763,58.770475268966095,-24.873344783105637
41.97283698500766,-57.83666080963026,76.9297727556018,54.72189052865512,-79.13622916169797,-65.04574630126163,-0.22610929091322873,-59.8946313781508,46.87521925544244,98.03128272425869
41.75563626471,-20.69003048168161,97.31812524664309,-85.41730833412441,-79.96066378982471,-11.79304085617995,-70.14086946399313,-79.55808833291712,78.28991568307902,87.45470103213941
40.92266106564159,-96.83636822718911,90.30286831907956,-17.78596975069967,-12.29746110686466,-40.921802768369936,-67.80727499254226,-78.1176662457852,25.752117455901498,-78.91402118997446
72.80314310899422,58.515350763617164,30.207888723632585,0.4671696083780006,-19.08871874353988,-59.428652798503876,-11.444475743773836,-46.25230720941622,42.207386093389175,19.606418278044046
94.09943601396063,-5.494794553259325,35.08794928818446,-25.07885625515619,-54.30714395186109,-34.18213393412175,-82.17028282616414,-7.684142708770793,56.479160852898666,51.1887947093931
-52.69719733259084,54.817380985365844,64.1364090611133,70.17679444938838,-38.072525770892625,-0.8764484088756319,-46.51245924928455,-72.76405892452479,31.3226794928498,-36.369628857610195
82.05409637256574,-22.275456067691508,-1.226866378341768,8.371946767794014,-80.07361114821302,-22.184482909096037,-39.050684015931196,-99.65207380941932,43.27838476360154,-55.88697185790616
99.62819935972158,28.114563058475696,-41.673309690861885,-31.85227499687099,-62.76157585710945,3.095028688680472,-73.148741452796,6.405200655370333,85.8327931224469,29.37715050073281
48.15602952282512,78.62629529272186,53.53096344302037,43.08838908577768,-62.85921688980141,-45.95014992812792,-66.94768969045772,-97.06503998005581,70.91200644791608,37.03479185836728
16.32923691507372,46.927955728894055,99.34799863531546,-35.07601253792052,-4.684031569679197,-29.064632628582146,-44.352845299095726,-50.56008133568381,17.693420754601508,-24.831697311906304
-22.25127909425028,-68.08501202261579,6.46353080666988,-3.12388945777154,-90.93797340428769,-11.01429901007188,-47.84782243256666,-29.202136603132118,14.70921944294598,51.516053787112725
46.443042598674225,1.7560359808120154,78.99999068645329,-63.93538415539647,-88.88315940160041,-58.911357590589546,-61.006849892811864,-40.284860288047355,58.52705905202441,77.47345208103928
31.53289930587498,-14.113311526688829,-87.89928110117269,20.437783414885843,-57.80971041388125,-23.05247862047903,-83.44358917210887,-99.52234065828593,58.14150495520113,-49.29725527739413
-13.873154365504732,-29.235038209611673,-26.84312886242563,-24.733043392533247,-60.22200529297688,3.9672099962120786,-54.5698211950278,-46.59997006987886,86.4908248920047,-0.4677657565280402
56.41817892160385,-99.06204434294995,34.457292045694935,28.037682383364427,-44.996200189186254,-31.86183484926311,-81.63624154806558,3.6291363388651092,76.64171121189861,-88.66290269832093
-41.725114489777866,71.36616996306151,-23.65657355062304,-54.37142434341656,-98.82349667887912,-18.018773791610222,-11.612783336426915,3.339135111970368,57.79169667550795,-22.902902871134327
3.24861600743629,78.59440781292776,27.204431317005067,28.903787497116525,-26.34843889099554,-40.49210926645036,-25.475306753138213,-15.705482009607302,24.242525758236702,86.0398138580378
-69.09427880204078,-98.1075589746857,79.95850186040579,87.04810106014565,-17.275236958721976,-48.61360761420606,-23.213840429171128,-74.73552948980465,36.89772685731123,-45.02419460422706
-56.96231080545371,67.73687909126426,27.977031932165858,5.6335708296012825,-42.572887520222196,-35.88519122102605,-8.589283122635507,-69.157198236519,13.134934406946229,-62.60774405535427
31.702786607998945,49.09751585693684,36.60276696806662,-96.97981523880642,-58.867349722942265,-88.5256177042332,-69.79556704383151,-26.553700250607278,58.516720932918304,-72.36283993482631
63.02397826057589,-32.66688381129795,55.621651518255874,-74.852940399976,-1.503245132580716,-63.422305757713566,-73.65491578285321,-96.37912986748863,44.97149657972497,7.737412933790267
-44.32522059900836,-98.85439100551127,-56.86268188491715,-79.59144506006673,-89.24797590946264,-56.41721667590576,-41.812129764586786,-79.55440058924474,93.50973448910189,-3.3000489026057664
0.5962322719271187,-11.799584431505991,58.19877374664065,-7.681298751729017,-48.55452817922594,-9.989870043515383,-24.630420524922634,-89.54691583720059,27.199276890339327,-28.114798675123346
26.552776567688795,99.71154112620806,57.78259396253961,11.660921089818117,-44.79259914419802,-1.8090048939290995,-92.64078955716646,-38.65753146336864,18.54786119358978,37.86226183033534
-33.23059917376847,13.056004971146209,19.25054613473698,21.174684740958284,-96.64390112664,-19.688285989004697,-13.046838040065367,-9.301543774731456,21.9352642827225,-5.615033705340551
73.80251409068187,37.52040740900898,45.45309909391912,-45.61917108812496,-27.804714176864195,-45.53002062834644,-79.23170005897899,-85.86396970543657,70.15725626548098,-19.816926245946576
-12.103685706152262,-58.30804649153076,90.93983801049367,66.4452985954646,-64.82554999573725,-14.60832760116844,-96.17328390277576,-26.804386122558707,82.47520603016012,21.972767296098326
25.446876129263764,-15.494512617871056,86.59743884939309,99.98079178628349,-44.01515460014659,-35.57149573855438,-81.59102653755704,-56.46851742345881,54.89315872031362,-26.933601725851794
12.730227242552829,47.06682260182191,-54.04078130322896,-82.32375266411843,-71.40013838476534,1.3594607765395637,-87.02560780691158,-53.75864516437545,54.417371082439104,45.04149983998144
53.90978982964877,63.044732646531074,81.19595749907859,25.38698462905316,-32.25457491727627,-68.62430888653844,-85.26287354680817,-14.805742035595179,54.19710747131488,-20.71663927883482
-40.59484476137066,-88.74316661086019,56.718574863652535,-39.14056991648084,-1.5346243504439236,-44.85048254972566,-40.805304943934125,-40.28174805448557,51.19228220035216,8.376769751789467
80.9931724179522,-53.1332761643248,41.677287412527136,6.63556541054318,-22.712308833531296,-51.981306906664415,-63.712194152607076,-63.02927782429275,98.95963528258469,-29.89681436138565
-72.45014028190344,15.131262728454416,3.7362387357767943,29.159609476093465,-95.40466453819394,-71.14616707994874,-85.34401982720127,-85.09201013008739,52.595111486093884,-9.839298095945296
-51.73449853455611,26.802104873827865,56.62363539513075,67.76575499924195,-91.62420811005023,-21.66649760711816,-16.49505129011007,5.917863547650661,95.53097243035344,29.607217059503654
53.726664468216036,-35.37246149286115,96.54023156980779,21.650333507886018,-39.76542112042614,-68.41437218950114,-19.33705369314243,-60.91051022634753,99.55768048240952,-23.881739861724256
36.68915297819734,-53.03273866058082,98.36643807692707,-85.9666820788733,-28.92349054851789,-39.197484473612704,-62.89176986308363,2.009778605146309,56.54673425581839,-8.230032405403477
6.723159506427393,56.25634998330443,68.28237585671233,7.305559414570801,-85.90687581925607,-57.475683930620455,-57.601245728764034,-69.36234969668983,41.0577168194309,45.00262854549766
46.61907124507373,40.083881758922644,84.47128197888922,83.89761354732455,-54.95846870909003,-12.040267360095136,-57.436928249913215,-83.23710495905976,87.2152693561586,-13.507981748179546
-32.720366142452875,-22.56433331770252,47.19007359640423,-81.188950103755,-89.18557898784029,1.6864263921742122,-30.439533533164095,-73.5199203003612,36.47459679950586,82.45970730142201
71.48000343870916,-27.643067679302973,-36.71860649528168,59.401397338640436,-83.90186543347318,28.640801715553017,-99.06492553174303,-19.39517626633527,52.01886647885422,-97.8640578292912
16.96510145673963,64.94265044827091,93.95770709270451,34.05044423894455,-54.10719076051372,-68.12285397610361,-89.21935133748609,-76.87433877101873,29.21486640267912,39.69074211161197
20.06487168662936,66.05397882555516,38.31655765704994,-22.143809061758304,-88.58230629470057,-12.033665842558406,-10.552564243255688,0.8288921247093697,32.20070763060099,17.248410697574755
96.19093257188305,-54.93964895575523,69.41771382218516,-6.6500536646800725,-92.29828349075748,-76.15073836275059,-60.53427765293596,-82.95355957176326,28.657126126934884,41.11573780451924
26.917056668975874,41.63789513854948,99.88677821429799,78.97023582993157,-58.5729636643171,-91.8691850341363,-66.50682608767195,-52.80502523792066,16.34105023277334,-49.60503823529558
-34.810286336409305,47.02700801677153,82.02965823867041,44.804840941482105,-85.41474842654196,-3.4250413543531693,-68.23455763505018,5.680838865556484,65.846082605195,16.227058729152432
-60.03224152702214,-81.6201190271786,40.78486567388961,49.368299499981106,-6.637506034039305,-31.01329662421334,-56.90875349431839,-54.38210448055326,38.82349208266558,7.279921341411153
47.40515167858564,-50.52430349647822,19.035928321467257,-47.2370818043032,-2.715259506637352,-12.613946279894478,-25.219370861299453,-51.89324636145755,49.43775799263403,66.18928853286303
-17.310421330581686,-86.4552506259202,43.20761407065514,25.77758944466848,-21.922371489484817,-85.02783980805467,-18.750201296075822,3.9903919862550197,60.063275821785844,-97.47675135865487
75.30264440550968,97.9930257973602,-60.61861966032728,5.318285893548094,-43.55053150451842,-20.50834372854148,-67.00724354750137,0.5209786401618403,11.074185448226434,-75.94712568074216
41.75755660467759,-69.56364305438674,71.21508117150907,10.76171428679912,-84.54385096007003,-10.309303871427872,-73.5879327338952,-31.940440305710922,44.12165076468243,-78.79318718155437
-38.653897179583446,-73.73578611871555,49.007667738783745,-47.55876565928255,-48.14532325065037,-17.331802711881696,-15.659966602668405,3.2807193753323673,37.74020355855991,-39.87698804642935
-47.684761696210174,96.33618796657605,75.89131116252128,-21.612606428534676,0.01133338664761041,-62.40509026912004,-21.445902574067404,-97.55056957123587,61.493990303373465,-4.855732804071863
-7.259058619730871,51.33054147916183,98.7831863919322,-62.07766453047677,-88.41887706267536,-66.50553342732394,-16.64155522165445,-95.67555046457956,93.77414277159048,-93.89493125067285
66.54107205932769,-54.91901782415684,31.581130303480478,6.9449600522815444,-95.69487174663679,-67.71534117737261,-82.14409042783501,6.713509380940408,73.20880410357819,69.01131937478243
-6.7209766293408535,9.849619400194754,-85.63010215813483,-99.73466728987526,-79.26318187897618,-82.91821056240886,-80.90402332075237,-24.37044960105839,71.06737736075482,0.3788036633091707
38.321650871911345,-27.59577893658129,-3.265146281093129,25.368121172989078,-34.71514235831843,-98.35100245822943,-77.56827538245724,2.300920170306057,79.49232670621286,65.38220991620382
-64.85149098386444,-57.50138159805581,-17.13135611985438,20.200362839996004,-25.71315774051652,-60.543542328213675,-58.25885989683451,-55.958697772643156,22.14745738880159,17.536828900434834
68.49039399325727,-41.177958122910496,38.634607633492465,72.31365962741873,-2.4703401025261655,-27.126842219888715,-4.839481057039805,-92.48585915374804,28.19037815068114,83.85624253143854
-66.66922054449714,2.304357389939966,48.51730236728019,-58.40746621987853,-81.07148648795072,-4.712992327459563,-55.510855081025234,1.0532193860607464,46.352227864626514,-10.05239709799467
46.459020471166006,17.291985450851357,51.82351409916233,33.516771143880305,-91.9388204600077,-45.136142487034945,-18.804900257851628,-97.4423904819266,24.248529166533487,-48.73043795479346
-44.20632683715248,79.67677230557867,-5.25117151123456,17.21645745707741,-84.74593120168149,-4.055535116028558,-55.39203084610703,5.347681116784617,76.33644567582968,31.090283738073346
