137.15652433930882,30.737278386926704
-134.8493150305939,14.95361894133579
40.84674427323404,36.051145878635936
180.5971145016945,44.94872387606813
-3.3822928791023656,26.71520468178494
-105.3032630388757,32.00325518816382
144.29935910889157,39.26660727284852
40.76277249837386,31.590897898272658
171.20033714484833,31.355214312625122
11.680013107976325,16.840182645768863
-177.21090425652613,24.513526256449865
127.29020344093624,46.29791698360074
167.9929284627314,21.756059509717247
-126.97166568980053,32.080477589714235
-100.93111500118388,21.316086935799433
-57.04750253211256,39.43218056667985
130.10253384714377,38.6313197410183
-62.669643201110404,25.2192255515442
72.0020603017665,26.491517095250543
72.09869763967765,46.082960485479504
165.61529446633583,37.127172753749164
-122.81383718301397,20.602270754239072
-111.38405356253986,28.50426290854824
-2.544491734985172,19.61028286408019
82.46077950934696,21.107452076920893
138.07416276496124,43.25720381611602
158.5977892563172,56.736408037952486
185.9099154564817,40.48184812937981
-0.0024718705232942284,37.16046382671064
170.16267290359755,29.4737406303517
-65.07019436796338,33.077155860251025
-42.713922627905816,19.879438082533227
-42.77194461889633,39.55137401935704
1.06148081679612,34.0698936126951
153.85185085842733,36.91353746509924
42.96185746412251,31.626567440859688
169.15049538744177,48.405423281557574
-196.8232122124478,13.269673466936808
193.53230464512012,26.404526875757213
70.30311067572296,36.26979289697772
141.03209037445328,21.831246104099264
190.01166425569798,42.40012016845449
-162.74391997938932,22.12542807469253
186.25050090417153,44.12260621587643
28.832449567004744,38.27502914343441
174.91541115111872,36.32846883449673
79.5439266661792,37.05377880005554
-124.54951174652498,20.6197211829258
-161.46381864613141,37.64288533386173
-173.77381764333694,25.920182705607616
157.05071245672156,43.944741125256144
164.09731575221994,30.589527013276374
164.64097486529883,33.80464691748085
193.31279532725034,40.45593367680314
-52.115280981470704,56.3428036830681
130.63584316264718,38.894717551151544
136.59020086079087,26.518868588562633
-126.83830895915973,31.072937252943262
75.59405836205092,36.987884732246016
-182.19893328502204,26.3615514604014
165.1947405861525,40.234642336042015
181.2222418535456,47.269663461338496
176.9679402035112,42.313158846714
159.8734314079509,33.2807434578223
-142.6511754675493,19.295738908481894
34.902971779100426,42.93532694073398
126.3966621710066,39.60330341776941
-105.3975331148005,16.31328801830628
173.12393590149327,56.61946475439163
-3.256719822907627,24.48081459310444
123.30755552558,37.19605674316836
131.19439754500632,41.81581149718264
138.1677392385812,54.79281952975555
178.79401382415193,41.64552267021142
164.29252754578022,47.20640772080276
167.83707311767773,24.7998614080911
-78.53285642146214,18.61944478305395
182.59903739572485,27.070742685722706
-4.475444982260768,39.18031817058997
31.09952815484769,40.32827853212882
179.47177604472856,42.580332457088176
-90.39684437254988,24.07402470015296
175.5338349815413,32.53697814756791
-20.518982490511675,36.68500583963012
197.64177166169665,44.566515218179234
148.58544279518776,29.802699356805107
153.31709812001264,41.0656424906987
182.86396071119515,40.633854261189924
52.410308274288035,39.36777548046848
-167.82194299622455,34.11636179474232
150.5285307562724,24.14335525984272
-191.5173332596175,25.273636297994074
106.73092811443033,44.14155363329462
-199.76851239715228,15.677850559676187
-131.3368575710935,35.7162305457114
-68.11958081945446,27.400488806258764
154.74331260280582,32.00425069028546
123.37042914482623,43.286211362548876
-178.55493236693104,34.38402230448625
197.27957742396902,26.000394080226982
149.29949755893455,33.10540245237303
-99.89249472747576,52.37403125129319
154.4032577976369,46.38911838616147
165.7203823566735,30.069901190735834
106.08176581166566,41.51563463488287
138.4588383683302,38.35037711212948
-110.89228355125107,35.00505550066532
77.41216036716347,22.363269571767432
127.40940100501035,46.03395561567247
-36.70376038621393,20.252793640773383
-82.93237274851049,18.77345046794835
-161.8128275571907,31.384085646067987
-150.27549648893623,18.006380176121482
195.93740754911784,44.88676611111373
148.23449215325843,43.308354633029296
-82.50868156465553,15.380981481751704
-20.9166632123194,20.239319929940976
137.43910366104555,40.203203616024155
150.371978733251,25.755585415383038
180.56575172411436,43.78868431016062
-86.6197703973922,33.20378744902669
13.530716800583626,37.87052621325708
29.576577344586227,20.252972051904365
134.67311664824655,42.20624431889408
123.88382670705093,44.99267825769496
193.25994820525784,46.566067137719216
-142.2704333818961,21.525854518449705
164.11809989388678,34.046496090054205
140.7178335105579,59.83246812202847
157.27998886002396,42.48108325578321
163.68462790205217,33.802557002435776
109.47001881929123,44.75268644295679
160.54851927548543,45.583912320929734
168.3748624359975,39.69246468101872
11.236341735773507,25.518550627942318
-107.64503608319637,31.54301675309941
-108.99906956850941,28.87504097975345
142.49872857553086,29.183276045526995
-96.237940343862,26.296036594389534
131.70333255704887,29.87501542929803
26.81390461315928,25.512741856621957
52.3013431771158,53.28283407859348
38.98928477844128,22.679671567849283
-174.02455762936995,28.47836820577558
-58.60397041320695,16.76067438114532
123.86378014298882,57.728357494449995
28.120649062059698,46.901754918618735
-196.06425000924878,23.390234186760267
170.03834995191835,32.57306772715927
-91.88937725029447,35.82486095647175
127.65984284117017,40.458281884344416
143.16486922193835,35.514083462227035
-11.131098241625073,22.661237038670635
-69.28271952992874,23.521670389567518
142.60425390078973,37.17949564763327
-19.06243504448662,40.97402238762083
-95.60197305824774,24.45976284477065
28.313760348653602,27.01843102758852
138.61557565204862,33.31781674873983
147.6106056351262,39.6612827535393
-53.510684331843,51.2670088182999
-57.559943674516774,16.62369508767506
153.92408330446267,35.739984965711045
184.86268589319528,29.113329635936054
89.7137298153393,53.430559198865836
-9.592155777087607,28.10133791609141
159.40718991803703,44.548772385272
-117.24701622919,27.459892889788946
76.76898786687161,33.819802721985894
32.322460562136875,28.860332142166243
172.0475186245594,35.00436729297478
149.4022396009674,27.164644465052064
188.17014154362212,41.024600874039294
177.10527252132977,37.835066124327284
31.711377251126237,54.73696933836817
163.4523414565707,27.929758381951387
13.380457277006798,40.46275052386781
157.77273921611726,43.658114867180586
-117.39365924805546,20.24755909056934
-84.55790237738148,23.751294886756625
194.99982974937157,46.215177885809936
78.43742375708327,72.10410219364798
160.16733047047018,22.714298433928377
134.47443233872147,28.961844500768763
-68.27400051292796,19.493810657695605
167.11645627670703,42.233478749035754
32.868270577338414,19.047715886808092
173.53776515298725,34.331676032394995
157.05557376096084,46.4252023301988
-113.0078680167652,28.56601082023637
140.54520493704314,41.85254304885552
159.83120101957576,40.43060189801396
143.66552710004186,39.85864549664012
198.79970417188235,39.78474380079064
-81.59709078884319,17.62532305487082
144.18936776236316,44.495587163593825
166.58099009890336,21.371642329549346
101.520676045092,30.326623525918052
-125.94291811052784,31.920354707896607
-158.49096478346735,26.37421130451503
