-28.834275041827553,-9.609418713402746,-23.283450295547713,-32.80425018939957,5.861134476754742,36.754658623403266
-83.30911214734684,-22.893302990348374,-41.11599842492369,-98.23914776592154,17.50903529902706,-20.43831078565391
-48.78159631667524,-24.68643081618295,-70.09944703610297,5.1434378503932905,84.9323622251524,38.61684352001004
-46.42342395562332,-53.19418051364749,-14.876384191947775,-43.58656205953721,49.902698000117844,-74.43938906391665
-84.7535030526717,-34.84574275226851,-51.65620106232439,-70.28885933891402,57.2930291190371,87.28136453858735
-12.19108033391747,-1.5994690926198842,-66.59155257314383,-58.30246586059687,81.79772018274386,16.643236516089218
-29.512114604985285,-28.47939065570837,-28.674653990947718,-44.63767914204466,35.79447867100376,-34.97228790742322
-98.96717067142205,-75.36572647018063,-62.964765244765616,-76.55299707995368,81.32648373543567,8.553349183256149
-47.556961723693185,-48.2601102875837,-54.5732508176312,-9.713679907465362,50.17841260481014,-0.015110199956552606
-97.31826211847869,-36.71890898761704,-31.784385611930077,-96.71168763423606,24.104479421501964,-94.3563058075679
-29.92007231722868,-47.04104275589108,-61.811753155130226,1.9749963248658844,57.797986841408594,-34.83377102614159
-36.9121182740657,-90.48991501847001,-18.29384145833194,-80.30306798520523,24.016407176186654,-4.938416147900554
-17.707542665850085,-56.96271514199061,-49.950723879368084,-68.4485244154879,61.52122049589869,6.968928648503322
0.19788422091082225,-8.327078427685024,-78.64960288937353,-55.29414207415653,75.94366939887044,-18.969243723187347
-71.02341148330324,-19.58410959292823,-59.05678688603302,-74.95945220837416,91.98909412163323,64.18347704120441
-74.17231109768629,-23.32825993406637,-51.18769487805749,-59.83996460691036,78.03486016724003,-21.956833641767062
-43.176596519660244,-1.3063197784572083,-7.036924854909804,-62.75873347277204,67.66067932838386,-75.30828959732538
-40.920416960384564,-18.17346122438171,-56.0726148631011,0.8161782718800907,12.801458869554033,-61.70564042707702
-67.82511540956202,-39.68229122608849,-36.32627303571663,-56.515235000379015,7.848180619175352,-12.836495266542329
-48.256675019572846,-35.20614471106079,-68.00864204248339,3.3566979028657187,44.55683563594195,-68.92190974726029
-75.42281195436753,-97.22296225033676,-65.77563528288476,-85.83623357849976,53.05360394073715,8.426759246153011
-37.57995979319211,-21.31659142877018,-57.57245221486161,-40.81749302530082,11.091184559715927,-12.660536772323823
-48.418243773002054,-90.80436929964063,-37.88862878094613,-83.35426666057074,19.42930454028989,-56.80437098146824
-15.20003706489966,-27.422512376221036,-32.779758602527224,-73.35962635315231,72.24110313169521,-94.59856382125983
-77.20438166460116,-55.202123140311514,-97.91635744766002,4.833916977849981,79.61202142776762,-69.2330306661852
-16.131203249049747,-17.12479214865388,-96.61214340326963,-59.64633584349749,19.728353066887195,78.23628268470131
-10.76775797454462,-59.145249761473025,-24.825187629189188,-81.9051232396035,49.48339583515579,-66.01508675441889
-18.8319968637364,-20.97974793025537,-20.856380920927094,-48.88308482883368,27.87770764665887,53.00126576235304
-76.27726375875861,-88.43292835243362,-78.45829223409852,-50.465278858472935,11.855791808755868,63.352399466863766
-77.56969849014388,-8.064585393831251,-79.077856682547,-86.05130778155984,72.60070811281423,67.29211159274277
-33.2548738773533,-43.68545845755481,-13.511740751014614,2.6252686762838575,90.72062357949714,-22.86017047029692
-1.8521076424663931,-95.60043957403467,-33.138060677527506,-62.25685528606098,52.99645206275457,35.5715876160173
-8.94041770928493,-74.5384761467794,-65.73564628992396,-70.37290894211755,69.79199630496194,-70.26288698958255
-52.426014311600255,-40.1685208489761,-24.24100051239045,-66.0255467516949,30.921827068053034,33.71432730699302
-61.28921246737992,-0.34945432232971996,-57.51827459675122,-76.02301588961454,34.83360586955122,-58.27381761433756
-6.808833006083635,-1.195694153695495,-60.37452009975809,-41.02140892286992,81.09463491043434,16.517529211016296
-86.0132689917468,-38.110440785394395,-11.129837586592348,-70.44865142981881,26.486828658560363,-66.74236083406187
-62.61361753339302,-30.58976739825347,-36.39468103663019,-68.37804359235544,57.330636771003505,40.610176712003906
-60.535084057034915,-4.918021322307704,-9.069021400625331,-31.201630582124935,14.202473777766116,23.990741640414896
-22.296131186929408,-13.380670637343815,-46.01620142104037,-99.51512201168603,83.79452100927637,6.551883093473023
-0.2838527097715513,-70.13511601732026,-28.85254377652622,-86.87352292498892,59.40936580325331,-61.40687790395589
-23.999767587744156,-91.84675029262984,-81.1819167517064,-81.89265634731782,70.50315772040693,-55.339997338110074
-6.746938432382038,-65.77272650609663,-35.006511878038324,-66.66568990583039,33.076193775365084,-6.624428700449442
-2.7439149087409476,-51.227381271815716,-18.592210613013478,-49.64122600220289,94.92641050449117,-96.71658661160333
-20.27456258564869,0.7370117837438528,-33.74802949281092,-31.04476543577914,31.800382611689102,-94.17723761916412
-92.79529042348891,-89.97633285384184,-26.759802962850003,3.9114809016775496,57.77326934713358,87.87111863471861
-88.45279630997844,-31.08939264433701,-39.41853425950049,-95.5813863722947,23.993450152955248,-40.40783626534507
-64.3086588827446,-15.610478860404228,-64.57450737005472,-39.54524650889559,13.90021077355756,22.262465911682774
-30.654179635743482,-41.56676668870427,-49.20764815642411,-55.65711305846473,21.979397258622363,-55.423459435082734
-69.7042792481266,-2.722223658605344,-11.981216843407694,-76.58914343089413,71.06731117901808,71.55389285123096
-36.28896729687781,-1.7384545969552931,-17.839722545389336,-39.86455538583499,20.960780162617688,77.5378090004827
-80.30625975746317,-64.83466196678964,-24.48967671419658,-66.90948926826584,16.383418324326342,26.82071257928653
-25.822476726852628,-11.906762955481405,-74.22530991388622,5.653135438481648,94.93236826289058,-14.165810584605097
-3.639110900261935,-20.145654287937347,-0.05328727797076027,-32.47402579954933,61.860049461895215,22.07986223693895
-14.189665141626236,-65.03437417441467,-12.859555689213138,-25.362563496349892,94.12734458388695,36.29420204205536
-70.11882802991612,-31.818543986302444,-8.888933124528535,4.865398832147591,84.18496884413898,-51.83224298656995
-7.825889388750383,-28.796084366327264,-22.0877549367343,1.8631007055255822,20.73197436371393,96.91559447248184
-41.61026537900051,-90.3592523288005,-64.43299573324774,-90.48926806592058,46.75098629138806,-76.74700974453125
-42.58875742765194,-23.496642433178906,-20.41453821565078,3.6082931554491466,61.945116821192975,-77.59682686222214
-86.86174231251846,-38.26818391817062,-67.7669565462832,-96.78065355209252,10.949993483531362,30.42406241124454
-27.675581878035928,-39.71657636535767,-10.795943681706234,-36.70689469679469,80.95000536253247,47.921273500209935
-92.7510032274216,-70.0156807990713,-39.86354553938862,-98.0538960173143,21.381064210387244,38.08951086672361
-45.54352378454378,-3.627448394458135,-81.15495303150402,-75.99399568708557,87.82291049014435,-86.22593695300722
-44.95382376104969,-67.60878999768372,-66.44634906456142,-41.106793545667294,68.0487202314699,-16.59460661999509
-16.888472656975935,-32.09314302338639,-54.93549457820904,2.370403731163563,40.11507299336434,-2.7309015611059806
-37.91327455166145,-10.318847503024024,-25.4622847132578,-28.012535415106626,24.11677134855234,7.000641035970531
-8.400102676709011,-50.18755238386985,-25.20299989490024,6.743969574976294,78.01361910864063,98.6441232252318
-35.97819318231254,-25.212559406699384,-28.34660019307198,-41.801542352145034,78.7718874838126,-67.57215138088604
-50.79313179207415,-92.02724095187425,-98.84836938474491,-94.81647213075821,68.36804458883728,90.24960297010034
-53.330414469519766,-66.73445829111294,-49.71421838483745,-81.43875245615418,82.64897227417461,-37.766000545330336
-35.562323688510205,-53.03658765897722,-18.029252634759825,-96.13786056630957,51.993324640225545,2.6173210439917654
-57.86772517748357,-12.683164546218158,-52.91061453108376,-82.913461674341,34.82527159665892,94.73178589179228
-68.24080638998537,-47.72298892968273,-83.97215418533725,8.294816426818585,91.56472696221107,42.74066087670004
-50.98200986391871,-16.573141237175605,-63.049278787663056,-71.5826877324875,32.21654134581047,39.63803099920135
-61.97715094110505,-9.814168444498847,-79.91282430405813,-1.239228314418142,43.407453175643425,44.483900778939514
-8.00018128273139,-46.58941402995503,-8.267334150443586,-63.51068695735159,47.48819101216593,63.04565630982097
-46.29066266676064,-2.846506061330146,-74.47783866432619,-26.243662837319377,28.211633237419505,-69.43636638004581
-9.334548681398298,-78.30202696750273,-8.899244724326099,-43.691257501130394,58.76930570051477,-55.53118817234544
-6.710235566785784,0.8475424714258253,-66.45357251081376,-41.22349992309625,20.105096767604458,60.4871532512073
-41.891842039868195,-44.19539752612945,-58.96807821859909,-62.927465244849415,66.12316355130258,61.40627771380821
-70.86478477898058,-26.80173981135327,-89.71454631143008,-56.75868331805789,20.642248898477682,22.273789625156404
-90.48946969055731,-16.505816092583416,-18.51104509118865,-54.0995937711547,9.650373661169553,-67.92393046595157
-40.201136414720104,-64.57565934009446,-32.16249399563608,-94.34942255720983,61.33242562173324,-7.322974275686282
-23.47008686134356,-77.69600258569298,-4.999773228112971,-66.86076273397481,39.71206120696735,31.379786377721555
-31.275836207038978,-66.17551796240882,-9.969766165330324,5.036693871861637,91.41465292876171,-68.01348340360089
-70.51152627964845,-80.58432345258285,-7.886964413759077,-98.78794825767775,39.303429453718145,26.785559344680372
-40.14686678937111,-56.74114014319494,-10.077759274148361,-62.04485585547148,92.74481140935463,41.71479600734517
-40.67974457738915,-2.784163465744296,-0.5846881432070603,2.0096349452457076,52.639650658687074,70.27677687581266
-74.453686637718,-50.50389727606686,-48.91417287314499,6.442750634243318,73.69386232162742,-38.18010093797724
-64.46518736427475,-17.604072246123547,-33.43022979126442,-34.08118500850357,94.77829822756206,-44.99947130520125
-94.9639836813617,-78.13255965513692,-64.4414089123095,4.726002226028712,79.03387605620819,-1.1406963804056645
-98.52671874281435,-39.48971185961057,-29.46301647905898,-94.95234608088782,16.947672813638988,-27.373454569378254
-19.540803515868504,-15.204724716877578,-27.37271871517504,3.006800556518371,63.03205314162608,42.851512170775095
-63.85371400468617,-99.76335969777494,-61.70841412632604,-79.17840725328112,69.18214093258945,1.6378197591722454
-25.885363480635487,-26.426114580902933,-18.481474430062704,-56.96136420788959,26.43004892947826,-46.14423443679327
-44.40045680290887,-6.414349717727037,-31.49468073943135,-44.604109812278004,26.008927575727444,-28.889012237446504
-88.58758024449267,-2.0067578093250518,-17.952260285021154,-71.53851210270311,20.228371927464238,-23.12442459730981
-54.9423059008905,-21.15316137862375,-4.438740677403111,-98.24080423780373,9.39495569158317,83.29404659102542
-95.2985451771743,3.5365660718584024,-93.60264891785744,-29.53667952050327,76.67235057365639,50.03790835823558
-31.121488399726672,-55.69599674589682,-55.328354504145764,-53.41139945454558,35.221298676368505,-42.78210453370906
