145.6431046346283,1574.5563594595394
113.35597021175874,1288.4263178639808
134.78740463314838,1037.356257774038
138.6812514207097,787.7124004549686
158.53393801350154,315.6795711221313
150.19698753088363,278.2479107999737
173.7020731881148,1723.473131629843
194.04350213758275,1122.7118960587813
172.3968802352647,1435.9703812714097
185.0654392307917,968.4858273206208
146.8392400245632,1511.708699209196
148.948866693114,993.7047731688889
178.94871934737566,1431.843400358961
130.08585829437973,869.8123041632797
175.6026238949887,1500.9355023488872
176.07978030578136,325.52110013428086
142.49913870906283,962.6080788226686
160.83563698323366,1859.4425035698885
148.04726570196902,241.8457374746083
144.06282712269171,1100.2372876459635
188.95592855041593,1000.9236347407195
159.80970890105544,1086.545178974951
134.88512861347954,1783.2501189680606
126.31183678284242,316.5924839068644
170.22217973594672,1463.777537722864
163.80217029367418,1030.757665246736
183.69837936348088,158.25884343171396
181.97060245617752,1049.0527856585754
130.73316190237256,1510.2763736034544
184.81497516346738,150.2728942163928
181.5886883564795,1253.5925513683037
154.34498525850387,1203.413497437625
142.54977559611828,1830.3424005545685
173.2299045304021,1172.4340013413796
175.07069849183165,1112.814246512741
171.62214296269747,275.60460131160585
194.4155284479662,375.0950105781419
163.21245021344285,1223.0864677370005
140.96229250818888,221.48341666653226
180.2710342511752,1040.267196746262
176.20491082928203,1756.9777107175207
166.19805512513338,1453.680463091253
174.28240279589807,529.285779007751
143.47449488207116,825.2361507498582
154.26928562010704,222.94375506680348
159.38422330738194,987.4865023964937
165.68531364713948,240.73691417939102
194.01418678787732,1304.4587561649996
194.18857467131502,1193.983656983094
196.6047131652421,1045.0736527237937
