91.21651285313732,22.528779455024022,2.7942199582445255,89.19953600902303,8.456036843018744
31.15854289022093,79.64026925010371,17.969251869503005,27.339082442617794,8.546637218898754
74.85192821757653,82.33623344208426,44.357811917839825,47.969357374153,5.829703717581666
41.68685425088643,-26.854345014790056,56.06420864360197,99.25832791290614,7.675579678757252
97.25687144960885,-45.53822404489759,46.10627074341329,82.9541968673707,6.77717743604822
35.94751136217282,99.06382622764347,49.877708440286376,76.95208363679077,4.096801394106379
37.35671672474879,93.79273768266394,17.984982074924616,26.851209684127422,8.204793031179776
30.080595654889166,-5.186450594144038,60.60511059435052,14.45120006043894,6.069225376333644
33.416294423528,-9.527326205904746,54.64908792314567,39.28487989625819,6.4395902870440125
-6.8747818082527345,32.366609022695,51.11661709457226,55.90763822382411,6.448317547311444
50.819305072559416,47.042339992600176,90.1639254296326,84.32227556175746,8.262195816901482
48.30943510785062,97.61250674963603,34.60673747439577,35.55419792591832,8.36086802728077
49.889091378683695,81.4662715599169,66.28915985848892,38.373492218243484,8.824393247687295
53.694018800602834,74.84365547433218,55.477675286192834,71.52135136152678,5.603393201910722
82.7981425624512,-48.0714035712126,-12.095153293867611,34.48488620739293,7.866054806892954
38.57486207923941,65.02998055040871,35.10081685992631,51.53286992902116,7.384232238588339
-1.3296166574019423,-84.13426926641169,51.5360511329893,5.662883759260474,3.578371010235409
50.42729845729525,59.197721923252914,33.46548720080372,44.525158434049956,8.060421246321155
50.74358089058413,-31.739083373626713,76.51862550689467,51.34551679570106,6.061839468002109
-4.702478633417613,-39.435722958090864,79.40885214783759,-6.811613281277815,8.936417781310166
46.652652827466255,2.2780132985765533,72.41479544468662,52.60940722149022,4.570247606756487
48.397709033904164,92.36806232820774,59.902314628446334,21.856969366057967,5.869542507946447
87.61520239697069,59.52029563089218,35.912309554787974,61.04177510259888,3.044677683623471
53.759925481675,-66.93774711867533,10.06404824837309,74.83039488884573,7.544510264514192
-12.775912789256466,52.054464997148365,37.441560301962646,64.12885755641118,4.424851315837599
-0.6903251647896926,76.51621958743311,84.35425717533309,20.328507397937454,9.827664493003159
75.62343470645109,66.64042504073868,90.2824996200305,67.14567453550171,8.926184218044906
19.84727259799304,60.773806814051426,32.23846937695927,53.32889784106223,5.768017066394777
18.8465053754703,97.31853129728906,90.94995495983704,46.87491966847673,3.4500882527064114
4.871992286573189,48.98107508114899,90.11239008654297,74.95940536311093,8.106548656140987
23.155353723845725,55.58142318903291,50.9211075297499,30.15255374903675,5.164284954375217
26.363848742615815,-1.3387805349777473,53.093670397325866,87.67758043459432,8.856041984778493
9.53936233539276,1.3518206886695507,40.56411648005955,7.535456248590708,4.5246352673857295
-2.747072455323149,97.93069684117904,98.43909219844548,-45.04876247456809,4.997540486767555
16.640956996184997,99.58304897432457,41.418484800890525,73.38678181242742,6.757003339479738
46.243684271129524,58.53012388757432,9.509972619633857,49.07725384672506,5.3266084187824365
35.213153251373114,-36.344877207397474,72.49653089817838,36.27100153244618,8.969557106946723
7.551274268273147,-1.2925144596014633,78.80853653745112,15.626586773457802,8.672698501046682
33.4686799944168,35.3878158247701,41.29127032553624,4.167510473777881,7.765827137515825
89.38402613764902,-39.132119973916495,80.76926231400228,78.80769741698066,8.12244400676126
11.229358806463182,-65.29528002168885,40.85808767500753,36.44463534752333,5.617780268096575
26.603158676438532,59.879967248982396,78.39196194594577,10.850347728604312,4.313733796701176
56.85603988431865,50.21848758486615,52.51809761478516,32.64389255696275,4.270214535131968
-9.830915063679374,43.28574172339019,90.3479440746089,13.847657771410717,8.849323348195664
10.323771383370357,23.61950271659056,82.40837810217782,-3.114468137262918,5.112581456426646
5.851629297876357,-6.910835979943684,73.39728066801405,87.45087488449357,7.784019918063063
20.30881141450331,29.285538690504893,73.36616416778274,47.035137421915145,9.335899636939159
58.28234091758928,83.49153935855153,82.36997468610839,89.32007677984639,5.80211229950415
44.29559271655988,-78.78839186987054,77.89093367921241,50.94240268026865,9.499085781035983
58.99640251206563,-0.26573226846191744,12.610503422274185,57.409232264912276,8.093517218472773
53.67137207061995,9.965105042898653,21.395590015795765,97.38077199508092,5.365489521850893
97.7248998962059,88.32796375214289,30.27632801392153,53.14526434404607,6.57948813910301
32.858026578919244,44.261265239630944,90.85050897224409,32.997675478288045,9.24619772444563
43.99616495533261,73.24438520123094,78.41017945559194,32.77066726477011,8.425024516528909
37.671003296186626,63.829760074298804,16.754453376063985,89.46683479911567,7.028964725923142
48.55342953611546,22.694742466802296,52.05656197890721,84.89709077157525,6.464878831558639
57.999958536997696,52.07111912663706,-12.433729226110984,9.614183222176507,6.492708690419946
6.107882140478051,59.5247348188543,66.07347021824825,38.10435326584332,3.5690339672785187
23.43671844634811,-50.69070409630072,58.77776087813555,12.174440134880697,4.6781421419384515
77.59613292932116,-0.6305416857637312,47.1421480618577,93.06604503913321,9.221829629993241
82.32004790896593,-46.09265334614144,25.134718765531616,66.45381443461574,9.889591598583024
4.324254355217768,-2.2804089589566585,95.18867200833866,40.31569453008764,8.962622408558477
22.24573902563649,75.96061169098809,46.17646215651321,62.14620213201314,5.75857480648077
91.48203346016214,-90.08737180575632,13.182859907819605,45.59011615975471,9.543012401004534
60.237618238040994,59.49228865993521,10.1357651568335,51.795091634708214,5.436465758802082
20.72594866175106,10.86042799408736,33.197671752292564,52.78373992501952,6.9076510668879045
96.36997673218988,-47.619234080626676,45.21169541195508,75.91516310970601,9.734198842134656
14.866303886125294,4.872997595956258,74.53134633678206,-28.6655774453195,4.554651876166795
-2.200325018578944,98.09700833630438,48.06726112991868,75.01339350427737,6.559193798280935
69.10357541510467,-97.16870714358743,73.95775065274574,36.4155065888626,9.817730083673098
32.091789637764165,30.92628687837754,95.11724135640402,93.02717308618199,7.670086082750742
22.448899273902693,72.6345682056998,25.36086608975475,63.53695973394281,6.022871613119815
37.562529952505855,53.270635514719174,17.118061794238557,17.551777386096518,6.214676835564418
29.666209391094128,21.548607336768413,58.31742663962376,56.95490234893407,8.594359887581511
24.972533492971536,-48.070951518770094,21.29905705873456,17.860947495684712,8.658979672171416
83.76720382444499,-11.03321551814291,4.33108884856081,29.66697416517397,9.023175897304538
49.02330226772845,-70.94926522756066,41.70849259283418,62.07642168481963,5.528561985234669
14.638867800676508,-78.05664479973008,33.58493546771655,79.78489749228899,4.0537074982084675
63.465752795496826,-29.622032004314285,21.387142496543348,71.30061011304474,7.542804432335426
58.15540686481623,78.08155239809903,42.27385911577554,-0.7402697581882052,8.576728638390914
-8.785215117654104,-13.052901002741645,86.47010310937662,16.06736258439981,5.165811252781679
39.70498697192147,45.200740698620166,92.62885522375524,22.87407652864856,9.098575834343318
48.89303058093004,62.32881011876388,87.36527146325565,94.21570758342388,9.754132978677566
-16.23899193172873,56.937121705242646,59.52194497978486,51.832860902716945,6.012268550347059
14.480795944953408,-25.367799481468055,27.353474569853127,3.1705345330680927,3.1867954343154663
45.82708138159833,35.01185273902615,27.523897889549744,24.47142325733776,4.249165592188934
97.19937411944932,33.378800557911674,13.350701009183659,19.181433197885347,8.786338744802512
63.33791019654345,-35.118735972228365,34.72225533586524,99.74786563277522,9.377639060432648
68.2454038926029,-80.63755232491287,69.93869592038911,59.605114658385304,6.242759616698567
36.87018346674273,-40.58473207701559,74.60744877720319,76.034473372044,7.772502726616903
85.08854263874314,-76.4838195552423,-9.841256292372208,36.744731982636296,7.159401418277425
56.96250807080858,-4.78518166739515,67.4259210741626,6.78232414588868,6.002171600009568
49.28182195758395,60.4820978803537,67.48407994272819,70.05989986286514,9.94099680707026
71.74382728926628,52.883228384950854,76.06553894328076,91.43929394695127,6.703684450237411
60.16417931897303,4.07839858870922,33.78560983973594,77.4547575440638,8.545237684696257
82.33243950106518,-84.45674565879139,8.672656428357044,3.6323528835809293,7.167808917640613
16.10931904490353,32.05489829443181,78.35847590289777,38.20772219267184,2.677327735065191
11.727259379500126,-14.21864007723778,60.16756740833207,80.23272068872126,4.0481006184330575
77.07786262401797,-37.39922805609372,92.87980426820758,43.81619400386124,7.255380452766554
76.25824074338473,-24.151801211174515,58.974316222371016,53.4865824273962,5.379206056773937
61.398879847693095,60.75140629047074,-0.1831762036930371,95.89475515978447,7.734704740456337
37.4763476852314,-70.8081629484083,38.15432946724605,43.73672886246449,6.069351120247726
68.14273800865509,79.96461427157955,51.5944250846662,68.8847816456354,5.033774968796978
70.33319807866701,12.305442205016426,73.96454245558948,23.483377127505076,9.243111582384536
43.55634594801168,-6.323020132609665,67.95369233865762,76.18117096760405,7.67202861998422
41.25580816484805,99.32940052142555,27.61576118914944,92.80770922034958,7.118027292640473
-9.049192181326319,87.56383069343542,91.97803098496308,-5.312232428424949,9.217234112861885
0.8156754530840686,-11.369515558954959,38.24773220529493,-16.996573907000723,6.104437007236623
50.232905974599944,85.31311786035022,47.02564900191115,55.46778491236654,9.63504175908674
8.599028931949121,19.272331840765972,16.095309963576852,0.5839768994011649,2.201855564761159
45.00233639653362,93.80151990393892,46.96088865625558,18.35983096092336,6.479403960239871
33.580416488415324,96.10550040230575,25.908802392122084,51.275212973263336,6.607016823883736
58.60020671232658,30.530661589534844,76.11803470604329,20.825037084218096,7.717076098425867
53.19067401927799,69.46317739998437,20.889806391378343,58.423414597432696,6.868416039203176
84.24616290878367,43.05352816812616,58.729850476993605,40.81692999501263,8.640413500798783
36.50175554669477,-66.1337975439872,16.031414027259586,57.490867732808695,8.672442706246189
9.758436138556021,-95.4682872028484,97.61960823312805,6.001520839907144,8.527127706529521
69.76190355703329,-59.10325343681892,39.915779151869685,65.30662357715917,8.501605139095261
34.165486511392686,87.44612589735289,40.950541573046536,37.21837585215201,6.615160122375112
26.343155523755357,91.44762730490706,76.4815011337785,77.74592428487207,7.396066312787624
-7.352864407064075,-83.90529450556895,89.94959000916222,99.4773454853028,7.146598634735575
60.4336148615578,56.61318366676039,21.58898694948587,91.50091084340878,6.993653987852908
19.37637148282822,33.33079930738239,15.58171497151308,37.01338524668566,2.892058523701067
98.8139938282747,15.139414382470619,-18.830056173936995,26.874508143460645,8.62252352454048
-10.061767991405528,69.4735647261013,94.82673963634718,-7.1444110957816775,4.6024791437506885
42.27069145051763,65.97051323187453,38.709236094325334,40.91211188610646,7.473832521745896
57.41310187923753,95.83746893368675,86.80830563591638,79.16405089039603,9.304991834449556
36.65037676101841,56.02711166922455,92.05074196561205,21.432769237084955,6.1493602879029226
23.014909004129777,12.314999950834277,93.91025882630932,59.34174952648583,7.440667478303787
34.054267685479545,26.354420755736513,42.94645297236991,57.74301865645991,5.574675443570222
40.207488462385555,-48.57822634112464,40.61327009751178,35.665878784369504,7.1840836361980225
17.43868161122392,-7.840269421063049,69.72256907963994,12.720428549001213,6.701425846568608
17.43423681848813,-21.640512831491165,35.061634864632595,51.08280294114214,4.701584925243726
28.278046904859064,-84.69760736326793,39.18171471982191,31.602347586824965,6.01608383657512
88.05458239294367,57.276325736947,39.76454018313581,77.26635919041647,7.285523803839109
58.19057580492627,19.679485784534975,-28.481738329090938,69.90813307457026,5.9912137418002445
63.289107374950845,-49.37290615645919,-6.362991859921809,66.58671691834851,4.488470230998978
32.917603035542584,73.85063776955909,48.92300170715657,17.535681062324542,5.311974536879612
24.723531647182767,9.965346816617071,55.89597857703956,10.519387977973082,4.720302823861525
39.69195488130782,24.075424950849666,67.24638073315873,61.69370921473613,7.345973792612497
57.226828188799445,77.61781287002898,38.720523372104864,34.09763240850182,3.9650880522809224
22.433276036588843,-22.005846565187717,91.5163824723481,80.4378338383197,9.413054698569978
0.8263186174771349,57.23174170539448,73.99427969585193,-8.195785876106266,4.166751444305769
15.418837236616067,-13.554197987511998,66.53238620993326,75.08559434934124,7.143934795503798
72.9687496809183,28.705906126300093,31.23128598328642,66.257093153668,5.3563771544152985
9.97814847499502,66.24089002442159,16.893685018080056,17.03186649105686,5.2666587992818545
96.56787950223614,-23.950964753780916,-4.433572434459883,45.00007657220465,6.266431987323243
34.656371432201865,84.07829163480937,53.69098833054039,87.93597604539278,7.329509998204973
71.22370205492341,53.46213084503657,-5.572124128788701,86.5070536639576,4.851856446496669
69.81818542923244,63.03362723295864,74.56967993507988,30.18963958609128,5.388740262895372
33.308770223016495,30.576569118531523,75.26131442159794,52.535769313984304,9.03973146973986
47.535835298244564,78.59430752725044,-7.18185631152339,71.40639653604805,4.941116622387586
17.933318141421477,76.02336894294892,32.274938385584974,8.89241460639149,2.8188959102082958
34.5170374061137,-11.103115635453715,74.20325983455126,26.219972004089044,6.014076527530536
31.555545169163366,89.65820967503353,40.39070299747834,88.12705859466124,6.4695862928976915
62.571219609450694,97.02755388993205,37.456033779254994,79.17338484249333,9.057638794469566
13.921527220160115,41.85141659326072,88.94856915520447,-52.85024937070388,4.530743854759079
-13.163645063669719,-25.368548798192307,55.270438988958205,27.194398254875836,4.143453986898189
73.49134192160452,88.83410377588879,41.44349596894057,65.39129949718989,9.601852434060548
13.636449685058958,14.960805780750356,72.08995530957708,6.813952695374681,5.324500290949332
29.551121610759253,90.25234705646236,52.98486370285414,22.40509270201369,7.34480587257006
5.557935813521738,60.735478182381485,34.76538291414363,95.11369611306529,6.122362515289581
10.834681755544949,-9.927803997257087,86.48789233728351,14.663792602376077,9.793620233662178
78.36715222606551,-54.607518537124626,97.62274316296771,73.41664089163416,7.70330451897102
-7.635065687530997,20.57885233797036,64.34278967562099,70.09145304685595,6.180835499062859
23.361080805574083,46.71660445418664,37.72504560932278,-3.0141272003278203,4.779774480188767
13.094162490425205,90.08659301259057,41.75830150107774,5.12429999249324,8.71217146329223
32.52818336465901,92.12840356699641,22.58198947346839,73.44723098888429,6.228096324500483
93.34953645626848,-41.16799002938199,47.33581955505298,57.363788762582146,9.684809396637895
41.103835304609156,-67.15658286792888,47.46384861250269,51.40639901689667,7.503802669750993
38.68848904879665,78.15054889933486,94.64347113297508,78.55125832019453,8.774780599149505
41.825336145936205,-10.814728864077182,94.36907140631772,30.78486344854622,8.14503485828929
18.749616946192162,36.000159330147824,62.54516747218884,-14.033331382504926,9.322518913124629
14.53863147031484,41.22269679252214,35.526679052918425,0.0477465446644203,8.112973136675626
40.30817184821209,19.20775348545658,59.95369965835117,84.16812397930732,7.933326448486429
91.12049798885832,0.37294192466568354,57.13884097474659,52.86176766256762,8.02545260723743
18.940296235892752,-86.39599176441278,93.54904855154341,40.246033543501234,6.58625191767572
41.75980609740013,7.523184695295626,16.856452926325204,75.49167783073048,5.792684154636447
-2.7188236091845024,-14.62286725179387,79.519287942203,53.29287966353441,8.242373094016942
21.321842103798076,-11.812368255549998,72.6625784357509,53.33820651168608,6.405107482962217
47.10131853567046,69.26670010882356,73.57781154693603,56.84735630275094,4.513409018636683
8.175357637572972,-11.04077481479267,34.2776222232038,69.63152870523902,6.890681705395958
17.929308518931457,25.842643064082978,19.983125436489285,56.57059277029852,5.172008553696221
17.78874001790839,85.28229230494213,45.5477296355935,57.67418046237579,6.911345837447453
39.24172572500652,25.924317163205913,59.81323609337028,9.44878490174527,5.133370402033163
24.51480906290326,-61.24992269031087,0.22524882037810556,32.84007097355244,4.183096161669759
74.7671987133321,90.81299057171759,45.50888407072392,78.56675628886168,6.283063796683825
33.98773929922592,42.73802673261297,26.986072637104257,-5.305371660926397,6.011001128761944
67.93556225175149,-25.15382816951997,96.22223765328275,68.48551572436708,8.495089100136546
33.8431419326177,-13.02548656254249,14.206365692752225,34.841275783752344,7.6388736765098795
57.3093337558623,-32.79445062092553,-7.590156620892003,63.37161834139849,6.16841245608131
88.53165747483408,-15.205089269251346,-19.459393191932733,4.976793058883885,4.289311470443108
68.23479454845793,-32.58499388500083,40.88916860997,96.40819376036623,2.044999110760882
57.40778165035469,81.94528696841033,56.88772937502833,34.259381235296956,4.746193083707892
84.24952178178611,92.78054495204051,27.63036444013568,73.24190754406808,9.669087009159156
20.46553007129124,25.94512880365501,81.52440830937766,9.53884131559927,6.815053368641454
72.95735866541929,-2.319528039653161,8.589179203363704,23.812016120687474,3.910176639405692
11.794296675180576,30.768653632464606,91.13431712209274,21.89599210042539,5.860055889564633
45.64464230212505,7.385247321000648,53.334119723667214,51.56647192910407,7.16012273917293
9.606084136348244,51.75886777632731,74.82643030222022,-7.49741527643755,4.479750843229631
