36.5656387343775,219.3121260228293
0.8099944821078608,420.26382602173453
25.320098985662725,1801.694827466486
125.86774932083867,1592.8075946904369
24.145574134082565,406.54669593790925
35.50112047344223,356.43831275668185
25.845591030139012,413.2936837574145
10.029697184450526,606.9739358768433
24.39186962334452,44.031729751145036
19.471168865566593,360.9855403754695
35.559701295917975,318.584123695175
141.5933970926562,642.6155988895739
22.998770356144163,1887.2622167664372
109.94328047739393,1468.4180761694581
19.58775618587353,449.5925713345955
135.18465687822098,1751.164585165338
7.439088544966893,32.29313723966351
48.982199303572315,1797.1969621173419
10.793544259968375,459.5107994474506
145.00593637924112,1870.2842899032487
-72.33092960132235,1556.2568283279397
157.74415103797062,920.9281136387372
2.1865845219472533,1650.2130089391023
25.924173915571565,125.73573000789372
16.220381534010798,404.3870181369727
15.111294288631054,615.9567774222685
57.73412137563257,84.30385951237201
-19.159357988142204,639.3583988711332
93.55110988480146,603.9573345914856
44.231894822618976,222.64413745309884
1.577391169366308,362.36346815272856
2.6696217283273995,697.1204616542125
6.0755713960766045,80.28823098041812
26.416265324687707,96.24928697437517
5.560424070091948,272.2956520651788
1.8760298245376248,402.3367336296457
-35.795343200548956,1210.2033816491637
138.7033138414647,228.6217836732418
25.022428131983204,409.1585829823533
44.356458248857734,181.82012889067272
94.82862922628439,1111.0910628677136
51.87235060526491,1530.3359008371579
18.506123135235924,64.03846976761946
126.78263864719679,373.0447746075928
-27.754981358641427,427.4387817153478
43.93137807936645,150.66318861935503
172.2972286795216,748.0391047709767
9.4263019736984,430.1073205648381
30.96411764720788,157.04900942670997
9.710061618211501,1060.8011941602979
34.33469826928294,96.24442091475512
26.382512414547847,150.608090017777
18.381209999238905,353.33395953424747
22.763349715528488,487.0605094994577
52.330165575291716,981.1690824951652
4.636176655640323,443.48665753559476
185.12141682909817,1577.1827466676805
47.16367722351376,1183.077231567104
10.51681085054517,320.40584774173374
40.0209566017687,1224.4936620459357
-2.5218235279596115,73.54526212162966
-57.53089914097578,795.4322261466077
28.140890482824517,303.023831957892
-73.2665341439694,1371.3266208598452
106.4916984784484,1494.3622243696109
21.677291300904706,154.53474473425717
1.1873898333128352,682.240936759935
-39.956386364625075,626.5182333572737
40.90232347778091,162.73481192805897
134.79166158315607,897.1938313242583
24.38174000506902,444.947302070143
170.77506635182704,334.7615047956399
5.257469171484956,499.341183745781
9.495320240616337,465.73010228673684
145.94224091935868,1203.8263238410716
20.77254598355558,123.63698238641513
28.443734588578423,450.4701200666409
5.135877540488201,1547.644238662721
5.108016368718239,56.05784205757209
42.67254686116112,220.56365000488609
13.746312854909434,551.81192883197
163.33194000788285,1624.6989926781146
8.79819401103429,179.84568996288658
140.58809293006624,805.011981787697
116.72247762899502,1130.8468476986002
49.60974210214391,159.53757282579681
2.395496669382169,168.91015937803422
4.017528904637196,111.03178865307547
-31.726827390281414,1070.347812873968
15.425625521184791,114.47929458629444
-51.68381904814262,1220.1469933594585
42.70629140483474,1040.459632529164
37.44605371614267,1176.509321908442
17.656115076919406,506.3132396421953
23.298702390663095,234.87637235264924
31.29427790772445,357.1567391769776
5.220051218203736,1448.4916105582224
89.86727801543766,385.4060386583683
3.660577789888684,241.79745774157254
14.900927085448757,99.62522214843031
-105.38083550761115,1719.6035931952958
3.4705151603457693,523.1323521701468
29.924030005826165,149.7044654903038
15.330032420685768,61.699083450660225
22.21154422326464,377.08916312923145
160.89225343898994,954.9916557148956
31.72541226522265,145.2999100695465
17.690999413275378,503.9489807543632
26.106716440092093,435.3322525575384
7.8347111094019795,505.8444968256206
14.093830491134355,116.4029667167589
108.47824203011083,292.2091100346874
30.32633376798904,411.5637169133688
137.43338319422284,681.1270126178484
-94.76070796930958,1752.9820412096312
2.747100540036314,353.88663856316185
179.7256982224913,1675.6506044508374
29.402640187874987,420.1297249192932
97.88745797710416,1223.877926505068
152.10691013446427,1852.730405397437
46.80275443730227,1765.474705857921
114.06709380628763,347.4455859338741
-21.937795127036367,462.5628987302123
11.397254208388603,586.6069973396021
136.2426758682841,1013.7864110368209
-45.81973458537939,814.8779370825964
8.047113199464711,525.3292528413543
44.29410270432879,350.50525761783496
76.40600370305634,643.8095345869292
-61.0122968524401,1247.3983763708325
94.3474729296996,1325.0792250903426
13.551913859453435,249.8854524104798
57.44435749976243,139.4015231866948
31.939384592699525,225.08867921296337
4.476151575849201,680.4027140250017
51.122713862562996,967.7129471654944
120.28770031205207,804.1660335292603
25.781789303357186,126.30639117475548
142.53173066087908,1501.8239468499546
40.43190507529356,1011.4786306604167
51.643683995510656,196.15033802978934
75.3608921524895,829.1343061305109
32.04946744700743,250.90301600850938
15.453929455569138,196.87394172518694
29.235273902635505,315.4668056147645
115.84341181174386,404.48007633787745
46.61063211940527,186.91355984129115
23.530907731593004,460.96705718472674
70.82879478833752,1070.2871786056135
14.854488815156902,508.51925930170444
9.556238327200504,68.84055219089831
23.87564767444141,60.771600533277734
61.45845170587596,1297.7484750610638
26.57128439759856,345.8788881157959
12.195075480536332,237.13387219839876
28.127341247243578,163.8785105463616
10.142631578227679,53.04531286550565
19.51099796123919,515.3755249232507
27.25013068358726,80.04445079952342
9.08378713645024,312.2175307368227
21.86743123941737,130.45996513951806
56.787705936098064,143.04597149833955
14.249768209342369,267.1571857632914
5.839785323517873,401.1692196007374
94.31497522647817,1577.0560380217426
124.0518020981487,1068.1427379946747
143.3227026852078,664.8443837035512
14.061466922566552,556.2549460937609
24.304713605391278,170.58788126965686
3.5086780205114962,742.9614843403931
43.76764404775632,519.3633312185992
20.43206003627388,366.3162672304347
37.39353700939233,338.57031790304217
118.90757390836733,788.2327548245507
4.578674777516824,97.00259643947925
58.31399288775896,1582.485932242305
9.742814842874395,1176.7336810186878
2.0198135021561825,403.9676508549121
14.730677558743054,320.90028936779186
148.56762386271515,1900.3670692579067
-55.85861003801406,1122.024984244471
10.53023405774988,252.89883869649816
196.69043740614376,1662.5914300594031
44.00798522483767,249.39860467298604
149.0629870656287,1595.711508162416
18.655630499285877,75.6423118370457
178.09281542015754,801.1184326142824
26.86399675706089,97.01187131575824
103.40752697706438,1608.6824708182787
50.308158034909724,182.97085622827072
71.54010823005632,402.46417679090837
19.60590150897619,73.62011157088347
1.9394358524221502,693.3250095549089
90.6638381146912,1460.1965830874012
19.164146293509134,1966.4333037778097
11.981044253858915,348.5936686510349
78.30282177327918,757.698583409087
170.11021379005544,696.7369455571143
170.37585524716917,1709.390823679939
16.00517201692304,562.3130100133487
