20.789087355101366,0.6359572271896334
42.31879139693635,0.9795665558713011
20.888012038731603,0.839514435418295
-68.21879782422498,7.429084230547992
-12.148737614336824,0.7243186622650697
33.14493409848714,0.8935331860838147
5.072510178270662,0.9165557590649858
-4.8347373652329395,1.0243744921722895
-5.6021883748369135,1.6081035938308608
-56.62397008174964,9.577816760225282
-31.023542901002656,0.3850132498111041
-11.17931741701112,0.5065037701770332
-1.2380601961014328,1.8185480198896284
9.927142220606669,0.5799156778906376
-70.6641747281294,7.3925191817662075
-2.3892336685738256,1.5174119430773179
-1.403367176588148,1.7294634027211302
10.419064964615131,0.5774357314263838
39.346804317028514,0.7693068891103312
-91.78771531582402,7.799663628771255
-0.8415682659564023,0.7726824637438372
38.94185868899697,2.978125390673098
-16.774467127942955,0.47472174433378633
-88.02951375986572,8.04914015337132
70.51367935787138,1.0311700484445288
-0.001280144045608722,1.7209634189366956
95.26873937687257,3.6485090261935316
-86.73223486581406,6.654436872928379
-6.105558384111717,3.8085158833823063
-50.56705066235953,0.5005598235896365
-13.390991492514814,0.6619095018234198
-4.553399809425713,7.2875108158838735
-1.899260526749785,5.947190419863581
13.828348649980953,0.7051956931560923
-17.444338994713746,3.874552351196222
16.120473536976746,0.5312903534272131
3.477747367320063,1.0590429465535802
-3.4930503786318923,0.8929889070323274
94.38909981755714,5.727380062937948
14.977187171127113,1.0159829804354032
-51.68668984167357,4.839745629464666
-13.66030359928341,3.862320755962295
7.055529831432846,0.5825193453881079
22.41547759004855,0.6960631317835677
13.45887089422942,0.925747719106953
-15.281743218344502,0.5445102489593547
15.187623523404568,0.9066217011809012
17.413591342083997,1.0605463108593067
-2.6898623244996003,1.7638555032288608
54.6083366599502,2.0254238407731773
-1.1684347561736246,0.6912448929751012
-0.6291177217473205,1.4155090004102622
69.52806453484507,2.2303503536217977
20.889034201529647,0.8698322569896038
-10.427387413919035,0.7855788950196674
-3.0674944186118127,1.2609462911092268
74.99630728289401,1.0136244072398046
5.76605168059163,0.5884371586917148
-21.834240862188338,2.5483527006032567
-6.4737458432193336,0.4770419092715912
-2.435767654145028,1.00850877392193
-10.27139069530179,0.5942978519554563
-8.080719486590509,9.055492917294583
-1.1856476671166831,0.7602115476463478
-31.769368237612696,0.37738871387529027
-29.794970508053005,0.47265139100560205
-9.348214646573012,1.016687231183452
-51.26130004134037,8.262003319190413
-18.199635235059546,0.37241829101438206
11.394385189191873,0.6742336840714227
-13.054058468872356,0.7276153330514958
20.62134048641975,0.6664910563922714
-66.22662618143114,0.9727871200793601
-7.591096646671531,6.977042950540234
-2.6891942921037284,0.5811658151124153
39.19549461772837,0.7525040412062047
36.206615078634144,0.7618621907783911
-14.242267724242222,0.7378612218357414
-7.207835299539724,0.5891013006883892
-0.4986650973713518,0.9713653948810705
35.55640607264192,1.0631668342428835
-0.6232915963348518,1.4949154690372761
-7.266825849401011,1.083648071711952
-31.359430729760135,2.841634849217849
-17.89205925354697,0.4473134701865409
13.043859160052278,0.582401557182983
33.74382475769789,0.9160742698811881
-14.235206321471338,0.425352111917769
-16.78896228910274,0.5484665032518149
16.868880039675858,0.9936031666812304
-34.67330880192792,5.0893473712668715
-3.7833758200304857,0.6928516167325274
18.622914290060322,0.891584739535523
-1.6642256532423403,0.3193025819409243
-78.25830519416421,6.474508970910025
-7.910775909672395,0.48074483002378265
-1.6052305001494638,1.2058820646462802
9.48775970602946,1.5441501459112275
-2.0510655740999226,1.4596621273646306
6.723945927495851,0.5532566123511555
-47.23523468065265,8.043220446481943
-90.89083050983078,8.302523489087974
24.040047112578403,1.0203032220180344
-82.36251491542978,9.079997351089563
-4.243575751940835,1.0619663246106743
7.752280352373084,0.5473759659970554
-32.018616062979476,0.8316039275918516
51.79854661739957,0.8795728693649814
30.949829456931482,0.6978907737993353
-28.073268176773112,5.478009196160151
11.13669900819102,0.7577768878595332
43.94872543299368,0.6831750965751695
-5.468732200165988,0.5172233174230128
-5.095423300970879,0.5828693201209294
43.81867990988467,0.9266229160413229
-27.050305478733577,0.9675802254719876
-0.6654500520678113,0.3222932676997843
-2.201224180825392,0.5593870175652569
-28.071883862846377,0.5829816763978641
15.635880451907298,0.5264894289246715
94.13647140806096,4.45369576078091
21.26769508820724,0.6275455529110805
-13.396012833884058,0.5032000539757786
-6.213775570648281,0.9030505836764728
70.21764743859667,1.8956510165600728
13.468719136559212,1.0601377522338478
47.43766927155286,0.7161364658578626
-43.411845020005984,0.5387863100559525
-1.0907862659781529,0.5702203392826206
44.36405120502347,0.7173552208448433
-14.51253512265491,0.406049516901263
12.360628043755085,0.7576972385159308
-71.93467812657576,7.258398912704742
-2.867673112840592,0.3044538642824861
-2.37982044926774,1.3323935956153645
50.68140701464122,0.8238673094526163
64.33407937306632,1.029609655185963
-19.369632943088803,0.49008705241062955
48.76714909439508,1.0625231033401263
17.77375290980366,0.7024821096101457
20.009841827696704,1.0733163013534068
-28.20461771226591,3.920223444197757
32.54954371955091,0.7280648610714167
-2.175008969398526,1.8109635256850183
11.085358313569024,0.8035609476953052
-1.9769230821683053,1.0625202829568199
-91.18118876952533,7.858803973729476
23.417032777283943,0.8414424573407864
6.819314853831068,0.6767331025007355
-8.17563242737603,0.5706789395223879
14.655796462287661,1.0123822635726882
18.554369869344754,1.0583586028503404
-77.23736586524319,4.85701510911778
9.923445198355168,0.6256776693252775
2.062828441608218,1.0387129852866561
9.901392034204122,0.8103418494748595
-27.240712670840594,0.5360378997121558
-23.385554421174206,0.448195950263349
45.483368988521185,0.7042955031404734
1.6873391274408789,1.1088770002029342
-64.06844130707779,8.784791125163533
-41.889356013306525,5.1881084648948885
-2.2657229504119414,1.9248740414396366
-4.05180819919083,0.438973904502463
25.387515167468898,0.8233957977143636
81.90490788854348,5.057547186583748
-1.7684677382825527,0.8733826691445046
-4.665906992640146,1.583387657424682
55.315651135936704,0.7405375250450388
-3.1054012869572176,1.670011285984927
-79.4548672296298,4.916173868375069
-5.267870808131164,1.452854493095415
81.43934230700575,4.332310793967899
-6.505436835539015,0.6551238558252854
59.56025325250974,0.9352409549067957
-38.62356641415795,0.582569233377662
-47.895249467917054,0.4856259220073764
7.912107924895352,1.0742749395514335
19.203192240232255,0.661168028107987
-78.89420944190087,6.29286488121808
12.137351210373765,0.9318011296724649
-1.3044774181938976,0.4169059893571925
34.5240509303275,0.8392449101042097
98.97072427766244,5.739054467891741
-1.8935069366881905,0.9060543916981909
2.224337302846962,0.5980595355350236
14.102316857925072,0.8491431179860633
-3.5994067340280296,1.1211322738344243
28.99503251986173,0.8817754842443009
-2.1463709612737425,0.6848055560103194
-8.695941398215169,0.5559753475657487
1.9397750112597265,1.0784694911362842
-8.434603411613939,1.4735182833332205
-1.2503582778541968,0.643915748656676
69.32526054534682,1.0327686173844621
36.19661391697156,0.7079870954306919
-84.99787105201173,6.560621810765326
1.7436230206610617,0.5739366427092598
48.27302680847248,0.9376287447999978
-19.46540524937771,8.068834421887125
-8.963282093888566,0.5158151073646192
-37.855309304528404,0.625100509151931
-3.256304717672201,0.6185344547200806
12.50392987012107,0.6616351726561915
8.492731436030311,0.5702203996007924
-14.957002953693088,0.3910903075525667
-81.38349547899172,5.80345839658454
6.712332125206331,0.6425319377088048
-4.8678615607210745,0.8949489760609675
-2.135834589299094,0.5752113187684831
38.993021136843325,0.9690201409631936
4.590621532740116,0.5793218064663819
55.730920801953786,0.9634210432200891
-96.62114648158571,8.908814269890918
7.654107488741872,0.5098508882866111
-91.2179397399935,6.149162301674782
12.226904840684746,0.5580314973231673
27.196667838737923,0.743248476927671
17.400436389451855,1.0252013586643844
22.526295662231064,0.741640323342454
-28.247801143313552,4.710640971136158
-6.6592524151016335,1.25394872901437
-34.98504669727588,9.134014272928933
25.259695359662633,0.5963826550257227
69.89267240383566,3.859721386594442
-77.30993264372759,8.77014641985679
-3.974464387824245,0.9315469589043333
15.361608057549631,0.7591489342674067
4.729367202721491,0.7548027863557127
48.39624041381927,0.8619812569096599
-0.403438078731881,0.977733063184214
-11.339623978220345,0.4579944460100851
3.6625033912406337,1.0727518206532785
-4.310140836862599,1.4600244598110592
12.90503883555185,0.5964054944591695
38.94597746002095,0.8392364853143164
-30.887489973358313,2.737434137038701
-18.023591879651462,7.69993916615876
-6.462435252534732,0.8322005652422586
-2.3834361784805083,0.6268330525633399
-95.70791023398328,9.297780984299761
30.08269832241988,0.5945778983777505
-17.807231724023623,4.284599802438951
20.53173471019391,0.5594790086193555
-10.331969053752374,0.7384379467845559
-26.848698384037988,0.5841293648820773
15.44564584116524,0.7496538845943131
-20.33155731376028,0.6101868069676017
62.60214408654903,2.835012687356908
-34.689132754552176,0.5191417810884618
-2.8150583677637684,0.5246446327706025
5.815850120981253,0.8915058019223299
61.56145410616054,0.9347193474251192
-3.7045365230369356,1.6837467770510068
5.0813787498934175,0.8340045051453479
-2.126874604355761,1.7436085240502281
-10.741148546810294,1.1457211752381582
-7.217033328509487,0.55663854700569
-7.922024657821041,0.41131540561865876
-5.803237189012165,2.2920075827491786
-14.295509356865296,0.854597058648198
-37.32262473932401,0.44508954690155633
-5.974158388091887,0.3933582903105073
33.45703659845358,0.8919926788223047
36.07102403796907,0.8429922165562669
-0.5873211669565421,1.1245791340224756
-4.673479075506151,1.0125179146321086
-8.852407329522972,0.5407329338626372
17.64497327083393,0.9147082819518744
-23.51935215994658,0.40571281668433734
47.499884462203426,0.8917822808799887
-22.89276713917522,0.3990335688679725
-0.72863421777258,1.2173919951537187
-27.39732959724853,0.47929609481073676
63.54914158321478,1.1086822954387767
60.60495977354104,3.3422463261940276
15.934878676130083,0.5702699606719239
-5.707551660333905,1.5283690028566141
-44.67603146516555,0.5053595293413906
-18.688482193157313,3.2701984471249617
-4.878007164442435,1.2008417567083303
-32.75049083413954,0.5138562018947184
-23.880548030795687,3.285399406455351
-19.897470051934018,0.5838739079558568
5.962121399841461,0.48038835177501227
25.39841064872638,0.7159171644038036
58.88971367823145,0.9826273014925779
-37.64573664386718,0.3778810330306257
91.40102598856677,1.4949992318832912
-13.238154070344343,0.7781269176412646
60.049525301650654,0.9360291126717876
-6.751784172197176,0.7301433326178177
-0.7814716945527636,1.0752184308375377
33.34982620034043,0.9293688389997827
-17.659177899852466,0.37821962336613524
-57.70147133365226,3.9578594823145403
-13.058879678329589,0.5200697771226288
39.500903254394785,0.8943424564429918
79.37321506512599,4.731823035825543
14.321077379145095,0.7317643767996298
76.64771557212306,1.1027012317208884
-11.574784392008581,0.635461518932054
56.21066511342127,1.0230719025156088
4.607681038688966,1.1101588360150263
53.648892686154824,1.00478649171189
10.667115898092813,0.8785213763796307
89.94377509462154,3.2028613209413876
-2.3372983682481987,1.0682711186622527
-33.3493905422642,6.0596753860175205
-44.74301963630892,8.674222379852345
13.319005715530466,0.7739000399051328
-24.17436256626111,0.47359729094282876
-3.344113021243217,0.42358179646081506
38.609008302719914,0.8928967471117137
1.6885791351535318,1.054795261400205
66.51860098169658,1.0027484685477344
-13.824313006995425,0.5499072542948547
-28.838325139112158,0.45067682254615704
60.952285703776006,0.9671688411015595
23.091905076406306,0.857650294639221
-6.725738798111706,1.0987801596364957
26.297897931029063,0.9644877893230253
-80.33751865495377,5.253270511793804
12.280019093010011,0.6614993979694255
-4.036208959576527,1.2878696742377214
-25.442219286533145,0.46721302119516395
24.404366878503367,0.6531469178771214
-5.197112724299714,0.29399784386718464
-17.098319975969957,0.7206656930259481
-0.244551128915802,1.312300853886835
-18.51031208050827,0.6038591403653601
3.1311974631839092,1.0923206102924183
-13.112520108844024,0.6005048572278682
68.85884498389271,1.0360396063942652
-18.156554933384314,0.4420210152618642
-47.21640746633295,0.47752303781792493
51.03421429913213,0.9726708666642025
3.6889504126428276,0.5766476497939195
-12.29347931033793,0.5555958395204499
80.15230843770897,2.0196671801765156
-2.3633969006410496,1.2088876038886625
-8.614028269920396,1.015011368959545
10.033822607678069,0.8449068904558592
-41.14665334054028,0.504829977239508
-5.532795048309357,1.5106675416690731
-82.86559813583159,8.867056728244588
-5.849583822835669,1.2517384279993156
-57.11706296132157,7.115171505583216
3.94049534298928,0.5600788811137285
15.919956168726888,1.028079639392578
-69.59856755682776,7.292799298473032
69.9230701124619,1.1039909834009403
14.442983152648978,0.8672328364995074
-5.948309553595848,0.97050795920069
36.81939186034151,2.3359226169458047
27.750379874728566,0.5996016693718023
-19.47919743054537,1.9864818015312142
-1.9275988482062871,4.132698816584131
24.306931273817717,1.054141758310129
21.477439975150155,1.0615692269928674
56.03422985179067,0.8965710740420338
-18.072852873594684,0.6278345206532521
20.201673679245815,0.8798718589799766
1.5427950254679388,1.1335541313568176
-23.594610856285314,0.5140821609767521
-17.090373747316534,9.709054772984816
-17.85956576596459,0.6116518754921483
-1.7977298353648479,0.973051757536675
-23.421614267974,3.748915068558005
-23.057082585645432,0.48669588494293237
-9.276233930644114,1.1148621298677446
-4.293090740099814,1.035930402464727
-91.74775574024805,4.972625380228272
14.73018645502723,0.7994763431741134
26.7621177935218,0.7749367765366811
28.270249342718813,1.0206817895852325
-17.34270680283251,0.5761949542771398
-0.3120185138342464,2.0394052726322442
-2.626748632150309,1.4687654784500026
53.225034371988755,0.7134899931925034
85.31486332789885,2.4764698964534193
-9.361479239673471,9.032811454851085
-98.6821919358314,7.550655886517802
-1.5207025540862418,1.7969022276181619
-87.03655524109773,7.055536148124997
31.46965585370768,0.7523942218499915
2.2994862960927556,0.9047729561883386
-74.65570523252549,9.19500573749189
-81.00031374522229,9.26900366280366
67.46544091581816,0.9829044428802862
-7.7597622305357845,0.7238210378981691
-30.938713824599873,0.5102416822528966
35.26468717392399,0.7112305536998029
-11.67077905277405,0.4496015374830904
-1.6090171676008538,4.813541836169044
-36.042847470437806,0.7902429796922832
3.9572632053137298,0.5484905562896056
43.22620007104783,0.8696642799226275
-4.724193073061016,0.6556067640455723
83.01638417802587,1.3736894188102369
-2.8310372179095324,1.0271673072656817
64.23655902316563,0.982622511359267
-85.19585502161809,8.68548612187683
84.46376439708067,3.0732336137758534
18.127729131990876,0.711824013341162
-38.579077001223624,0.5418242491492995
-0.8867807004043371,1.0946387051494835
-70.52730715351849,0.5466400308827657
93.8319930932908,3.1768380537744534
-8.761211181137064,0.6456187821847719
-9.044157147833932,0.42414913736280724
-36.85302985844185,4.663809369285586
2.173405329430807,0.8418417262654181
65.79891507475449,1.0207769989747018
2.9190516046436628,1.0061702080685824
-5.421106017440481,0.4727809908891727
-26.39699689973702,0.5272690798587867
-74.42532911490663,6.153769347226497
23.3758986887958,1.007838056237226
23.101823217864776,0.5887677135961082
-9.393752489615238,1.4508240390579488
44.01701127605867,0.9721857813151118
30.486692246933615,0.6998670252049983
-74.44615264025228,6.77304334847469
-5.0576014814684385,1.1637855432350008
-7.697413975673342,0.770602624496167
-41.94263843991944,5.441128116494557
-6.214132245156549,1.3104958998435858
-2.827583019748621,1.368152610615148
60.155552520872206,2.0066207983792355
-13.672315547538984,0.4343852257442428
-26.8830035477052,0.42947316689041504
-8.344268333798496,1.0762168628881668
40.485254770783015,1.0643884943728685
-86.96627137452305,9.747192465011292
-24.600166451861682,6.695276259307312
31.814900147758976,0.8251550951245168
-46.672028631201684,0.44621480372788014
92.09231810399064,5.226478412139768
21.822171032789427,0.8915741010406251
11.51638517318883,0.7431053501912928
-4.870793136786375,1.0357322465769485
-0.009017660116594328,1.3990094227005208
-2.6646194157204235,0.7623869253730131
-25.994737959437565,0.43857986466047183
-46.67668316354995,5.385421464318867
-0.6004205372684339,0.7499037164842228
-57.4166929748773,3.8706393749287145
-18.788079242075028,3.9710276845983663
-37.6027499198115,8.208251715848771
-2.2764855773855572,1.8834366912520015
-13.523169962113812,0.31440803761144354
-53.83433108975018,0.5387882733718001
-33.18115326137634,0.5254442559939441
-4.589233789164609,1.1028890658290358
-48.30846445118716,0.49967326462529904
-2.311750203823621,1.3688336240935195
9.61745325304538,0.8270064040683955
9.639744619755561,0.7952866336731734
-0.22983242521386416,0.7330704941075947
-1.88046815251582,0.430567736020798
6.724432754808724,1.0474419065601381
-4.417315555043956,0.7682555761514247
1.3857218864428376,1.0899695219027024
16.739043507520698,0.7458739079079644
-21.4192911218378,9.19811897436685
63.974284212088605,1.6741024201784054
22.043345749611294,0.6251289118789707
-27.853439520131268,0.5868604930766281
-47.173278634985124,6.236765443505884
0.04969943808896815,0.6703139370389257
-24.750989180641113,0.5973319361242275
-3.9297024968404344,1.246058688233114
33.569161998633106,0.6428179771238813
18.286919421915528,0.6943398525846147
33.31389363117779,0.7089748263012705
-35.431738928017054,0.515396322350476
35.07728307940318,1.0033139180581718
22.308828970854712,0.5701301944960817
-0.7067068519537258,0.8904000270603034
-8.11195804044685,1.035942701853278
-24.853149066203695,0.5790977790833787
-6.067885886386849,0.9239050194935958
8.719331278722663,0.84871135158388
-23.140801781454876,0.5970959218968646
-12.005792331051559,0.8115989410748501
1.8054481295779965,0.9839747719840464
-0.8541052700473841,0.30015603802624113
6.968779151186304,0.8172336897101156
-47.245675167352985,0.461912157169472
15.504163453939086,1.0797614310618417
-3.5487509715853944,0.8659718909089749
54.97142603459159,1.0005205734472824
-12.209353694050094,0.4136620800320632
-7.075011064657142,1.2675951658025078
-16.752418109680697,0.3675068488224138
87.55518012296677,1.436177413328179
-80.73348363940033,5.973144964087707
-64.6168094184938,0.9698751732549713
16.360617134094525,0.5234113771657576
18.977933290677832,0.867431429172977
-18.80441283083148,0.5947797211454151
-0.11245922471881187,2.1977690137371995
42.71704364765412,1.0046660326943684
-15.73793909126185,0.4171156341226361
-5.197853927801873,1.4898601652371894
-14.297969952762411,0.5664589437824595
-82.22724024394225,5.7603004816816465
42.812434611646495,1.074546315519969
18.07435762962821,0.9227136752100691
-99.23710809852759,6.295781479275789
-13.653990635871452,0.5483760813015657
-6.452922363359679,1.1625752107005876
-20.902418431718246,9.900307876051095
26.489284128439778,0.922633104715139
-35.38300664665553,4.829640448662401
-6.807152956452654,0.7736561650044056
-20.839000241590966,0.5229887510710398
-14.12366475208357,0.8160923534466793
-7.775313883484969,0.7248051133987721
-3.8797760292550265,0.7097634995425324
-38.619236454962014,5.260086137851864
-43.62839889325124,5.060775521144729
11.308452932606848,0.6016757664886381
-15.572481307791156,0.4358306094577742
-46.66745639371068,0.44864621302167507
-6.190111999185341,0.7071860712962089
-61.17125010843555,3.6707396047611844
0.24323984015023825,0.9599790709518672
7.432184965601763,1.012569557352911
-1.3803866633850106,2.0052331411614226
57.12697742164917,0.9410342066005892
-16.074751681504083,0.6981854982216373
81.21463212310749,1.6102689197548603
-26.995352395069105,0.47599805515796234
-2.1074451551227718,1.401860447898709
46.03327632102388,0.9775005469097584
-3.5771628137804328,0.9620434666618589
-36.65743308942265,9.501347973021929
-6.994648282009109,0.556118493269576
-68.2376589686407,6.15560272590445
-90.15023766819735,8.596689709858055
-9.203537948001514,0.41429165017546676
-26.275613019896205,0.6053748341958975
-22.716359696263247,0.5118602790048685
-13.532703256747979,1.7134536815408055
57.617256531697365,0.8867969380017442
-0.5284277681325733,1.2250336445789958
-3.4292828431886733,1.2692169457612863
-0.6379410037524025,1.1850640899313376
2.254116434926644,0.8942734798739285
-17.754118040605007,2.9391874660335002
-40.26541652478179,2.8133887479501336
-0.592303877775791,0.9359732793222229
14.966655594217059,0.6625600451550575
36.967117689385304,0.9182938111136902
-29.872859092965207,6.67074767948757
18.431822381655707,0.5373841994159534
15.901766612168572,0.5093670758890017
69.11198780956963,1.6976709088089752
33.32026018507281,1.074776567769483
-11.535775154954138,0.6313510096793653
-36.52421683497781,0.5562410143447063
-15.416925055261022,0.43051898751944373
6.476601873783821,0.7132143101012787
-28.137773169968938,0.6140275332536973
-12.331206373381235,0.5826140958599124
-7.267810857594355,0.6752903581863823
7.848640257455855,0.6566844332606312
-19.181308374431453,0.6270567796495761
-21.409652506779032,8.758878095952873
44.40536726250508,1.3405066692254608
54.870324934962525,2.993830259470082
-8.669304266840498,0.3250782596356423
75.1694037233699,1.0939948535790762
47.7906672877493,0.902778965050449
48.15662500158737,2.0168602832348848
-35.63389793035225,0.6159564894377194
-5.592745859019082,1.0464730938901852
-57.73281057560615,0.5562149100106266
19.74554073094487,0.7972219848079907
55.72112302678005,1.101239806349513
22.655820776556638,0.7182294509097247
-93.83679771778375,5.817095524664515
-59.43601628283225,5.190188255961344
-2.023427826993455,1.743953535168007
3.1837110658455003,0.6896053078374411
37.80975691741493,0.9065472818179625
-61.63129333094254,9.12600204440444
11.64263440144407,1.0651493409203923
-10.245109149665623,0.6290217721277696
36.64571778209139,0.9662904510979728
20.7829654982842,0.7494205806872092
18.855426321458225,0.9201950354910142
19.191479331715712,0.9093319250138929
-1.3342620453583152,0.7013050203407705
-1.1080592900215436,0.42789638502138416
-0.4183339381902953,2.112956008615407
2.6693543962218804,0.68710688937207
-4.459359951549981,0.5795930962467211
-6.378167179580451,1.4532573229332164
-4.166939718759707,0.42894944228917353
-12.836367866230848,0.4879418736505895
-50.41700831150491,3.5017258847467083
-75.94752685532923,9.601239299701868
-0.6805489827135425,1.6930484764802332
41.829873978063574,0.8064041946673424
76.41371064537685,2.445774058736532
-18.875256682293625,0.6431589697328075
36.2957922889354,1.3015049961181724
55.65512164391564,1.8103543165663272
22.83066830558988,0.6937874772877759
45.80826167013841,3.1360433178477107
76.28858751197087,2.080819822312394
7.956529483205912,0.6465595904471835
8.534395491088233,0.7289842815952143
-7.301420735838562,1.42349931117446
36.359691359335024,0.6187450310931912
46.669820510956555,2.4938687778586335
-15.473856507236142,0.6356291331505588
-90.0711598786153,9.921825286197189
-8.470180052568125,8.941911405177887
-9.402730017866702,0.49812094227735493
-5.357197513142388,0.6601699339843243
-17.752972401551617,0.6015103226187932
-5.9665662534331005,0.38909610305017317
8.025564456460785,0.8508771899491041
-10.071660806121379,1.3970933648571764
19.161358995643894,0.6957296685303263
-4.259486321558583,1.1173358465656644
-0.2730772539374158,2.1753610239110133
29.922013027576327,1.235568560959969
13.906137995831827,0.7133085827998471
61.014471538951085,4.313640839737278
-22.71382780527771,5.235848975603163
-69.65266845031053,6.899297239997249
66.74089491241492,0.9560180427957746
-3.548445391811555,1.789478137343302
-6.6314534820562585,7.277434275094006
-17.68783724395123,0.4141117563963679
-19.9118937578736,0.521357477369707
-48.503308084998565,9.999353075496984
22.39684762452667,1.0718823163826912
10.076766347111416,0.8656445948647615
-74.99475149219643,6.401245170159225
-4.511907718568764,1.6686002416412524
6.155225307151255,0.4995746277009374
-27.093280843171215,8.864299538170826
10.441323946699981,0.9072192211021122
-19.52406427498559,6.930222127793964
9.451047636707312,0.6030452789675991
-1.8648550082299664,1.519199709909251
60.20166526176973,0.7460691229691303
-4.32442149906467,1.6130626169564164
-65.43320721321362,6.789353579101903
-63.42364539933508,3.833836031096153
-9.011995533005681,1.0380627072792525
-10.190561423488946,0.5764006663784476
21.678123031294586,0.8651399075697968
-5.3434824735061,0.5697066276955809
17.113526555943025,0.6675933880131399
9.44342568254038,0.6578349239792782
44.43615443887918,0.7892760567543426
-2.158469645106152,1.239721932867461
0.7323798299038202,0.4853118026530101
-55.21950762960967,7.504346138850263
2.8167388534290723,0.5897122020422532
55.28539453548345,2.3087320642915525
-32.261021761731826,7.282825380301762
-4.243369532653432,1.3589502306719776
-42.89951590064018,5.708312149724595
-31.157377794027333,4.755016229423161
40.66491820617641,0.7761150518517468
-2.152015928197212,0.6445273416660977
-90.56400945841258,5.342492066489505
-43.66462999900012,0.5347677011991636
-14.837810248931362,0.5966065063197288
26.214039880097502,0.7801240096228668
17.591397780555255,0.5087194290968018
-36.28078814256026,0.5569793039269477
-50.39015010632239,3.923277371000365
17.572009476016774,1.066633235762433
-5.916202247666419,1.094442707607648
-1.4059649407239618,0.42780256104008174
-21.131672511997337,0.32139385534713405
-23.101790712714532,0.6375400168442997
30.311587153937943,0.747577041572713
-7.200360486954786,0.6712927531234545
-2.117509888605632,1.1184695777896239
-48.38929841728377,0.5247474643923038
-59.550298070199666,3.6588736830821986
-2.435926589104426,0.4607620272439039
-19.242041068759224,0.38501781458918494
-20.52186217217644,0.407067994186324
-32.49621787930766,6.843969207694716
20.57750826366079,1.36267325012086
-44.4062600280451,0.5151204823232725
31.085754227112357,0.6154214311166062
41.83181410980296,1.7290893131241525
-18.76017261319563,4.692806989374428
-75.15341445826732,4.815662005154238
-9.039404455572353,0.6591447980015697
-18.6491102307359,7.071063146543061
23.13850664431604,0.97374599726747
27.548376077266695,0.6920332199738635
-3.732591081726227,0.6811040250293496
58.73911465899306,0.8986969481147202
-1.6946116536272626,1.6910532794889441
-26.234775757024504,0.42830450563946965
20.811217637997444,0.8289040885213343
2.421676668197506,0.5717720550886991
2.0260571362183057,0.4871490831726959
-0.5759240863281079,1.3008392787134628
29.32469353049956,0.759036065753633
26.380349325922538,1.0396205992946932
-22.62841967653655,6.567286301157598
19.14572119753157,0.742492483376882
36.14099751242044,0.8408647554274911
16.099136439588364,0.7398089587846925
-53.00289525579244,5.565036803318103
-60.7289497138929,5.189726343784821
-0.7952681646965116,2.015056562751507
-18.42974613111483,6.173820353999503
25.128792769731348,0.7599406402083213
-3.6182121540145857,0.960977393747612
9.976338657062215,1.0194092439984468
-9.218535999173202,1.1091891903415805
-14.773747944594604,0.4810787891552195
-17.038153732329434,0.6009049559660671
-35.57458809768563,6.657961214939183
20.709001416492868,0.8922519382389211
-1.4702004446431403,1.2395704293112952
16.670488059300894,0.8803572845457168
19.527380849651056,1.0419554272749538
33.37095879176283,0.9074794224633265
-77.19312251711911,7.462005084573821
17.032422774356156,0.7484616377353461
-55.74925706751433,3.503038945990709
-28.88561573254239,0.5234128175078769
24.77879400639948,0.8092985474874336
-10.045807994507896,0.6949452132095963
16.57538122771921,0.9098937267756257
-4.360367946587175,1.4297720586199123
-36.2248251642559,8.184185218752187
-1.0807410397941553,0.6490548718327531
17.560683459299227,0.6862227333812285
-10.039405910665707,0.32451301291810797
11.67134440795887,0.9524206044503623
-44.00200755841516,8.847038529623235
-14.044451173437324,0.5247755340811313
-5.0397927071199575,0.9605940336304073
41.342893596898804,1.0244384457173297
26.51799094413788,0.6703677866910471
-5.584010429008558,1.086313171682069
-13.598887925430546,0.8185478897942176
-1.739254635814028,0.9305494786613968
-15.51929790635555,0.328761705217369
-41.30276190572425,4.3510775939586575
-13.363062012584209,0.4841062589186649
-36.69326583094094,0.3718487433166189
-1.9100528338092744,9.026129881833208
-0.49005625630207206,2.0409852785570375
-19.85928790656729,0.4353067108555564
26.95565893005975,1.015661728073174
-38.85679830347917,0.5983367195962206
19.638828243562834,0.796392826914698
21.7508921008275,0.6272573608072687
-3.376453321161982,0.8540776636537775
-32.902110953716786,0.5115887025083321
-43.89473325113576,0.5492589719963128
7.072711819696067,0.9225118923987026
17.993376455397257,0.5397623947982524
-21.739581732698184,0.3824269371191811
-23.711235218076283,2.2265632508897903
12.097736540631558,0.6372096747729898
31.70794902322706,0.6447358586296232
-0.620509526253656,0.8844497713570814
19.13459679755266,0.7642899331890707
12.219020845843549,0.6840565066841371
-39.162828688165526,0.4163722289998324
-34.9877918244452,4.016282630164984
-1.0751991455319967,1.536002618740973
-2.7697461135243273,1.567874716366299
-39.03716315559372,9.166349737703591
-95.39530372730002,7.1591042166008165
40.354272040963494,0.8947189964176554
-11.028129996303747,0.5395504946191696
-11.938354367328941,9.497040314253347
-7.298278672570973,0.7847077056607787
-10.92913398526359,0.3223813193823659
10.222979786426905,1.00447366235335
-79.17093040015274,7.393647473154363
1.4692752791849255,0.7257804085619971
-26.026509076970115,9.341813169094827
11.011978261014118,0.6193516867749178
-0.8597607012374127,0.6009396714580735
24.590375664663668,0.8989829924388513
-54.95175213083043,0.528044004562181
78.51307842359894,0.8839737752236863
-0.6331487358413881,1.7191449537705186
-0.6021690632048262,0.8054567394171777
15.127007726024738,0.6154767855527439
-1.2043017148828312,1.9008862178235422
-8.020627452328952,3.7689027574859413
1.127115073277409,0.910361411675753
-51.4165311160843,5.338898634163089
23.818319947819703,1.0797466341729312
-4.157659407855419,0.4814121351449838
3.1773499833492878,1.023365429847054
-51.69981054233083,7.004799729591498
-1.6559180382764822,0.7206448686108295
-10.837185979049266,0.46265161758702555
-15.431550340354121,0.4723898567690057
25.864010459670254,0.6563047379305633
-30.873319954447535,6.6447615954191654
-9.365629791567542,0.5932466204538027
38.670171029829504,1.0430481107694298
-42.70425547355866,6.147732035080381
90.95511325571083,1.5962125063662338
-51.930416552436824,3.45847100150117
-30.54667496806195,7.666940637919204
25.211723952727787,1.0436970268857744
-4.970362567679288,0.9785212646921908
43.93563241209051,2.574698922449933
93.52111658916053,3.5310275037984216
22.462069745217846,0.9866969085435926
-84.7752536155876,9.463948458186193
-0.9430486794019544,1.4072450902120959
-45.68378684895131,0.48439742139091635
-4.252665970520809,1.0305025955262792
11.34797852925955,0.5200253400518768
21.403246010228884,0.9675307042444388
5.655288744546539,1.0319955972406376
0.20399071770535926,0.7465536252321696
23.23491041555998,1.073010626330066
-65.31737189623016,9.265574672964348
-3.8032039807097533,0.7904670532422298
30.866120083939364,0.733628388892491
12.601877906315806,0.7762551651609044
2.2178312140189007,0.8947645488705405
-16.25702181941111,0.7779946784620986
30.097569705005384,0.6775010206278771
-41.817378721299434,3.8401992723973493
-24.359508249778088,3.184957699231555
45.347930918301046,0.8970602944388464
-25.81843009632344,4.386065854228157
27.710948546083955,0.7647372410534761
-4.097500971795341,0.7150620604862254
-2.066435118846954,1.688761990033628
-75.68417247045572,4.421806336302637
-7.13002708460688,0.3717400776860824
24.125302650999487,0.8744156675448878
-79.95226364809922,5.366048267568496
-1.2721629602860816,0.8917191316434643
64.61911809408655,0.9763980325711072
-34.58600547752174,0.5045743716825455
-16.53852169348744,0.6129986099610679
-2.5576478698124205,1.0402925380380612
-1.1146664565522997,1.7477487777817338
-0.8610570079615769,0.462003805155182
5.609569127784724,0.4889056518620549
-54.647430179926964,5.9490407672239005
-23.9199838898685,4.835136490945377
-19.5794573142773,0.4013582779768008
50.707992126717606,0.7294913919420867
10.712799260180603,0.5462621228957474
26.103470153077794,0.5964330916633624
-11.291082601499411,0.6792493852127475
-5.866627321073628,1.4178196287882607
48.25676770910304,0.9410862748380526
-75.55673903328591,4.653329321787689
-69.97942767237137,5.291152668451215
27.069408029095356,0.6765847014482205
-31.103145334931412,2.680037047545781
59.8345339828511,1.732944196948015
0.11987745922502313,0.5287760170933016
-8.98121785807119,0.4812998220771689
22.92474717908783,0.9592899191691284
5.978162326028539,1.0181562910661572
-37.93157852798065,0.5089506278846248
64.16350069415627,0.9330228975838306
-35.53507384985613,9.759429807698691
16.864052365388694,0.8419861136487263
-58.35218160926017,6.762769220645804
37.67460574352661,0.9114755896666811
-45.97877748704269,0.45229736121333297
-83.60849864911746,8.202601658695134
73.07120707396336,1.0489925509855347
-7.62374326969578,0.9481286379443947
83.0788950302306,1.814758262452223
33.66576408427699,0.8064552037553661
-0.07771690604142378,1.8294128748820473
-28.070224088211667,9.152030916274171
-16.758821351057392,0.33797265241842744
-84.37423266809805,5.336265540526724
41.776782855774314,1.1163085454476143
28.566767367720388,0.829716067331788
-36.599421423010796,8.23914831600283
-6.468454662666019,1.2678294506020809
-89.18851513206921,8.144072786965147
93.73747221117446,5.142278377805585
-8.843234824620907,8.08558003222724
-46.352944140066384,0.5214791488298931
38.595335354430205,0.9667636291238881
-7.2237230642273325,0.9361988296393893
-8.937625281857233,0.37903584716966154
61.608990334283476,0.9659432799413077
43.64165874439203,2.9037924245706384
-4.600246336849912,1.0872525454478565
-35.178227069210564,0.6023315998477763
-78.55146291747381,6.221944722071381
50.26854212839456,0.8687299008892237
21.243388103473535,0.9688989656700411
43.39290017798916,0.6666883334570155
-14.070247354010235,0.5361624179466453
-36.141541816264066,9.314258500524723
17.554868889036783,1.1118476278076344
-6.29588332050794,1.4568821888834673
-36.38617192237653,0.5410088864831373
43.81763568996729,0.6486082404424653
44.019053484433186,0.6888601661423213
30.223027509385837,1.0818047874890482
23.459830156367488,0.9593949584432098
0.27243018396042373,0.515097943050753
-80.6903383616256,5.990139507995705
-54.02910561901816,0.5366540967125086
-19.10613962673076,6.540703817300777
37.6039363068933,0.6437649847822247
13.793331557980629,0.5909970326862659
50.507342421137054,0.9632529485510091
-4.666213460542977,1.0915500154225772
16.393860679617845,0.9799911950208671
43.93522855453651,3.027396159115776
-95.6889705050084,7.897325567946336
-7.322706536105493,0.9346631815434314
-21.83779602373389,9.881339473701937
61.52184265425737,0.9464158499851649
-69.678350130539,6.749272832867703
-1.9105977582679472,1.1275765202542076
44.8361434609121,1.1126140464820304
-6.942601293631821,0.45703611608615313
7.07175064707431,0.6582618938601412
-1.3970180682425735,1.0424040529647716
17.269041398623102,0.9841117198930682
-8.668223124240555,1.4495636201971855
-4.164577533611893,7.406401342834532
-42.6871032861772,3.595996925447933
76.66664377249339,3.2620187498175177
6.15787190262165,0.544744450040457
27.311167933559517,0.9302885767841036
28.23265734694248,1.0154777674053204
62.058415512742926,0.9714502414913518
16.63989495852158,0.5597387040418957
-3.475916678904923,1.3115570356208934
-31.057727633265642,0.48402308758731927
43.06774640407812,0.9893587199421194
-36.402477601877266,0.6162038501764542
-11.679434277980814,0.3896116500257898
54.45736798238203,2.290843033917776
9.333459446634379,0.9953985246658146
61.06698055965019,0.9900222472622069
-30.891180533324153,6.904911092298121
-44.603800291406884,3.635660872665321
12.457248800588768,0.6354870840179232
-3.974042605327405,1.3507617079710972
-4.049377193149226,1.704425806700863
56.99518395607319,3.3725144723604252
-0.9470195793434071,1.515047895940322
-14.345792332291083,4.720954412476672
-35.117208054166625,7.746842439172585
65.46874091237311,2.674551539542154
-23.188697781069514,0.5223478702223296
26.70929960747355,0.9052895608901732
54.38721814198905,2.223224099245167
-13.866452642498572,0.5118571644085312
-0.8783658580634466,9.847233538245963
-1.0527906800373827,0.6001842291347683
26.648961702255168,0.9998918245580048
-6.212325194138833,0.565434299947404
-31.635851787357012,0.3841055973004951
23.801732646582266,0.8977266218086868
-1.7242695248637858,0.9971435621598559
-14.685701830512727,3.0480000918310473
52.11792821019614,0.9832255987750647
31.080387170244506,0.7734352612309303
34.499800544062026,2.4227643890971535
60.95302061465249,0.9485173603010288
-23.41257767625602,9.56827791678424
-32.24145781604255,9.488067201319533
-29.93150844822065,8.633532845814415
74.16474648578432,0.9592810770597104
-1.1668647592070442,1.3099710995210634
57.98026659240455,0.959743478120318
33.83715886947246,0.849198096663681
-2.8758823275860186,1.4274296988545154
-16.365574145611212,0.6066902238723291
-12.528572577376238,0.37318323514792695
-19.79559969863857,5.73452557877275
-65.81802585304688,6.682809235893546
80.06158025422795,3.1048476751189957
