-74.64529997318712,35.61528615459728
-93.42476708704017,32.43552323975632
-75.64781556414441,20.376271444981683
-0.3074673258707321,21.996840845085607
-17.675209406398196,24.40146545946874
-53.94291992960995,42.02569872182052
-49.320400425971805,23.0561180514144
25.712784137421295,29.97007789555488
-20.106550488350493,36.110731519727096
-80.5807984601648,21.090976195274635
-56.873515844735266,32.64061725897281
-88.17312856600326,19.166857402304924
-74.02721338149331,30.0790969328053
-33.88174939628296,40.75145263508492
-58.763007255004936,25.807015291349018
-57.93372260930358,21.047457875850455
-4.912396467684879,23.338478921194618
-87.3113523755042,23.72814400075186
-79.92271688592479,19.488469457958033
-5.607916627735392,38.979129891005556
-5.824409981225784,23.83284660741876
-60.7543748655745,27.69322936775797
-54.891100794609905,24.67615128187076
-66.3221212011697,38.79885801150422
-62.598795296426296,24.80272844637439
120.64311358833845,38.67577663754072
-30.923252100507042,38.688356134868656
-57.64871921257864,33.31590131805828
-93.22897656626927,31.774822056771228
-1.3870502780915928,32.27631359432735
-69.3033077602677,40.044800352268936
-19.923122582450183,41.40341170979033
-63.47559651049227,24.630938305763763
-16.181254573806683,23.20325470894079
-45.16862031183656,23.16080543381301
-47.48506312846496,32.92951844355187
-69.79487408590958,35.96150157083741
-15.26917651647696,27.427598661228437
-92.79505956562743,19.709609390242818
-83.58653924492081,24.528883824460593
-29.542500615977602,28.348802939221564
-21.292099977598134,28.661280909415318
-62.070776275895184,41.77614368571284
-88.95198729046398,29.427178698977166
-89.70770584017896,15.596851551592374
-48.228505751714586,35.09310662781152
-81.10003814566439,33.405461183727056
-98.14205398944357,19.23575795507088
-95.53888870485194,25.057858476755953
-60.142499192826556,24.098445730919195
-2.5058976614185724,41.65842812015441
-45.07272664952548,36.76703172838437
-82.50446024451473,32.60360554166983
-54.449435482740995,31.507814061245426
-33.64545979150838,23.989933682927102
-25.988025668726706,33.248326198658646
-88.27544872781493,22.753792133924136
-18.66948166718535,34.570971289116784
-91.36340117677976,34.08101168543698
-12.25619372372249,24.39373442714603
-71.27672194457494,20.60730805954016
-77.79326875853985,40.00442105778251
-25.592780965379994,28.45773168189237
79.30190448981391,39.95697489235505
-15.660016171721423,39.65777295453657
-95.41832528841562,28.93967200419314
-21.701009773606472,30.658328794680784
-29.09274999420714,24.168338093339187
-39.013081571417,31.791157591015505
-15.125908847538227,21.5892324664754
-72.09621719268742,38.29621030936842
-92.38619790948432,38.35501090438988
113.5070055598338,40.92854020773344
80.17071294235483,36.36458788444972
-95.52412375796423,21.175256694182153
-12.116946565336164,27.690856702007515
-81.52097344965598,27.55664066211159
-44.45721902323549,25.901700778031923
-94.50382181047947,23.701325827786313
-90.91213145180068,54.744482605275266
-76.80753907668591,24.450129199115707
-83.3515330261766,55.86749317267211
-10.690139719743001,20.590432259712756
-34.45876998782033,22.509784280554467
-76.9124320473864,38.432059937409605
-63.87794088196624,26.26447973252553
-10.292815447431721,34.427024427915256
-72.43903028438572,54.09767995643337
-60.199661513834435,31.118117116569266
-11.263689921787517,15.734794659932405
-91.13304188289226,36.23266549397883
-19.152481378470654,40.00108139872351
-67.17024573037996,35.48978116055483
17.09341893789722,29.43265181445723
-35.96129707856611,38.39101626520866
-92.87811634866299,31.728301850049803
-37.41389821929215,35.31600889746926
-65.12173740750086,40.085858474337726
-14.025717722067457,21.418463817257333
-2.3991725170423166,24.531326939003293
-40.61851601758659,31.050756440909826
-68.38303404883627,35.12682907684018
-93.3688902709408,36.420033365016465
-16.48105246227368,25.857729801254745
-55.474977996650914,37.971369003658104
-94.43919730637244,33.23055450194664
-48.136471416495795,30.213794359242428
-56.91225090263029,31.311069364795987
-39.12152316855953,22.03773837022177
-27.850425858344437,30.90312367117512
-8.001614268758075,33.194225564231
-56.64672560046857,39.117018206653654
-19.075594183693354,29.642906503394954
-86.16438040353623,20.98252101125634
-0.2524262433552984,26.096988526922587
-39.29856996161402,32.73394499891859
-81.86028014781002,20.12444134097636
-78.14342889129986,16.68207528200388
-79.52202305565994,27.423700540056515
-17.68663243287969,28.70854303371965
-34.158259934215494,37.51505869810238
56.31235936451392,22.671545912250508
-14.345085309143172,38.5966879790121
31.988341857595998,23.185890187021368
-96.86408040880902,32.78463151898066
-22.026894942021144,23.54472443259199
-72.61067779622002,28.02150164607283
-13.455190698462808,31.319637455442944
-99.52889356245029,28.82744290791795
163.12199099272652,50.79002528523637
-96.94618037557176,28.68492703489723
-66.52957098023984,16.524261864417852
-30.164933235853695,31.354747578413537
-35.39359182224328,20.04712750556817
-63.2304337880723,27.495887539325246
-89.8326757049023,20.594568939829955
-20.43496549579541,21.3672147620009
-50.68572741796017,27.40839998979402
-83.2010307275856,21.757802606101393
-66.04190372889198,25.041413447573014
-24.68851713905363,28.094198785424517
-82.36479253898352,56.327022136636174
-80.88384690630008,37.27118699492618
-67.67669185754299,38.77806800725631
-6.382830821847989,37.551426927153585
-84.4702348835204,24.478202757659687
25.78513482162009,31.034236000081137
-45.820176902531955,24.443084012806978
-90.9803407387407,23.247295892134574
-5.822449429760724,34.92019945440188
-84.80606319424685,39.56396025858356
-56.206108440771935,19.979198659930375
-72.40156532752744,27.988257505487134
-34.23364853262191,41.368690759321545
-46.3920091278008,31.67573885075629
-6.8452009094721475,23.80002717896604
-31.10140812628586,21.74415252363586
-65.76053880958145,27.700666586517595
-47.646007930686736,23.015172103622874
-33.67140975763935,30.561224297635505
-57.867252065015386,30.921346488442758
73.41030342780519,38.50743813853549
-70.44881900255274,32.25021559471767
-41.48219576430443,23.538826059282997
-9.496076305015535,34.27642088821358
-72.91585536449793,35.471137016522675
-71.09955249948828,21.43051741816555
-60.84685758594359,36.167355018555895
-56.53802540358464,35.89140899315586
-58.24373973847473,36.968385417275066
-67.40809832955563,20.78171968246778
-77.62035544754214,53.46391040641919
-60.910140586187836,24.89284794979416
-42.26610644252226,23.779330946742974
-13.623512817295222,41.58622265679817
-39.04094884807805,25.751714657052105
-79.55065456962734,25.241002752231974
-1.445323902145347,38.350930481264754
-96.27099153448566,24.428285168854444
-88.37188464486049,23.224790384458757
-90.69822238083239,27.275561177872845
-18.332698169551406,39.30981330657923
-17.87881094659511,16.38554874229638
-59.304059525389995,28.5698053359299
-55.9350177353996,37.154985309183076
-65.87438374217557,32.28649682132581
-94.02743162779093,40.618708677517674
-1.683047072943566,26.640386460521032
-38.818473152327215,22.944821682853203
-49.641391587469,33.480247639982764
-92.30793092333778,36.598110859505496
-54.81631100017438,29.80170902195424
-37.861608477567245,42.18986305019824
-99.37426349997558,27.158730387958897
-73.47962366963401,26.482809394216517
-48.67877950638506,39.68655714294923
-17.67649436046797,30.767900637223548
-6.767921630806342,21.001605460977117
-48.996618979302625,25.55857763645089
-92.13579870612962,32.4690439881424
