8849.0
8684.0
8198.0
7556.0
8033.0
8684.0
9014.0
8520.0
8195.0
9015.0
8034.0
8356.0
7874.0
8034.0
8684.0
8519.0
8033.0
8357.0
8034.0
8034.0
8357.0
8195.0
8357.0
8034.0
7874.0
8361.0
7715.0
8195.0
8033.0
7873.0
8520.0
8034.0
8034.0
7717.0
8521.0
8849.0
8357.0
8195.0
8195.0
9015.0
8520.0
7555.0
9014.0
8033.0
8034.0
7873.0
8356.0
8523.0
8357.0
8034.0
8849.0
8194.0
8520.0
8356.0
8034.0
8520.0
8195.0
8356.0
8194.0
8847.0
8519.0
8193.0
8519.0
8356.0
8195.0
7874.0
8518.0
8520.0
8195.0
7714.0
8520.0
8520.0
8519.0
8682.0
8357.0
8682.0
8033.0
7873.0
8034.0
7873.0
8194.0
8520.0
7714.0
8682.0
8034.0
7874.0
8849.0
7715.0
8356.0
8033.0
8034.0
8684.0
8194.0
8195.0
8034.0
8355.0
8034.0
8684.0
8033.0
8033.0
