327.0
328.0
327.0
326.0
324.0
325.0
328.0
326.0
325.0
327.0
327.0
324.0
326.0
324.0
326.0
325.0
326.0
325.0
327.0
326.0
326.0
324.0
326.0
328.0
328.0
324.0
324.0
328.0
329.0
326.0
325.0
324.0
325.0
326.0
327.0
328.0
325.0
325.0
325.0
326.0
324.0
327.0
327.0
326.0
327.0
326.0
326.0
326.0
326.0
326.0
326.0
328.0
327.0
328.0
325.0
326.0
327.0
326.0
327.0
327.0
327.0
326.0
326.0
326.0
325.0
324.0
326.0
328.0
326.0
324.0
327.0
324.0
327.0
329.0
326.0
327.0
327.0
325.0
325.0
326.0
328.0
325.0
326.0
324.0
325.0
327.0
328.0
324.0
326.0
325.0
324.0
327.0
327.0
327.0
325.0
325.0
328.0
325.0
325.0
325.0
327.0
326.0
327.0
324.0
327.0
327.0
326.0
327.0
327.0
326.0
326.0
324.0
326.0
327.0
328.0
328.0
324.0
327.0
325.0
325.0
326.0
326.0
327.0
327.0
326.0
327.0
325.0
326.0
326.0
328.0
327.0
326.0
325.0
326.0
326.0
327.0
327.0
324.0
329.0
326.0
326.0
327.0
328.0
329.0
327.0
326.0
328.0
326.0
325.0
324.0
327.0
327.0
326.0
324.0
328.0
326.0
327.0
328.0
326.0
328.0
326.0
326.0
325.0
327.0
324.0
326.0
326.0
325.0
329.0
325.0
327.0
326.0
325.0
325.0
325.0
325.0
324.0
326.0
326.0
325.0
326.0
325.0
327.0
327.0
326.0
325.0
326.0
326.0
328.0
327.0
327.0
326.0
326.0
326.0
326.0
325.0
327.0
330.0
326.0
327.0
