4456.0
5317.0
4288.0
4636.0
4966.0
4625.0
4974.0
4625.0
4631.0
4119.0
3961.0
5137.0
5148.0
4804.0
5138.0
4965.0
4628.0
4455.0
4795.0
4633.0
4634.0
4795.0
4464.0
5138.0
4633.0
4304.0
4634.0
4966.0
4285.0
4634.0
4456.0
4809.0
4456.0
4795.0
4794.0
4625.0
4795.0
4966.0
4973.0
4130.0
4633.0
4795.0
5311.0
4964.0
4464.0
4456.0
4625.0
4625.0
4972.0
5310.0
3955.0
4634.0
4293.0
5309.0
4625.0
4796.0
4631.0
4625.0
4804.0
4455.0
4794.0
5137.0
4296.0
4633.0
4295.0
4977.0
4634.0
4966.0
4797.0
4966.0
4288.0
4635.0
4638.0
4795.0
4965.0
4809.0
4795.0
4965.0
4794.0
4796.0
4287.0
4795.0
4298.0
4295.0
4642.0
4127.0
4625.0
4641.0
4288.0
4465.0
4795.0
3790.0
5310.0
4795.0
4463.0
4795.0
4975.0
4454.0
5138.0
4466.0
4630.0
4795.0
4129.0
4288.0
4625.0
4126.0
4462.0
4966.0
4297.0
4465.0
4803.0
4795.0
5137.0
4804.0
4624.0
4795.0
4624.0
5311.0
4624.0
4795.0
4975.0
4634.0
4465.0
4625.0
4972.0
4633.0
5147.0
5138.0
4456.0
5310.0
4625.0
4975.0
4456.0
4795.0
4630.0
5138.0
4810.0
4795.0
4625.0
5137.0
4795.0
5321.0
4455.0
4966.0
4627.0
4803.0
4965.0
4456.0
4625.0
4120.0
4629.0
4633.0
4132.0
5136.0
4795.0
4456.0
4966.0
4630.0
5138.0
4296.0
5484.0
4456.0
5138.0
4458.0
5311.0
4966.0
5485.0
4801.0
4288.0
4795.0
4629.0
4629.0
3962.0
4795.0
5311.0
4795.0
5137.0
5320.0
4795.0
4294.0
4974.0
4625.0
4630.0
4465.0
4633.0
4801.0
4803.0
4966.0
4633.0
4794.0
4455.0
4802.0
4632.0
4802.0
4635.0
4625.0
4795.0
4794.0
4804.0
4633.0
