278.0
249.0
251.0
273.0
241.0
278.0
279.0
273.0
276.0
272.0
265.0
248.0
275.0
260.0
271.0
270.0
255.0
279.0
241.0
189.0
277.0
276.0
277.0
221.0
240.0
277.0
279.0
277.0
278.0
224.0
255.0
241.0
240.0
254.0
272.0
273.0
277.0
248.0
277.0
279.0
254.0
259.0
279.0
277.0
207.0
264.0
224.0
255.0
273.0
209.0
278.0
249.0
278.0
273.0
224.0
272.0
273.0
273.0
273.0
194.0
208.0
235.0
254.0
275.0
271.0
255.0
279.0
254.0
188.0
275.0
279.0
273.0
280.0
276.0
277.0
277.0
276.0
278.0
273.0
279.0
277.0
255.0
192.0
240.0
277.0
189.0
194.0
278.0
241.0
190.0
275.0
276.0
194.0
240.0
271.0
278.0
195.0
278.0
230.0
254.0
280.0
272.0
194.0
278.0
279.0
274.0
272.0
277.0
261.0
270.0
204.0
208.0
208.0
255.0
247.0
256.0
272.0
240.0
271.0
279.0
280.0
280.0
241.0
274.0
195.0
272.0
241.0
266.0
204.0
275.0
280.0
208.0
273.0
242.0
241.0
194.0
275.0
272.0
278.0
271.0
278.0
244.0
194.0
255.0
248.0
272.0
278.0
277.0
241.0
278.0
271.0
278.0
205.0
279.0
278.0
273.0
195.0
255.0
278.0
276.0
267.0
277.0
272.0
189.0
277.0
278.0
278.0
277.0
278.0
249.0
273.0
243.0
277.0
264.0
241.0
240.0
277.0
280.0
272.0
274.0
189.0
249.0
193.0
277.0
276.0
241.0
194.0
160.0
279.0
256.0
276.0
191.0
194.0
276.0
277.0
248.0
195.0
278.0
240.0
204.0
