3951.0
5307.0
4284.0
4284.0
4962.0
4791.0
5134.0
4791.0
4452.0
3787.0
3951.0
5134.0
5307.0
4621.0
5134.0
5307.0
3951.0
4621.0
4621.0
4621.0
4284.0
4791.0
4453.0
4962.0
4621.0
4284.0
4962.0
4791.0
3951.0
4452.0
4452.0
5134.0
4452.0
4962.0
4962.0
4791.0
4621.0
4962.0
5134.0
4284.0
4962.0
4962.0
5134.0
4791.0
4621.0
4453.0
4452.0
4791.0
4962.0
5134.0
3786.0
4284.0
4452.0
4962.0
4962.0
4962.0
4791.0
4621.0
4791.0
4284.0
4793.0
5307.0
4621.0
4791.0
4452.0
4962.0
4962.0
5134.0
4962.0
5134.0
4284.0
4791.0
4452.0
4962.0
5307.0
5134.0
4791.0
4621.0
4791.0
5307.0
4452.0
4284.0
4284.0
4117.0
4791.0
4452.0
4452.0
4962.0
4284.0
4621.0
4621.0
3951.0
5307.0
4452.0
4284.0
4962.0
4962.0
4284.0
4962.0
3951.0
4452.0
4621.0
4452.0
4622.0
4452.0
3951.0
