5043.0
5838.0
4889.0
5201.0
5519.0
5201.0
5519.0
5201.0
5203.0
4735.0
4580.0
5678.0
5679.0
5361.0
5678.0
5519.0
5201.0
5046.0
5359.0
5202.0
5203.0
5360.0
5044.0
5679.0
5201.0
4888.0
5202.0
5519.0
4890.0
5202.0
5044.0
5360.0
5046.0
5359.0
5359.0
5203.0
5361.0
5519.0
5518.0
4733.0
5202.0
5359.0
5839.0
5519.0
5045.0
5044.0
5199.0
5202.0
5519.0
5840.0
4580.0
5201.0
4889.0
5839.0
5200.0
5360.0
5202.0
5203.0
5360.0
5045.0
5359.0
5678.0
4890.0
5201.0
4889.0
5519.0
5203.0
5518.0
5359.0
5517.0
4889.0
5200.0
5203.0
5359.0
5519.0
5360.0
5361.0
5517.0
5357.0
5360.0
4888.0
5360.0
4889.0
4889.0
5200.0
4733.0
5201.0
5202.0
4889.0
5045.0
5358.0
4426.0
5839.0
5359.0
5046.0
5361.0
5518.0
5043.0
5679.0
5045.0
5203.0
5359.0
4734.0
4888.0
5202.0
4735.0
5042.0
5518.0
4888.0
5044.0
5358.0
5361.0
5680.0
5359.0
5202.0
5358.0
5202.0
5839.0
5202.0
5360.0
5519.0
5202.0
5045.0
5201.0
5520.0
5202.0
5679.0
5678.0
5045.0
5840.0
5202.0
5518.0
5044.0
5360.0
5200.0
5677.0
5357.0
5359.0
5199.0
5679.0
5361.0
5838.0
5044.0
5520.0
5202.0
5360.0
5517.0
5044.0
5202.0
4733.0
5202.0
5200.0
4734.0
5678.0
5357.0
5045.0
5517.0
5201.0
5679.0
4887.0
6003.0
5043.0
5678.0
5044.0
5840.0
5519.0
6001.0
5360.0
4888.0
5359.0
5201.0
5201.0
4580.0
5359.0
5839.0
5361.0
5677.0
5841.0
5360.0
4888.0
5519.0
5202.0
5202.0
5046.0
5202.0
5357.0
5361.0
5519.0
5202.0
5359.0
5046.0
5360.0
5201.0
5361.0
5202.0
5202.0
5360.0
5361.0
5360.0
5201.0
