282.0
272.0
284.0
288.0
284.0
284.0
288.0
288.0
288.0
283.0
287.0
287.0
283.0
285.0
275.0
286.0
288.0
287.0
284.0
283.0
283.0
283.0
287.0
287.0
288.0
287.0
288.0
288.0
288.0
284.0
282.0
286.0
280.0
288.0
287.0
284.0
288.0
265.0
288.0
285.0
284.0
287.0
288.0
283.0
287.0
288.0
288.0
282.0
287.0
283.0
283.0
288.0
288.0
288.0
275.0
282.0
286.0
280.0
288.0
288.0
285.0
288.0
288.0
288.0
284.0
282.0
288.0
283.0
288.0
286.0
283.0
286.0
283.0
288.0
285.0
288.0
287.0
288.0
288.0
279.0
288.0
287.0
284.0
288.0
285.0
288.0
284.0
283.0
283.0
287.0
283.0
288.0
279.0
285.0
288.0
283.0
288.0
288.0
287.0
283.0
280.0
283.0
283.0
288.0
288.0
288.0
288.0
285.0
286.0
287.0
288.0
278.0
285.0
286.0
287.0
283.0
288.0
288.0
288.0
288.0
283.0
288.0
281.0
288.0
288.0
283.0
283.0
288.0
285.0
288.0
287.0
288.0
283.0
288.0
282.0
288.0
288.0
288.0
285.0
284.0
288.0
281.0
288.0
288.0
287.0
288.0
280.0
287.0
288.0
285.0
283.0
284.0
283.0
287.0
279.0
284.0
283.0
280.0
287.0
284.0
287.0
283.0
285.0
283.0
284.0
288.0
287.0
283.0
285.0
287.0
282.0
288.0
288.0
285.0
280.0
288.0
287.0
285.0
283.0
285.0
288.0
265.0
288.0
288.0
283.0
283.0
280.0
288.0
284.0
280.0
288.0
288.0
288.0
288.0
287.0
285.0
285.0
288.0
284.0
283.0
