311.0
311.0
311.0
311.0
311.0
311.0
312.0
312.0
311.0
310.0
312.0
312.0
311.0
313.0
311.0
311.0
311.0
313.0
311.0
311.0
311.0
313.0
312.0
312.0
311.0
313.0
312.0
311.0
311.0
311.0
310.0
310.0
311.0
312.0
311.0
311.0
313.0
311.0
311.0
311.0
311.0
311.0
311.0
312.0
312.0
311.0
312.0
313.0
312.0
312.0
310.0
311.0
312.0
312.0
310.0
311.0
311.0
310.0
311.0
312.0
312.0
311.0
310.0
311.0
312.0
310.0
311.0
312.0
311.0
312.0
311.0
312.0
311.0
311.0
312.0
312.0
311.0
312.0
312.0
311.0
310.0
310.0
312.0
311.0
312.0
311.0
311.0
313.0
310.0
310.0
311.0
311.0
311.0
311.0
311.0
311.0
311.0
312.0
312.0
311.0
312.0
311.0
311.0
311.0
312.0
311.0
311.0
311.0
311.0
311.0
310.0
311.0
311.0
312.0
311.0
310.0
311.0
311.0
312.0
311.0
311.0
312.0
311.0
311.0
312.0
312.0
311.0
311.0
311.0
313.0
311.0
311.0
311.0
311.0
312.0
312.0
311.0
311.0
311.0
312.0
312.0
310.0
311.0
311.0
311.0
311.0
311.0
312.0
311.0
311.0
311.0
311.0
312.0
311.0
312.0
311.0
311.0
311.0
311.0
310.0
310.0
312.0
312.0
311.0
310.0
311.0
312.0
312.0
311.0
311.0
311.0
312.0
311.0
311.0
311.0
311.0
311.0
311.0
311.0
312.0
310.0
312.0
311.0
311.0
311.0
311.0
310.0
310.0
310.0
312.0
310.0
311.0
311.0
311.0
311.0
312.0
311.0
311.0
311.0
312.0
