9028.0
8875.0
8419.0
7827.0
8270.0
8874.0
9185.0
8724.0
8420.0
9185.0
8270.0
8572.0
8120.0
8271.0
8877.0
8723.0
8269.0
8569.0
8270.0
8270.0
8571.0
8421.0
8569.0
8269.0
8122.0
8570.0
7972.0
8418.0
8270.0
8121.0
8723.0
8269.0
8271.0
7972.0
8724.0
9030.0
8570.0
8421.0
8421.0
9185.0
8724.0
7825.0
9185.0
8271.0
8270.0
8121.0
8569.0
8719.0
8571.0
8270.0
9029.0
8421.0
8723.0
8571.0
8269.0
8722.0
8421.0
8571.0
8420.0
9030.0
8723.0
8419.0
8723.0
8571.0
8421.0
8121.0
8722.0
8724.0
8421.0
7973.0
8724.0
8722.0
8724.0
8876.0
8571.0
8875.0
8269.0
8121.0
8269.0
8120.0
8421.0
8723.0
7973.0
8876.0
8269.0
8121.0
9030.0
7972.0
8572.0
8271.0
8271.0
8876.0
8420.0
8420.0
8270.0
8571.0
8270.0
8876.0
8270.0
8270.0
