4456.0
5322.0
4290.0
4629.0
4968.0
4627.0
4969.0
4627.0
4631.0
4121.0
3973.0
5140.0
5144.0
4806.0
5140.0
4968.0
4632.0
4462.0
4797.0
4638.0
4633.0
4797.0
4466.0
5140.0
4635.0
4299.0
4632.0
4968.0
4290.0
4633.0
4458.0
4808.0
4457.0
4797.0
4797.0
4626.0
4796.0
4966.0
4973.0
4132.0
4633.0
4797.0
5313.0
4966.0
4464.0
4458.0
4627.0
4627.0
4973.0
5312.0
3957.0
4635.0
4296.0
5313.0
4627.0
4797.0
4628.0
4627.0
4803.0
4458.0
4797.0
5140.0
4299.0
4628.0
4292.0
4970.0
4634.0
4966.0
4795.0
4967.0
4289.0
4635.0
4632.0
4797.0
4968.0
4808.0
4796.0
4968.0
4796.0
4802.0
4290.0
4797.0
4296.0
4298.0
4636.0
4129.0
4627.0
4637.0
4290.0
4465.0
4797.0
3791.0
5313.0
4797.0
4467.0
4797.0
4973.0
4458.0
5140.0
4465.0
4630.0
4795.0
4139.0
4290.0
4627.0
4129.0
4463.0
4968.0
4298.0
4467.0
4806.0
4797.0
5140.0
4805.0
4627.0
4796.0
4627.0
5313.0
4624.0
4797.0
4977.0
4629.0
4467.0
4627.0
4985.0
4637.0
5147.0
5140.0
4456.0
5313.0
4627.0
4973.0
4457.0
4797.0
4632.0
5140.0
4803.0
4794.0
4625.0
5140.0
4797.0
5321.0
4458.0
4968.0
4634.0
4795.0
4967.0
4456.0
4626.0
4122.0
4634.0
4633.0
4136.0
5140.0
4797.0
4457.0
4968.0
4634.0
5137.0
4293.0
5487.0
4458.0
5140.0
4462.0
5313.0
4968.0
5487.0
4803.0
4287.0
4797.0
4634.0
4627.0
3968.0
4795.0
5313.0
4797.0
5140.0
5320.0
4797.0
4299.0
4975.0
4627.0
4636.0
4464.0
4629.0
4802.0
4803.0
4968.0
4634.0
4797.0
4458.0
4804.0
4634.0
4806.0
4634.0
4626.0
4797.0
4797.0
4804.0
4635.0
