4456.0
5322.0
4287.0
4629.0
4967.0
4627.0
4969.0
4627.0
4631.0
4121.0
3973.0
5138.0
5144.0
4806.0
5138.0
4965.0
4632.0
4456.0
4795.0
4629.0
4633.0
4797.0
4466.0
5137.0
4635.0
4299.0
4628.0
4968.0
4288.0
4633.0
4458.0
4798.0
4457.0
4797.0
4797.0
4626.0
4795.0
4965.0
4969.0
4132.0
4633.0
4797.0
5313.0
4966.0
4464.0
4458.0
4627.0
4627.0
4973.0
5312.0
3954.0
4632.0
4295.0
5312.0
4627.0
4796.0
4627.0
4623.0
4803.0
4456.0
4796.0
5140.0
4299.0
4625.0
4292.0
4970.0
4631.0
4965.0
4794.0
4965.0
4289.0
4635.0
4630.0
4797.0
4967.0
4806.0
4797.0
4968.0
4796.0
4798.0
4290.0
4797.0
4296.0
4298.0
4633.0
4129.0
4625.0
4632.0
4290.0
4465.0
4797.0
3791.0
5313.0
4797.0
4466.0
4794.0
4972.0
4458.0
5139.0
4465.0
4624.0
4795.0
4139.0
4290.0
4624.0
4127.0
4461.0
4963.0
4293.0
4467.0
4800.0
4794.0
5136.0
4803.0
4627.0
4797.0
4625.0
5313.0
4624.0
4797.0
4973.0
4629.0
4463.0
4627.0
4978.0
4635.0
5147.0
5140.0
4456.0
5313.0
4625.0
4971.0
4455.0
4795.0
4629.0
5140.0
4799.0
4794.0
4625.0
5140.0
4793.0
5321.0
4457.0
4966.0
4634.0
4795.0
4966.0
4456.0
4626.0
4122.0
4634.0
4627.0
4134.0
5140.0
4797.0
4457.0
4968.0
4631.0
5136.0
4288.0
5487.0
4455.0
5140.0
4462.0
5312.0
4964.0
5486.0
4803.0
4285.0
4797.0
4634.0
4627.0
3966.0
4795.0
5313.0
4797.0
5140.0
5320.0
4795.0
4297.0
4975.0
4627.0
4634.0
4462.0
4627.0
4802.0
4801.0
4965.0
4634.0
4797.0
4458.0
4803.0
4632.0
4804.0
4634.0
4625.0
4797.0
4796.0
4800.0
4635.0
