12734.0
12439.0
12293.0
11719.0
12148.0
12734.0
12586.0
12148.0
12439.0
12439.0
12004.0
12439.0
12293.0
12293.0
12586.0
12293.0
12293.0
12586.0
12148.0
12293.0
12439.0
12439.0
12586.0
12148.0
12586.0
12734.0
12004.0
12148.0
12293.0
12293.0
12439.0
12734.0
12734.0
12293.0
12586.0
13033.0
12586.0
12883.0
12148.0
12734.0
12439.0
12004.0
12734.0
12439.0
12293.0
12439.0
12883.0
12734.0
12148.0
12293.0
12734.0
12439.0
12293.0
12586.0
12439.0
12734.0
12734.0
12734.0
12439.0
12883.0
12734.0
12439.0
12734.0
12439.0
12439.0
12148.0
12586.0
12883.0
12293.0
12004.0
12439.0
12734.0
12586.0
12439.0
12883.0
12586.0
12148.0
12293.0
12586.0
12293.0
12293.0
13033.0
12293.0
12883.0
12004.0
12004.0
12439.0
12004.0
12586.0
12293.0
12734.0
12586.0
12293.0
12586.0
12293.0
12439.0
12293.0
12734.0
11861.0
12293.0
