16465.0
16466.0
16466.0
16464.0
16464.0
16463.0
16464.0
16464.0
16466.0
16464.0
16464.0
16466.0
16465.0
16463.0
16463.0
16465.0
16464.0
16465.0
16465.0
16464.0
16465.0
16466.0
16465.0
16464.0
16465.0
16465.0
16465.0
16466.0
16464.0
16465.0
16464.0
16463.0
16464.0
16465.0
16465.0
16465.0
16465.0
16464.0
16464.0
16464.0
16464.0
16463.0
16464.0
16464.0
16465.0
16466.0
16465.0
16463.0
16464.0
16466.0
16464.0
16464.0
16466.0
16465.0
16464.0
16465.0
16464.0
16466.0
16463.0
16464.0
16464.0
16464.0
16463.0
16464.0
16466.0
16465.0
16465.0
16464.0
16465.0
16464.0
16464.0
16464.0
16462.0
16465.0
16463.0
16464.0
16464.0
16466.0
16465.0
16464.0
16464.0
16466.0
16465.0
16466.0
16466.0
16464.0
16465.0
16466.0
16465.0
16464.0
16464.0
16464.0
16465.0
16464.0
16465.0
16463.0
16465.0
16463.0
16463.0
16465.0
