284.0
284.0
286.0
285.0
287.0
287.0
286.0
285.0
286.0
287.0
286.0
286.0
285.0
287.0
286.0
285.0
285.0
285.0
284.0
284.0
282.0
286.0
284.0
287.0
288.0
285.0
284.0
285.0
286.0
286.0
285.0
286.0
284.0
285.0
287.0
285.0
286.0
285.0
284.0
286.0
286.0
286.0
287.0
286.0
287.0
285.0
286.0
285.0
285.0
286.0
286.0
287.0
287.0
284.0
283.0
285.0
287.0
286.0
286.0
285.0
285.0
286.0
287.0
286.0
286.0
286.0
287.0
286.0
286.0
287.0
286.0
284.0
285.0
286.0
285.0
287.0
286.0
287.0
288.0
285.0
286.0
287.0
286.0
285.0
286.0
287.0
284.0
286.0
286.0
286.0
284.0
285.0
286.0
282.0
285.0
286.0
286.0
286.0
287.0
285.0
287.0
286.0
287.0
287.0
288.0
285.0
287.0
285.0
284.0
286.0
286.0
286.0
287.0
285.0
286.0
287.0
284.0
286.0
286.0
286.0
287.0
285.0
286.0
286.0
286.0
287.0
284.0
287.0
286.0
284.0
286.0
285.0
285.0
286.0
285.0
284.0
285.0
286.0
286.0
287.0
286.0
286.0
288.0
285.0
284.0
287.0
285.0
287.0
285.0
284.0
284.0
287.0
287.0
287.0
286.0
286.0
286.0
288.0
286.0
285.0
286.0
286.0
287.0
285.0
284.0
284.0
284.0
286.0
284.0
286.0
287.0
286.0
286.0
285.0
286.0
286.0
285.0
285.0
285.0
283.0
286.0
284.0
285.0
287.0
287.0
284.0
285.0
285.0
286.0
285.0
286.0
286.0
286.0
287.0
285.0
285.0
285.0
286.0
286.0
285.0
