8848.0
8683.0
8200.0
7556.0
8033.0
8683.0
9014.0
8519.0
8194.0
9016.0
8033.0
8356.0
7874.0
8033.0
8683.0
8519.0
8033.0
8356.0
8033.0
8033.0
8356.0
8194.0
8356.0
8033.0
7873.0
8362.0
7714.0
8194.0
8033.0
7873.0
8519.0
8033.0
8033.0
7718.0
8521.0
8850.0
8357.0
8194.0
8195.0
9014.0
8519.0
7556.0
9014.0
8035.0
8033.0
7873.0
8356.0
8525.0
8356.0
8033.0
8848.0
8194.0
8519.0
8356.0
8033.0
8519.0
8194.0
8356.0
8194.0
8848.0
8519.0
8194.0
8519.0
8356.0
8194.0
7873.0
8519.0
8519.0
8194.0
7714.0
8519.0
8519.0
8519.0
8683.0
8356.0
8683.0
8033.0
7873.0
8033.0
7873.0
8194.0
8519.0
7714.0
8683.0
8033.0
7873.0
8848.0
7714.0
8356.0
8033.0
8033.0
8683.0
8194.0
8198.0
8033.0
8356.0
8033.0
8683.0
8033.0
8033.0
