4454.0
5318.0
4287.0
4623.0
4964.0
4623.0
4964.0
4623.0
4623.0
4119.0
3962.0
5135.0
5136.0
4803.0
5136.0
4964.0
4623.0
4454.0
4793.0
4631.0
4632.0
4793.0
4464.0
5136.0
4632.0
4295.0
4623.0
4964.0
4287.0
4632.0
4454.0
4802.0
4454.0
4793.0
4793.0
4624.0
4793.0
4964.0
4964.0
4129.0
4632.0
4793.0
5309.0
4964.0
4453.0
4453.0
4623.0
4623.0
4973.0
5309.0
3955.0
4632.0
4295.0
5309.0
4623.0
4793.0
4623.0
4623.0
4802.0
4454.0
4794.0
5136.0
4295.0
4623.0
4287.0
4964.0
4632.0
4964.0
4793.0
4964.0
4287.0
4632.0
4632.0
4793.0
4964.0
4801.0
4793.0
4964.0
4793.0
4793.0
4286.0
4793.0
4295.0
4288.0
4631.0
4119.0
4622.0
4632.0
4287.0
4463.0
4793.0
3788.0
5309.0
4792.0
4463.0
4792.0
4973.0
4454.0
5136.0
4464.0
4623.0
4792.0
4129.0
4287.0
4624.0
4119.0
4463.0
4964.0
4296.0
4463.0
4802.0
4793.0
5136.0
4803.0
4623.0
4793.0
4622.0
5309.0
4622.0
4793.0
4973.0
4623.0
4464.0
4623.0
4973.0
4632.0
5145.0
5136.0
4454.0
5309.0
4624.0
4972.0
4454.0
4794.0
4622.0
5136.0
4802.0
4793.0
4623.0
5136.0
4792.0
5318.0
4455.0
4964.0
4623.0
4794.0
4964.0
4454.0
4623.0
4119.0
4623.0
4623.0
4127.0
5136.0
4793.0
4454.0
4964.0
4632.0
5136.0
4294.0
5483.0
4454.0
5136.0
4454.0
5309.0
4964.0
5483.0
4792.0
4286.0
4793.0
4623.0
4623.0
3963.0
4793.0
5309.0
4793.0
5136.0
5319.0
4792.0
4295.0
4972.0
4622.0
4631.0
4463.0
4623.0
4793.0
4801.0
4964.0
4631.0
4793.0
4454.0
4803.0
4632.0
4801.0
4623.0
4623.0
4792.0
4793.0
4802.0
4631.0
