12466.0
12151.0
12000.0
11374.0
11841.0
12466.0
12307.0
11838.0
12154.0
12150.0
11681.0
12149.0
11995.0
11999.0
12315.0
11992.0
11992.0
12315.0
11836.0
12001.0
12148.0
12149.0
12316.0
11836.0
12307.0
12466.0
11690.0
11836.0
11992.0
11992.0
12149.0
12466.0
12465.0
11992.0
12309.0
12794.0
12308.0
12627.0
11836.0
12475.0
12149.0
11690.0
12466.0
12149.0
11996.0
12156.0
12627.0
12466.0
11836.0
11996.0
12466.0
12149.0
11992.0
12307.0
12149.0
12466.0
12468.0
12465.0
12149.0
12634.0
12466.0
12152.0
12466.0
12150.0
12157.0
11836.0
12307.0
12626.0
11994.0
11681.0
12149.0
12468.0
12307.0
12150.0
12634.0
12315.0
11835.0
11998.0
12312.0
11992.0
11992.0
12788.0
11991.0
12626.0
11689.0
11683.0
12149.0
11681.0
12315.0
11994.0
12466.0
12309.0
11999.0
12307.0
11992.0
12153.0
11992.0
12473.0
11527.0
11993.0
