280.0
241.0
208.0
265.0
231.0
279.0
269.0
279.0
271.0
278.0
276.0
264.0
273.0
195.0
249.0
246.0
265.0
256.0
267.0
194.0
278.0
278.0
264.0
201.0
241.0
260.0
273.0
285.0
196.0
241.0
279.0
262.0
191.0
261.0
278.0
277.0
277.0
282.0
262.0
277.0
248.0
282.0
272.0
274.0
260.0
281.0
264.0
246.0
274.0
241.0
264.0
264.0
278.0
279.0
196.0
265.0
254.0
197.0
262.0
279.0
278.0
240.0
256.0
246.0
280.0
232.0
279.0
277.0
196.0
278.0
276.0
278.0
278.0
263.0
190.0
277.0
280.0
263.0
278.0
281.0
262.0
260.0
226.0
240.0
265.0
278.0
276.0
264.0
258.0
192.0
250.0
265.0
200.0
273.0
200.0
278.0
221.0
281.0
277.0
260.0
276.0
276.0
230.0
196.0
278.0
271.0
273.0
266.0
278.0
247.0
204.0
261.0
241.0
282.0
241.0
273.0
263.0
280.0
256.0
261.0
196.0
268.0
262.0
272.0
277.0
248.0
279.0
244.0
234.0
279.0
281.0
226.0
256.0
263.0
278.0
273.0
263.0
237.0
279.0
279.0
241.0
239.0
271.0
255.0
260.0
254.0
276.0
278.0
197.0
199.0
275.0
197.0
276.0
263.0
270.0
279.0
233.0
262.0
242.0
273.0
276.0
259.0
280.0
191.0
266.0
279.0
275.0
280.0
277.0
271.0
273.0
262.0
254.0
277.0
241.0
272.0
279.0
275.0
282.0
272.0
166.0
240.0
240.0
265.0
198.0
272.0
261.0
278.0
278.0
262.0
212.0
258.0
197.0
281.0
284.0
263.0
273.0
273.0
245.0
273.0
