8848.0
8690.0
8200.0
7559.0
8035.0
8689.0
9014.0
8519.0
8201.0
9016.0
8038.0
8358.0
7879.0
8035.0
8694.0
8525.0
8036.0
8361.0
8037.0
8039.0
8364.0
8194.0
8360.0
8041.0
7875.0
8362.0
7719.0
8200.0
8038.0
7879.0
8525.0
8045.0
8040.0
7719.0
8525.0
8849.0
8367.0
8201.0
8194.0
9014.0
8522.0
7556.0
9019.0
8040.0
8040.0
7876.0
8356.0
8523.0
8356.0
8038.0
8854.0
8194.0
8525.0
8362.0
8040.0
8525.0
8201.0
8359.0
8199.0
8854.0
8522.0
8195.0
8525.0
8359.0
8197.0
7877.0
8528.0
8522.0
8194.0
7721.0
8528.0
8527.0
8524.0
8689.0
8359.0
8685.0
8039.0
7880.0
8042.0
7876.0
8202.0
8519.0
7720.0
8689.0
8039.0
7882.0
8848.0
7720.0
8363.0
8041.0
8039.0
8686.0
8201.0
8200.0
8039.0
8356.0
8037.0
8683.0
8042.0
8036.0
