220.0
303.0
304.0
299.0
306.0
306.0
311.0
309.0
305.0
300.0
269.0
281.0
307.0
275.0
282.0
304.0
309.0
305.0
306.0
216.0
297.0
308.0
309.0
308.0
281.0
286.0
308.0
310.0
283.0
308.0
306.0
282.0
309.0
308.0
305.0
311.0
305.0
308.0
308.0
300.0
298.0
288.0
307.0
302.0
306.0
309.0
283.0
287.0
282.0
273.0
305.0
307.0
310.0
310.0
211.0
280.0
284.0
259.0
309.0
306.0
306.0
308.0
292.0
305.0
307.0
282.0
308.0
309.0
306.0
308.0
307.0
310.0
307.0
305.0
311.0
310.0
305.0
306.0
283.0
301.0
271.0
282.0
259.0
280.0
311.0
309.0
301.0
305.0
307.0
308.0
306.0
306.0
292.0
305.0
308.0
306.0
304.0
288.0
258.0
306.0
309.0
305.0
310.0
309.0
281.0
282.0
308.0
311.0
293.0
238.0
282.0
310.0
305.0
310.0
281.0
305.0
310.0
247.0
309.0
309.0
305.0
309.0
288.0
298.0
277.0
305.0
288.0
305.0
305.0
308.0
307.0
278.0
306.0
285.0
281.0
309.0
307.0
305.0
308.0
308.0
310.0
308.0
220.0
311.0
312.0
308.0
304.0
311.0
305.0
306.0
308.0
304.0
307.0
309.0
310.0
304.0
306.0
308.0
304.0
309.0
306.0
306.0
282.0
310.0
280.0
309.0
306.0
285.0
310.0
306.0
309.0
306.0
300.0
308.0
283.0
308.0
309.0
297.0
310.0
282.0
309.0
288.0
258.0
309.0
298.0
310.0
286.0
283.0
309.0
297.0
309.0
306.0
306.0
310.0
309.0
309.0
309.0
287.0
286.0
289.0
