303.0
304.0
303.0
304.0
304.0
304.0
303.0
303.0
304.0
304.0
304.0
303.0
304.0
303.0
302.0
304.0
304.0
304.0
303.0
304.0
303.0
305.0
303.0
303.0
304.0
304.0
304.0
303.0
304.0
303.0
303.0
303.0
303.0
304.0
303.0
304.0
304.0
304.0
304.0
304.0
305.0
303.0
304.0
305.0
303.0
304.0
304.0
304.0
304.0
303.0
304.0
303.0
303.0
303.0
304.0
303.0
303.0
302.0
304.0
304.0
303.0
303.0
304.0
304.0
304.0
304.0
303.0
304.0
303.0
304.0
302.0
304.0
303.0
302.0
304.0
303.0
304.0
304.0
303.0
304.0
304.0
303.0
304.0
302.0
303.0
305.0
303.0
304.0
303.0
304.0
305.0
303.0
305.0
303.0
303.0
303.0
303.0
302.0
304.0
304.0
303.0
304.0
304.0
303.0
303.0
303.0
303.0
304.0
303.0
303.0
304.0
304.0
304.0
303.0
304.0
304.0
302.0
303.0
303.0
303.0
303.0
304.0
303.0
303.0
303.0
304.0
303.0
304.0
304.0
303.0
304.0
303.0
303.0
303.0
303.0
303.0
303.0
303.0
302.0
304.0
305.0
303.0
304.0
304.0
303.0
303.0
304.0
304.0
304.0
303.0
304.0
303.0
304.0
305.0
304.0
303.0
303.0
303.0
303.0
305.0
304.0
305.0
303.0
304.0
304.0
303.0
305.0
303.0
303.0
303.0
303.0
304.0
303.0
303.0
304.0
303.0
303.0
303.0
304.0
303.0
304.0
303.0
304.0
303.0
303.0
304.0
303.0
302.0
304.0
304.0
304.0
304.0
303.0
303.0
303.0
303.0
303.0
304.0
303.0
303.0
