15062.0
15061.0
15061.0
15062.0
15062.0
15061.0
15060.0
15061.0
15062.0
15061.0
15061.0
15061.0
15061.0
15061.0
15060.0
15062.0
15062.0
15062.0
15061.0
15062.0
15061.0
15060.0
15060.0
15061.0
15060.0
15061.0
15062.0
15062.0
15060.0
15061.0
15060.0
15061.0
15062.0
15062.0
15062.0
15060.0
15060.0
15062.0
15061.0
15062.0
15060.0
15062.0
15060.0
15060.0
15061.0
15062.0
15061.0
15061.0
15061.0
15060.0
15061.0
15062.0
15060.0
15062.0
15060.0
15062.0
15062.0
15059.0
15061.0
15061.0
15061.0
15060.0
15060.0
15061.0
15060.0
15059.0
15062.0
15060.0
15062.0
15062.0
15060.0
15062.0
15061.0
15060.0
15061.0
15061.0
15060.0
15061.0
15061.0
15062.0
15062.0
15062.0
15061.0
15060.0
15061.0
15061.0
15062.0
15060.0
15060.0
15060.0
15061.0
15061.0
15062.0
15061.0
15060.0
15062.0
15061.0
15062.0
15061.0
15061.0
