8854.0
8690.0
8201.0
7556.0
8044.0
8694.0
9015.0
8527.0
8202.0
9017.0
8041.0
8364.0
7877.0
8034.0
8684.0
8528.0
8040.0
8360.0
8037.0
8043.0
8360.0
8198.0
8361.0
8036.0
7878.0
8361.0
7716.0
8197.0
8037.0
7877.0
8528.0
8038.0
8044.0
7719.0
8528.0
8852.0
8357.0
8197.0
8197.0
9024.0
8520.0
7565.0
9019.0
8038.0
8038.0
7878.0
8365.0
8524.0
8362.0
8036.0
8855.0
8195.0
8528.0
8359.0
8046.0
8527.0
8197.0
8364.0
8199.0
8853.0
8522.0
8198.0
8527.0
8357.0
8199.0
7874.0
8519.0
8522.0
8201.0
7715.0
8524.0
8521.0
8523.0
8692.0
8367.0
8688.0
8036.0
7879.0
8035.0
7883.0
8204.0
8529.0
7719.0
8694.0
8035.0
7877.0
8849.0
7718.0
8360.0
8044.0
8040.0
8689.0
8205.0
8193.0
8040.0
8358.0
8042.0
8683.0
8041.0
8042.0
