4453.0
5307.0
4285.0
4622.0
4963.0
4621.0
4963.0
4622.0
4622.0
4118.0
3951.0
5135.0
5136.0
4792.0
5137.0
4962.0
4621.0
4453.0
4791.0
4621.0
4623.0
4792.0
4453.0
5134.0
4621.0
4284.0
4622.0
4962.0
4285.0
4621.0
4452.0
4791.0
4451.0
4792.0
4792.0
4622.0
4792.0
4963.0
4963.0
4141.0
4623.0
4792.0
5308.0
4963.0
4452.0
4453.0
4621.0
4623.0
4963.0
5307.0
3952.0
4622.0
4285.0
5307.0
4622.0
4791.0
4621.0
4622.0
4791.0
4452.0
4792.0
5135.0
4285.0
4621.0
4284.0
4963.0
4622.0
4962.0
4791.0
4963.0
4285.0
4622.0
4622.0
4791.0
4963.0
4792.0
4791.0
4963.0
4792.0
4791.0
4285.0
4792.0
4284.0
4285.0
4622.0
4118.0
4621.0
4622.0
4285.0
4452.0
4792.0
3787.0
5308.0
4792.0
4452.0
4792.0
4963.0
4453.0
5135.0
4453.0
4622.0
4791.0
4118.0
4285.0
4622.0
4118.0
4453.0
4963.0
4285.0
4452.0
4792.0
4792.0
5135.0
4791.0
4622.0
4793.0
4621.0
5308.0
4622.0
4792.0
4963.0
4622.0
4453.0
4621.0
4963.0
4622.0
5134.0
5135.0
4453.0
5309.0
4627.0
4963.0
4453.0
4791.0
4622.0
5135.0
4793.0
4793.0
4622.0
5135.0
4791.0
5307.0
4452.0
4963.0
4622.0
4792.0
4962.0
4452.0
4621.0
4118.0
4621.0
4622.0
4117.0
5135.0
4792.0
4452.0
4963.0
4622.0
5134.0
4284.0
5481.0
4452.0
5135.0
4453.0
5308.0
4962.0
5481.0
4791.0
4285.0
4792.0
4622.0
4622.0
3951.0
4792.0
5308.0
4791.0
5134.0
5307.0
4792.0
4285.0
4963.0
4622.0
4622.0
4452.0
4622.0
4792.0
4792.0
4964.0
4621.0
4792.0
4455.0
4791.0
4622.0
4791.0
4621.0
4623.0
4792.0
4793.0
4791.0
4621.0
