15062.0
15062.0
15062.0
15062.0
15062.0
15062.0
15062.0
15062.0
15062.0
15062.0
15062.0
15062.0
15062.0
15062.0
15062.0
15061.0
15062.0
15062.0
15062.0
15062.0
15062.0
15062.0
15061.0
15062.0
15062.0
15062.0
15062.0
15061.0
15062.0
15062.0
15062.0
15062.0
15062.0
15062.0
15062.0
15062.0
15062.0
15062.0
15062.0
15062.0
15062.0
15062.0
15062.0
15062.0
15062.0
15062.0
15062.0
15061.0
15062.0
15062.0
15062.0
15062.0
15062.0
15062.0
15062.0
15062.0
15062.0
15062.0
15062.0
15062.0
15062.0
15062.0
15062.0
15062.0
15062.0
15062.0
15062.0
15062.0
15062.0
15062.0
15062.0
15062.0
15062.0
15062.0
15062.0
15062.0
15062.0
15061.0
15062.0
15062.0
15062.0
15062.0
15062.0
15062.0
15062.0
15062.0
15062.0
15062.0
15061.0
15062.0
15062.0
15062.0
15062.0
15062.0
15062.0
15062.0
15062.0
15062.0
15062.0
15062.0
