9027.0
8873.0
8419.0
7823.0
8269.0
8876.0
9183.0
8723.0
8419.0
9182.0
8267.0
8571.0
8117.0
8269.0
8876.0
8721.0
8269.0
8569.0
8268.0
8269.0
8571.0
8418.0
8570.0
8268.0
8122.0
8568.0
7970.0
8418.0
8266.0
8117.0
8720.0
8268.0
8266.0
7969.0
8721.0
9030.0
8572.0
8417.0
8416.0
9185.0
8720.0
7823.0
9185.0
8267.0
8270.0
8119.0
8567.0
8723.0
8569.0
8267.0
9030.0
8418.0
8723.0
8569.0
8268.0
8720.0
8419.0
8566.0
8419.0
9028.0
8724.0
8420.0
8721.0
8570.0
8418.0
8120.0
8721.0
8722.0
8416.0
7971.0
8720.0
8722.0
8720.0
8874.0
8568.0
8876.0
8268.0
8117.0
8269.0
8120.0
8420.0
8723.0
7970.0
8873.0
8269.0
8121.0
9030.0
7970.0
8569.0
8267.0
8268.0
8873.0
8419.0
8420.0
8268.0
8571.0
8271.0
8877.0
8269.0
8268.0
