14690.0
14688.0
14688.0
14688.0
14690.0
14689.0
14687.0
14691.0
14686.0
14688.0
14688.0
14687.0
14688.0
14690.0
14691.0
14689.0
14688.0
14688.0
14690.0
14688.0
14688.0
14692.0
14689.0
14694.0
14688.0
14687.0
14687.0
14688.0
14688.0
14688.0
14693.0
14687.0
14688.0
14687.0
14689.0
14689.0
14687.0
14688.0
14690.0
14688.0
14688.0
14686.0
14688.0
14688.0
14688.0
14688.0
14689.0
14689.0
14689.0
14688.0
14689.0
14687.0
14690.0
14692.0
14688.0
14687.0
14691.0
14689.0
14688.0
14687.0
14691.0
14689.0
14690.0
14686.0
14688.0
14689.0
14689.0
14690.0
14690.0
14688.0
14691.0
14690.0
14691.0
14687.0
14689.0
14688.0
14689.0
14690.0
14694.0
14688.0
14690.0
14688.0
14688.0
14692.0
14688.0
14690.0
14689.0
14688.0
14688.0
14690.0
14689.0
14688.0
14688.0
14693.0
14689.0
14688.0
14688.0
14694.0
14686.0
14687.0
