5041.0
5839.0
4885.0
5199.0
5519.0
5200.0
5516.0
5201.0
5202.0
4732.0
4579.0
5677.0
5676.0
5358.0
5675.0
5516.0
5198.0
5042.0
5357.0
5201.0
5199.0
5360.0
5043.0
5678.0
5199.0
4886.0
5201.0
5516.0
4887.0
5197.0
5041.0
5358.0
5044.0
5356.0
5359.0
5198.0
5358.0
5518.0
5515.0
4734.0
5199.0
5359.0
5840.0
5516.0
5041.0
5042.0
5201.0
5199.0
5517.0
5839.0
4579.0
5200.0
4888.0
5836.0
5201.0
5357.0
5199.0
5199.0
5358.0
5042.0
5357.0
5677.0
4887.0
5201.0
4888.0
5517.0
5199.0
5517.0
5357.0
5517.0
4887.0
5198.0
5202.0
5357.0
5516.0
5357.0
5358.0
5516.0
5359.0
5358.0
4886.0
5357.0
4886.0
4887.0
5201.0
4731.0
5202.0
5199.0
4885.0
5041.0
5359.0
4426.0
5838.0
5358.0
5042.0
5359.0
5518.0
5043.0
5678.0
5044.0
5198.0
5356.0
4733.0
4888.0
5199.0
4732.0
5044.0
5517.0
4885.0
5043.0
5357.0
5361.0
5678.0
5357.0
5201.0
5358.0
5200.0
5838.0
5200.0
5360.0
5518.0
5200.0
5043.0
5199.0
5518.0
5200.0
5678.0
5679.0
5042.0
5837.0
5199.0
5515.0
5043.0
5359.0
5199.0
5676.0
5355.0
5356.0
5197.0
5677.0
5357.0
5839.0
5043.0
5518.0
5200.0
5357.0
5518.0
5043.0
5200.0
4734.0
5199.0
5199.0
4732.0
5677.0
5359.0
5045.0
5517.0
5201.0
5678.0
4887.0
6002.0
5044.0
5676.0
5042.0
5837.0
5517.0
6000.0
5358.0
4885.0
5359.0
5199.0
5198.0
4578.0
5357.0
5838.0
5357.0
5677.0
5838.0
5358.0
4886.0
5517.0
5198.0
5200.0
5043.0
5201.0
5357.0
5358.0
5517.0
5197.0
5356.0
5041.0
5358.0
5198.0
5357.0
5201.0
5198.0
5359.0
5357.0
5357.0
5201.0
