16084.0
16084.0
16085.0
16084.0
15776.0
16085.0
16083.0
16084.0
16085.0
16092.0
16084.0
16089.0
16084.0
16085.0
16090.0
16090.0
16084.0
16086.0
16089.0
16093.0
16084.0
16087.0
16084.0
16085.0
16085.0
16085.0
16090.0
16084.0
16085.0
16084.0
16086.0
16084.0
16085.0
16084.0
16084.0
16089.0
16084.0
16084.0
16084.0
16084.0
16084.0
16093.0
16089.0
16092.0
16088.0
16084.0
16084.0
16089.0
16084.0
16089.0
16084.0
16090.0
16086.0
16086.0
16084.0
16092.0
16092.0
16084.0
16084.0
16091.0
16084.0
16087.0
16084.0
16093.0
16092.0
15935.0
16084.0
16084.0
16084.0
16084.0
16092.0
16083.0
16090.0
16084.0
16084.0
16093.0
16084.0
16090.0
16084.0
16084.0
16084.0
16085.0
16084.0
16088.0
16089.0
16092.0
16084.0
16086.0
16084.0
16085.0
16084.0
16094.0
16091.0
16084.0
16084.0
16084.0
16091.0
16084.0
16086.0
16091.0
