4456.0
5310.0
4289.0
4625.0
4966.0
4625.0
4966.0
4624.0
4625.0
4122.0
3956.0
5137.0
5138.0
4796.0
5138.0
4965.0
4626.0
4456.0
4795.0
4625.0
4626.0
4795.0
4456.0
5138.0
4625.0
4288.0
4625.0
4967.0
4288.0
4626.0
4456.0
4795.0
4456.0
4795.0
4795.0
4625.0
4795.0
4967.0
4966.0
4121.0
4625.0
4795.0
5311.0
4965.0
4457.0
4456.0
4625.0
4625.0
4966.0
5311.0
3955.0
4625.0
4288.0
5311.0
4625.0
4795.0
4626.0
4626.0
4795.0
4457.0
4795.0
5138.0
4288.0
4625.0
4289.0
4966.0
4625.0
4966.0
4795.0
4966.0
4288.0
4625.0
4625.0
4795.0
4966.0
4796.0
4796.0
4966.0
4796.0
4795.0
4289.0
4795.0
4288.0
4288.0
4625.0
4121.0
4625.0
4625.0
4289.0
4456.0
4795.0
3792.0
5312.0
4795.0
4455.0
4795.0
4966.0
4456.0
5139.0
4456.0
4625.0
4796.0
4121.0
4289.0
4625.0
4122.0
4456.0
4966.0
4288.0
4456.0
4797.0
4796.0
5138.0
4795.0
4626.0
4796.0
4625.0
5313.0
4625.0
4795.0
4966.0
4625.0
4456.0
4625.0
4967.0
4625.0
5138.0
5138.0
4457.0
5310.0
4625.0
4966.0
4456.0
4795.0
4625.0
5140.0
4796.0
4795.0
4626.0
5137.0
4795.0
5310.0
4456.0
4967.0
4626.0
4795.0
4966.0
4456.0
4625.0
4122.0
4625.0
4625.0
4121.0
5137.0
4795.0
4456.0
4966.0
4626.0
5138.0
4289.0
5485.0
4456.0
5139.0
4456.0
5311.0
4965.0
5486.0
4795.0
4288.0
4795.0
4625.0
4625.0
3955.0
4795.0
5312.0
4795.0
5138.0
5312.0
4796.0
4288.0
4967.0
4625.0
4626.0
4457.0
4625.0
4796.0
4795.0
4967.0
4626.0
4796.0
4457.0
4796.0
4625.0
4796.0
4625.0
4625.0
4796.0
4795.0
4795.0
4626.0
