12468.0
12153.0
11998.0
11376.0
11838.0
12472.0
12308.0
11838.0
12152.0
12151.0
11684.0
12150.0
11995.0
11993.0
12309.0
11993.0
11994.0
12310.0
11838.0
11993.0
12149.0
12151.0
12312.0
11840.0
12311.0
12471.0
11683.0
11837.0
11993.0
11993.0
12150.0
12468.0
12467.0
11993.0
12311.0
12791.0
12309.0
12628.0
11841.0
12468.0
12151.0
11685.0
12468.0
12154.0
11994.0
12152.0
12627.0
12470.0
11837.0
11997.0
12468.0
12155.0
11997.0
12309.0
12154.0
12469.0
12471.0
12469.0
12152.0
12627.0
12467.0
12152.0
12467.0
12153.0
12152.0
11840.0
12308.0
12628.0
11992.0
11683.0
12155.0
12467.0
12307.0
12150.0
12627.0
12308.0
11837.0
11995.0
12310.0
11997.0
11997.0
12790.0
11995.0
12629.0
11681.0
11684.0
12151.0
11682.0
12308.0
11994.0
12468.0
12309.0
11994.0
12312.0
11996.0
12152.0
11998.0
12471.0
11528.0
11994.0
