205.0
245.0
278.0
281.0
283.0
279.0
282.0
283.0
278.0
276.0
277.0
281.0
226.0
280.0
271.0
278.0
194.0
278.0
243.0
188.0
277.0
277.0
236.0
277.0
278.0
283.0
237.0
279.0
255.0
194.0
278.0
271.0
261.0
241.0
281.0
276.0
190.0
254.0
282.0
277.0
282.0
252.0
257.0
277.0
267.0
188.0
272.0
195.0
283.0
245.0
281.0
245.0
266.0
279.0
279.0
243.0
281.0
194.0
268.0
278.0
278.0
275.0
254.0
267.0
266.0
224.0
241.0
244.0
207.0
273.0
280.0
272.0
281.0
270.0
254.0
283.0
272.0
241.0
273.0
278.0
198.0
243.0
195.0
255.0
281.0
276.0
193.0
256.0
272.0
245.0
273.0
272.0
211.0
194.0
273.0
281.0
278.0
281.0
246.0
257.0
284.0
273.0
258.0
278.0
277.0
283.0
273.0
283.0
210.0
268.0
195.0
282.0
213.0
245.0
267.0
278.0
198.0
247.0
244.0
282.0
195.0
274.0
240.0
273.0
266.0
245.0
242.0
281.0
279.0
279.0
268.0
207.0
226.0
278.0
197.0
266.0
260.0
248.0
280.0
278.0
280.0
250.0
276.0
245.0
241.0
277.0
278.0
267.0
241.0
194.0
279.0
280.0
278.0
278.0
281.0
272.0
275.0
240.0
271.0
272.0
265.0
277.0
206.0
280.0
281.0
280.0
255.0
276.0
278.0
254.0
278.0
276.0
254.0
195.0
280.0
240.0
279.0
255.0
276.0
198.0
175.0
272.0
245.0
281.0
262.0
245.0
159.0
191.0
280.0
242.0
280.0
195.0
276.0
269.0
281.0
246.0
271.0
276.0
222.0
194.0
