308.0
307.0
307.0
308.0
308.0
309.0
307.0
308.0
308.0
308.0
308.0
308.0
308.0
307.0
307.0
308.0
307.0
308.0
308.0
307.0
310.0
308.0
308.0
308.0
307.0
308.0
308.0
308.0
309.0
308.0
308.0
308.0
309.0
310.0
308.0
308.0
308.0
307.0
307.0
307.0
308.0
307.0
307.0
307.0
307.0
309.0
308.0
307.0
307.0
307.0
308.0
307.0
307.0
308.0
308.0
308.0
307.0
308.0
307.0
309.0
307.0
308.0
308.0
308.0
308.0
307.0
308.0
308.0
308.0
308.0
308.0
308.0
308.0
308.0
309.0
308.0
308.0
307.0
307.0
307.0
307.0
308.0
308.0
308.0
307.0
308.0
308.0
308.0
307.0
308.0
308.0
308.0
308.0
308.0
308.0
308.0
308.0
307.0
308.0
308.0
308.0
307.0
308.0
308.0
307.0
309.0
309.0
308.0
308.0
309.0
308.0
308.0
307.0
307.0
307.0
308.0
308.0
308.0
309.0
308.0
307.0
308.0
308.0
308.0
307.0
308.0
307.0
309.0
308.0
308.0
308.0
306.0
308.0
307.0
308.0
308.0
307.0
308.0
307.0
307.0
307.0
307.0
309.0
308.0
308.0
309.0
308.0
308.0
307.0
307.0
308.0
308.0
308.0
307.0
307.0
308.0
307.0
309.0
307.0
308.0
308.0
307.0
309.0
309.0
308.0
307.0
308.0
307.0
308.0
308.0
308.0
307.0
308.0
309.0
307.0
308.0
307.0
308.0
309.0
308.0
308.0
308.0
308.0
307.0
308.0
309.0
308.0
307.0
307.0
308.0
310.0
308.0
307.0
308.0
308.0
309.0
309.0
307.0
308.0
307.0
