14685.0
14682.0
14687.0
14689.0
14693.0
14695.0
14689.0
14685.0
14692.0
14687.0
14683.0
14687.0
14685.0
14689.0
14686.0
14683.0
14684.0
14688.0
14692.0
14686.0
14691.0
14687.0
14686.0
14685.0
14684.0
14686.0
14685.0
14683.0
14683.0
14683.0
14682.0
14685.0
14685.0
14685.0
14684.0
14684.0
14683.0
14684.0
14685.0
14682.0
14686.0
14687.0
14684.0
14689.0
14685.0
14683.0
14685.0
14686.0
14683.0
14693.0
14691.0
14685.0
14693.0
14684.0
14687.0
14686.0
14684.0
14686.0
14685.0
14688.0
14687.0
14689.0
14687.0
14690.0
14683.0
14687.0
14688.0
14692.0
14685.0
14684.0
14686.0
14686.0
14682.0
14685.0
14683.0
14680.0
14682.0
14683.0
14683.0
14684.0
14689.0
14682.0
14687.0
14686.0
14688.0
14681.0
14690.0
14684.0
14683.0
14688.0
14692.0
14689.0
14683.0
14688.0
14686.0
14686.0
14684.0
14682.0
14687.0
14682.0
