4437.0
4272.0
4102.0
3931.0
3767.0
4271.0
4437.0
4099.0
4612.0
4439.0
3598.0
4100.0
3766.0
4440.0
4610.0
4439.0
4268.0
3930.0
4099.0
3766.0
3600.0
4268.0
4784.0
3767.0
3273.0
4268.0
3933.0
4437.0
3931.0
3931.0
4611.0
4104.0
4102.0
3435.0
4441.0
4439.0
4098.0
3766.0
4440.0
4608.0
4271.0
3601.0
4267.0
3933.0
3271.0
4271.0
4269.0
4438.0
4612.0
4103.0
4098.0
4099.0
4101.0
4442.0
3930.0
4957.0
3936.0
4098.0
4437.0
4613.0
4105.0
4102.0
4267.0
4440.0
3936.0
3932.0
4440.0
4437.0
4268.0
4269.0
4269.0
4439.0
4612.0
4785.0
3932.0
4268.0
4105.0
3106.0
3930.0
4272.0
3935.0
4101.0
3933.0
4101.0
4269.0
3933.0
4612.0
3435.0
4270.0
4440.0
4439.0
4099.0
4272.0
4100.0
3599.0
4442.0
3764.0
4783.0
4099.0
3931.0
3765.0
4100.0
3931.0
3764.0
3933.0
4267.0
3768.0
3931.0
4268.0
4273.0
4438.0
4269.0
4609.0
4438.0
4268.0
4612.0
4272.0
4610.0
3763.0
4437.0
4268.0
3764.0
3766.0
4102.0
4099.0
4268.0
4612.0
4103.0
4099.0
4611.0
3763.0
4272.0
3602.0
3766.0
4612.0
4267.0
4102.0
3932.0
3768.0
4440.0
4440.0
4608.0
3931.0
4104.0
4442.0
3767.0
4100.0
4784.0
3932.0
3932.0
3930.0
3434.0
4441.0
3934.0
4611.0
3603.0
3767.0
3765.0
4270.0
4104.0
4438.0
3767.0
3932.0
4101.0
4104.0
4441.0
4613.0
4267.0
4267.0
4271.0
3935.0
4440.0
4609.0
4613.0
4271.0
3935.0
3764.0
3769.0
4439.0
4268.0
4612.0
3598.0
4268.0
3931.0
3934.0
3768.0
4438.0
4267.0
4099.0
4104.0
4610.0
3767.0
4441.0
4441.0
4438.0
3935.0
3934.0
3934.0
3768.0
4612.0
