9883.0
9729.0
9273.0
8679.0
9123.0
9729.0
10038.0
9576.0
9273.0
10038.0
9123.0
9424.0
8974.0
9123.0
9729.0
9576.0
9123.0
9424.0
9123.0
9123.0
9424.0
9273.0
9424.0
9123.0
8974.0
9424.0
8826.0
9273.0
9123.0
8974.0
9576.0
9123.0
9123.0
8826.0
9576.0
9883.0
9424.0
9273.0
9273.0
10038.0
9576.0
8679.0
10038.0
9123.0
9123.0
8974.0
9424.0
9576.0
9424.0
9123.0
9883.0
9273.0
9576.0
9424.0
9123.0
9576.0
9273.0
9424.0
9273.0
9883.0
9576.0
9273.0
9576.0
9424.0
9273.0
8974.0
9576.0
9576.0
9273.0
8826.0
9576.0
9576.0
9576.0
9729.0
9424.0
9729.0
9123.0
8974.0
9123.0
8974.0
9273.0
9576.0
8826.0
9729.0
9123.0
8974.0
9883.0
8826.0
9424.0
9123.0
9123.0
9729.0
9273.0
9273.0
9123.0
9424.0
9123.0
9729.0
9123.0
9123.0
