308.0
312.0
312.0
311.0
312.0
313.0
306.0
314.0
315.0
313.0
314.0
276.0
224.0
313.0
224.0
314.0
225.0
295.0
315.0
294.0
314.0
255.0
296.0
295.0
312.0
312.0
313.0
310.0
312.0
294.0
313.0
313.0
271.0
314.0
312.0
314.0
297.0
314.0
313.0
310.0
312.0
295.0
313.0
315.0
255.0
307.0
312.0
254.0
291.0
254.0
312.0
313.0
306.0
314.0
240.0
313.0
314.0
270.0
312.0
314.0
254.0
274.0
311.0
313.0
295.0
312.0
309.0
302.0
315.0
315.0
312.0
314.0
313.0
313.0
314.0
312.0
313.0
290.0
313.0
277.0
225.0
313.0
307.0
306.0
312.0
313.0
313.0
312.0
313.0
188.0
314.0
314.0
295.0
224.0
311.0
312.0
309.0
312.0
313.0
314.0
307.0
312.0
293.0
295.0
276.0
314.0
314.0
314.0
314.0
295.0
313.0
295.0
295.0
290.0
314.0
313.0
314.0
311.0
314.0
314.0
214.0
314.0
307.0
314.0
315.0
313.0
272.0
277.0
308.0
312.0
295.0
285.0
312.0
313.0
291.0
312.0
311.0
277.0
300.0
313.0
290.0
240.0
300.0
279.0
307.0
315.0
311.0
314.0
246.0
224.0
315.0
312.0
297.0
290.0
301.0
314.0
301.0
314.0
313.0
312.0
311.0
313.0
310.0
301.0
314.0
313.0
314.0
314.0
312.0
314.0
316.0
308.0
313.0
314.0
272.0
295.0
308.0
310.0
310.0
313.0
202.0
314.0
312.0
300.0
254.0
314.0
312.0
275.0
308.0
275.0
299.0
313.0
295.0
313.0
314.0
312.0
310.0
294.0
313.0
295.0
