226.0
273.0
290.0
314.0
314.0
314.0
313.0
317.0
317.0
314.0
308.0
272.0
224.0
316.0
289.0
315.0
315.0
290.0
312.0
224.0
314.0
315.0
317.0
311.0
314.0
235.0
314.0
314.0
311.0
291.0
313.0
251.0
225.0
292.0
314.0
316.0
312.0
313.0
313.0
314.0
317.0
313.0
312.0
313.0
313.0
314.0
314.0
290.0
290.0
272.0
314.0
290.0
313.0
277.0
294.0
313.0
290.0
294.0
313.0
312.0
311.0
314.0
315.0
313.0
315.0
314.0
313.0
314.0
316.0
293.0
253.0
316.0
314.0
312.0
291.0
316.0
314.0
314.0
275.0
274.0
241.0
315.0
315.0
315.0
313.0
311.0
314.0
316.0
315.0
315.0
312.0
313.0
254.0
276.0
313.0
313.0
273.0
309.0
313.0
314.0
315.0
313.0
316.0
294.0
314.0
312.0
315.0
314.0
250.0
290.0
314.0
312.0
313.0
290.0
275.0
313.0
316.0
315.0
290.0
313.0
314.0
317.0
316.0
314.0
292.0
314.0
274.0
313.0
313.0
313.0
312.0
277.0
313.0
317.0
313.0
314.0
314.0
298.0
316.0
315.0
290.0
313.0
314.0
292.0
312.0
275.0
315.0
315.0
290.0
224.0
314.0
315.0
312.0
312.0
315.0
313.0
290.0
312.0
273.0
314.0
224.0
312.0
316.0
312.0
315.0
312.0
315.0
312.0
315.0
317.0
301.0
309.0
316.0
290.0
277.0
314.0
309.0
313.0
315.0
313.0
226.0
278.0
290.0
312.0
312.0
318.0
224.0
312.0
316.0
313.0
314.0
212.0
313.0
312.0
314.0
291.0
317.0
312.0
274.0
254.0
