327.0
325.0
324.0
325.0
327.0
324.0
325.0
325.0
325.0
325.0
327.0
326.0
324.0
326.0
325.0
325.0
327.0
325.0
325.0
327.0
325.0
324.0
325.0
325.0
325.0
325.0
325.0
325.0
327.0
325.0
325.0
327.0
324.0
325.0
325.0
325.0
325.0
325.0
324.0
325.0
325.0
327.0
325.0
325.0
325.0
327.0
325.0
325.0
325.0
325.0
325.0
325.0
325.0
325.0
325.0
325.0
325.0
325.0
325.0
324.0
325.0
324.0
326.0
324.0
325.0
325.0
325.0
325.0
325.0
324.0
325.0
324.0
325.0
325.0
325.0
325.0
324.0
325.0
325.0
325.0
325.0
324.0
324.0
325.0
325.0
325.0
327.0
325.0
325.0
325.0
325.0
325.0
325.0
325.0
325.0
327.0
325.0
325.0
325.0
324.0
325.0
325.0
326.0
324.0
325.0
325.0
327.0
325.0
325.0
325.0
325.0
325.0
325.0
325.0
325.0
325.0
324.0
325.0
324.0
324.0
325.0
327.0
325.0
325.0
325.0
324.0
325.0
325.0
325.0
325.0
325.0
325.0
325.0
325.0
325.0
325.0
324.0
325.0
325.0
325.0
325.0
325.0
325.0
325.0
325.0
325.0
325.0
324.0
325.0
325.0
325.0
325.0
325.0
325.0
325.0
324.0
325.0
325.0
325.0
325.0
327.0
325.0
325.0
325.0
325.0
325.0
325.0
324.0
327.0
324.0
327.0
325.0
324.0
324.0
325.0
325.0
325.0
325.0
325.0
325.0
325.0
325.0
325.0
325.0
325.0
325.0
324.0
325.0
327.0
325.0
325.0
327.0
325.0
325.0
327.0
327.0
325.0
327.0
325.0
325.0
