280.0
277.0
281.0
283.0
280.0
281.0
284.0
283.0
281.0
279.0
279.0
283.0
281.0
282.0
281.0
281.0
282.0
280.0
280.0
276.0
282.0
279.0
281.0
280.0
281.0
282.0
281.0
283.0
280.0
281.0
281.0
282.0
279.0
280.0
283.0
280.0
280.0
264.0
281.0
282.0
283.0
283.0
282.0
283.0
281.0
282.0
281.0
281.0
281.0
281.0
283.0
283.0
281.0
285.0
273.0
280.0
280.0
282.0
279.0
279.0
284.0
284.0
283.0
286.0
283.0
282.0
281.0
280.0
279.0
281.0
281.0
281.0
278.0
284.0
283.0
282.0
280.0
283.0
281.0
279.0
285.0
281.0
282.0
282.0
283.0
284.0
283.0
282.0
282.0
280.0
284.0
281.0
282.0
279.0
281.0
280.0
283.0
282.0
281.0
280.0
282.0
275.0
283.0
280.0
282.0
282.0
282.0
280.0
283.0
280.0
280.0
280.0
281.0
284.0
280.0
281.0
281.0
282.0
281.0
282.0
281.0
282.0
281.0
285.0
282.0
284.0
281.0
283.0
264.0
282.0
283.0
282.0
284.0
281.0
278.0
280.0
280.0
282.0
281.0
281.0
280.0
277.0
279.0
282.0
280.0
281.0
275.0
281.0
282.0
281.0
282.0
282.0
280.0
281.0
280.0
280.0
281.0
280.0
281.0
281.0
274.0
280.0
282.0
281.0
278.0
281.0
283.0
281.0
279.0
281.0
282.0
282.0
285.0
281.0
276.0
281.0
280.0
283.0
281.0
280.0
283.0
264.0
282.0
281.0
280.0
282.0
281.0
282.0
283.0
279.0
282.0
283.0
283.0
283.0
282.0
284.0
281.0
281.0
280.0
279.0
