4455.0
5310.0
4287.0
4624.0
4966.0
4624.0
4965.0
4623.0
4624.0
4121.0
3955.0
5137.0
5137.0
4795.0
5138.0
4966.0
4625.0
4455.0
4794.0
4625.0
4625.0
4795.0
4457.0
5136.0
4624.0
4287.0
4624.0
4965.0
4287.0
4624.0
4455.0
4797.0
4455.0
4793.0
4797.0
4625.0
4795.0
4966.0
4966.0
4121.0
4625.0
4795.0
5311.0
4966.0
4456.0
4456.0
4624.0
4625.0
4965.0
5310.0
3955.0
4625.0
4287.0
5311.0
4624.0
4794.0
4624.0
4624.0
4796.0
4455.0
4796.0
5137.0
4288.0
4624.0
4287.0
4966.0
4626.0
4966.0
4794.0
4967.0
4288.0
4625.0
4625.0
4794.0
4967.0
4794.0
4794.0
4966.0
4795.0
4795.0
4289.0
4794.0
4287.0
4287.0
4625.0
4120.0
4625.0
4625.0
4286.0
4455.0
4795.0
3788.0
5310.0
4795.0
4455.0
4795.0
4966.0
4455.0
5137.0
4456.0
