8855.0
8688.0
8204.0
7557.0
8039.0
8685.0
9017.0
8521.0
8201.0
9020.0
8041.0
8359.0
7874.0
8038.0
8685.0
8519.0
8036.0
8369.0
8038.0
8043.0
8364.0
8201.0
8358.0
8036.0
7882.0
8362.0
7718.0
8197.0
8039.0
7879.0
8524.0
8036.0
8036.0
7716.0
8520.0
8852.0
8362.0
8195.0
8201.0
9016.0
8520.0
7563.0
9018.0
8038.0
8035.0
7876.0
8357.0
8522.0
8359.0
8036.0
8851.0
8201.0
8529.0
8359.0
8034.0
8523.0
8198.0
8359.0
8200.0
8852.0
8522.0
8196.0
8522.0
8355.0
8204.0
7874.0
8528.0
8524.0
8197.0
7719.0
8522.0
8519.0
8528.0
8684.0
8360.0
8684.0
8035.0
7874.0
8036.0
7881.0
8198.0
8521.0
7721.0
8686.0
8044.0
7880.0
8852.0
7720.0
8366.0
8036.0
8037.0
8687.0
8202.0
8196.0
8039.0
8359.0
8043.0
8690.0
8035.0
8036.0
