4439.0
4274.0
4109.0
3935.0
3771.0
4277.0
4439.0
4101.0
4610.0
4442.0
3606.0
4107.0
3771.0
4440.0
4617.0
4442.0
4274.0
3938.0
4102.0
3772.0
3606.0
4270.0
4786.0
3772.0
3280.0
4269.0
3934.0
4444.0
3934.0
3935.0
4615.0
4108.0
4110.0
3440.0
4443.0
4440.0
4107.0
3774.0
4445.0
4613.0
4274.0
3599.0
4272.0
3937.0
3277.0
4274.0
4269.0
4441.0
4612.0
4105.0
4103.0
4101.0
4107.0
4439.0
3934.0
4956.0
3942.0
4102.0
4440.0
4610.0
4103.0
4103.0
4276.0
4440.0
3935.0
3936.0
4440.0
4442.0
4268.0
4276.0
4275.0
4442.0
4621.0
4785.0
3936.0
4270.0
4103.0
3113.0
3938.0
4271.0
3939.0
4101.0
3936.0
4110.0
4278.0
3936.0
4610.0
3441.0
4277.0
4445.0
4446.0
4102.0
4279.0
4103.0
3606.0
4442.0
3773.0
4782.0
4103.0
3937.0
3772.0
4101.0
3932.0
3769.0
3935.0
4273.0
3771.0
3939.0
4276.0
4272.0
4446.0
4274.0
4614.0
4440.0
4268.0
4612.0
4273.0
4613.0
3768.0
4439.0
4271.0
3766.0
3769.0
4104.0
4101.0
4271.0
4620.0
4101.0
4111.0
4610.0
3772.0
4271.0
3610.0
3772.0
4614.0
4271.0
4102.0
3940.0
3766.0
4443.0
4442.0
4617.0
3939.0
4106.0
4440.0
3771.0
4108.0
4784.0
3939.0
3933.0
3939.0
3441.0
4444.0
3940.0
4612.0
3600.0
3768.0
3770.0
4269.0
4102.0
4443.0
3776.0
3935.0
4107.0
4101.0
4439.0
4611.0
4269.0
4270.0
4272.0
3933.0
4450.0
4612.0
4613.0
4270.0
3935.0
3766.0
3768.0
4441.0
4271.0
4614.0
3600.0
4269.0
3939.0
3940.0
3770.0
4443.0
4276.0
4101.0
4105.0
4612.0
3766.0
4442.0
4439.0
4447.0
3938.0
3935.0
3939.0
3770.0
4615.0
