3962.0
5309.0
4286.0
4295.0
4966.0
4793.0
5136.0
4793.0
4454.0
3788.0
3963.0
5136.0
5309.0
4632.0
5138.0
5309.0
3962.0
4625.0
4623.0
4623.0
4286.0
4793.0
4454.0
4964.0
4632.0
4286.0
4972.0
4793.0
3953.0
4454.0
4465.0
5136.0
4454.0
4964.0
4964.0
4793.0
4623.0
4964.0
5136.0
4297.0
4964.0
4964.0
5136.0
4793.0
4632.0
4454.0
4463.0
4795.0
4964.0
5136.0
3799.0
4286.0
4454.0
4964.0
4964.0
4964.0
4793.0
4634.0
4795.0
4296.0
4793.0
5309.0
4623.0
4793.0
4465.0
4964.0
4964.0
5146.0
4964.0
5136.0
4294.0
4793.0
4463.0
4964.0
5309.0
5136.0
4793.0
4634.0
4804.0
5309.0
4454.0
4286.0
4288.0
4119.0
4793.0
4465.0
4474.0
4964.0
4286.0
4634.0
4623.0
3969.0
5309.0
4454.0
4286.0
4975.0
4964.0
4286.0
4964.0
3953.0
4465.0
4634.0
4456.0
4625.0
4454.0
3965.0
