14683.0
14681.0
14680.0
14680.0
14680.0
14683.0
14680.0
14680.0
14680.0
14680.0
14682.0
14680.0
14684.0
14681.0
14680.0
14684.0
14680.0
14682.0
14680.0
14680.0
14681.0
14682.0
14683.0
14682.0
14680.0
14680.0
14680.0
14681.0
14680.0
14680.0
14680.0
14680.0
14680.0
14681.0
14681.0
14680.0
14680.0
14680.0
14681.0
14681.0
14683.0
14680.0
14681.0
14680.0
14681.0
14682.0
14680.0
14680.0
14680.0
14680.0
14680.0
14680.0
14680.0
14680.0
14680.0
14680.0
14680.0
14680.0
14680.0
14680.0
14680.0
14680.0
14684.0
14680.0
14680.0
14680.0
14680.0
14683.0
14681.0
14683.0
14680.0
14683.0
14680.0
14684.0
14680.0
14680.0
14680.0
14684.0
14680.0
14681.0
14680.0
14683.0
14680.0
14680.0
14680.0
14683.0
14680.0
14680.0
14684.0
14680.0
14680.0
14680.0
14680.0
14681.0
14680.0
14680.0
14682.0
14680.0
14680.0
14680.0
