5046.0
5839.0
4888.0
5202.0
5519.0
5200.0
5518.0
5201.0
5201.0
4734.0
4579.0
5679.0
5679.0
5360.0
5679.0
5520.0
5202.0
5046.0
5360.0
5201.0
5202.0
5361.0
5044.0
5679.0
5201.0
4888.0
5201.0
5518.0
4888.0
5201.0
5044.0
5359.0
5043.0
5359.0
5359.0
5202.0
5359.0
5518.0
5518.0
4734.0
5203.0
5360.0
5840.0
5519.0
5045.0
5046.0
5202.0
5200.0
5520.0
5840.0
4580.0
5201.0
4889.0
5839.0
5202.0
5359.0
5201.0
5201.0
5359.0
5045.0
5360.0
5678.0
4889.0
5202.0
4890.0
5518.0
5202.0
5518.0
5359.0
5518.0
4888.0
5200.0
5201.0
5359.0
5519.0
5359.0
5360.0
5519.0
5359.0
5360.0
4888.0
5360.0
4889.0
4889.0
5201.0
4734.0
5201.0
5202.0
4889.0
5044.0
5360.0
4425.0
5839.0
5360.0
5044.0
5359.0
5519.0
5045.0
5678.0
5044.0
