4440.0
4267.0
4107.0
3936.0
3774.0
4272.0
4440.0
4102.0
4610.0
4442.0
3609.0
4107.0
3773.0
4440.0
4611.0
4441.0
4273.0
3938.0
4100.0
3772.0
3605.0
4275.0
4779.0
3768.0
3276.0
4270.0
3930.0
4440.0
3933.0
3931.0
4614.0
4101.0
4108.0
3440.0
4440.0
4440.0
4100.0
3767.0
4438.0
4607.0
4272.0
3602.0
4270.0
3932.0
3278.0
4269.0
4270.0
4444.0
4612.0
4097.0
4103.0
4100.0
4107.0
4439.0
3932.0
4958.0
3934.0
4102.0
4438.0
4613.0
4099.0
4100.0
4276.0
4441.0
3937.0
3934.0
4445.0
4440.0
4271.0
4279.0
4269.0
4439.0
4611.0
4788.0
3933.0
4269.0
4100.0
3115.0
3939.0
4265.0
3935.0
4100.0
3935.0
4108.0
4278.0
3931.0
4617.0
3440.0
4277.0
4439.0
4444.0
4101.0
4274.0
4101.0
3609.0
4443.0
3773.0
4785.0
4102.0
3933.0
3768.0
4101.0
3939.0
3767.0
3932.0
4277.0
3758.0
3932.0
4277.0
4270.0
4449.0
4264.0
4609.0
4439.0
4276.0
4612.0
4270.0
4611.0
3765.0
4438.0
4268.0
3767.0
3766.0
4105.0
4102.0
4268.0
4619.0
4099.0
4080.0
4609.0
3773.0
4271.0
3607.0
3767.0
4614.0
4269.0
4100.0
3941.0
3772.0
4442.0
4439.0
4618.0
3939.0
4100.0
4441.0
3776.0
4108.0
4785.0
3941.0
3935.0
3940.0
3445.0
4437.0
3946.0
4611.0
3597.0
3763.0
3772.0
4267.0
4102.0
4438.0
3766.0
3928.0
4107.0
4104.0
4440.0
4610.0
4273.0
4273.0
4269.0
3932.0
4448.0
4610.0
4610.0
4267.0
3933.0
3762.0
3766.0
4440.0
4271.0
4612.0
3601.0
4272.0
3943.0
3940.0
3764.0
4439.0
4277.0
4102.0
4098.0
4611.0
3769.0
4441.0
4440.0
4444.0
3941.0
3932.0
3931.0
3766.0
4611.0
