14685.0
14686.0
14686.0
14686.0
14686.0
14686.0
14685.0
14685.0
14686.0
14687.0
14686.0
14686.0
14685.0
14686.0
14686.0
14687.0
14686.0
14686.0
14686.0
14686.0
14686.0
14685.0
14686.0
14685.0
14685.0
14686.0
14687.0
14687.0
14684.0
14687.0
14685.0
14685.0
14686.0
14685.0
14686.0
14686.0
14685.0
14684.0
14685.0
14684.0
14685.0
14686.0
14684.0
14685.0
14686.0
14687.0
14686.0
14686.0
14685.0
14685.0
14686.0
14687.0
14685.0
14685.0
14686.0
14686.0
14686.0
14685.0
14685.0
14686.0
14686.0
14685.0
14684.0
14687.0
14684.0
14684.0
14685.0
14685.0
14687.0
14686.0
14685.0
14688.0
14685.0
14686.0
14685.0
14686.0
14685.0
14687.0
14685.0
14685.0
14687.0
14687.0
14685.0
14687.0
14686.0
14686.0
14687.0
14685.0
14686.0
14686.0
14685.0
14685.0
14686.0
14685.0
14686.0
14686.0
14686.0
14686.0
14686.0
14686.0
