14684.0
14686.0
14684.0
14685.0
14685.0
14685.0
14683.0
14684.0
14682.0
14685.0
14685.0
14686.0
14684.0
14684.0
14685.0
14684.0
14684.0
14684.0
14685.0
14685.0
14685.0
14686.0
14684.0
14684.0
14684.0
14685.0
14683.0
14684.0
14685.0
14684.0
14684.0
14684.0
14684.0
14684.0
14685.0
14684.0
14684.0
14684.0
14684.0
14682.0
14682.0
14685.0
14683.0
14684.0
14685.0
14685.0
14685.0
14683.0
14685.0
14684.0
14685.0
14686.0
14684.0
14682.0
14685.0
14684.0
14685.0
14684.0
14684.0
14684.0
14684.0
14684.0
14682.0
14682.0
14684.0
14685.0
14685.0
14686.0
14684.0
14685.0
14684.0
14685.0
14684.0
14683.0
14684.0
14683.0
14684.0
14684.0
14683.0
14685.0
14683.0
14684.0
14685.0
14685.0
14684.0
14683.0
14686.0
14686.0
14685.0
14684.0
14685.0
14682.0
14684.0
14684.0
14685.0
14684.0
14683.0
14683.0
14683.0
14684.0
