5043.0
5838.0
4886.0
5202.0
5519.0
5201.0
5518.0
5201.0
5201.0
4733.0
4579.0
5679.0
5679.0
5359.0
5677.0
5518.0
5202.0
5044.0
5359.0
5201.0
5200.0
5360.0
5045.0
5680.0
5201.0
4888.0
5202.0
5519.0
4888.0
5199.0
5045.0
5359.0
5045.0
5360.0
5359.0
5202.0
5359.0
5519.0
5519.0
4732.0
5201.0
5360.0
5838.0
5519.0
5044.0
5044.0
5202.0
5201.0
5517.0
5840.0
4578.0
5200.0
4889.0
5840.0
5201.0
5359.0
5203.0
5203.0
5359.0
5046.0
5359.0
5679.0
4886.0
5200.0
4889.0
5518.0
5202.0
5518.0
5359.0
5518.0
4886.0
5201.0
5200.0
5360.0
5520.0
5359.0
5359.0
5519.0
5359.0
5360.0
4888.0
5359.0
4887.0
4889.0
5203.0
4733.0
5200.0
5202.0
4889.0
5044.0
5360.0
4428.0
5840.0
5360.0
5044.0
5360.0
5520.0
5044.0
5679.0
5046.0
