4535.0
4377.0
4217.0
4060.0
3905.0
4375.0
4535.0
4217.0
4694.0
4535.0
3751.0
4218.0
3906.0
4532.0
4694.0
4535.0
4376.0
4060.0
4219.0
3904.0
3750.0
4375.0
4857.0
3904.0
3443.0
4377.0
4060.0
4536.0
4061.0
4059.0
4694.0
4218.0
4218.0
3595.0
4535.0
4536.0
4217.0
3905.0
4535.0
4694.0
4377.0
3750.0
4376.0
4061.0
3443.0
4375.0
4375.0
4534.0
4695.0
4218.0
4218.0
4218.0
4217.0
4536.0
4061.0
5018.0
4060.0
4217.0
4534.0
4695.0
4219.0
4219.0
4375.0
4536.0
4061.0
4062.0
4534.0
4535.0
4376.0
4375.0
4375.0
4534.0
4693.0
4855.0
4060.0
4376.0
4218.0
3291.0
4061.0
4375.0
4062.0
4217.0
4060.0
4218.0
4376.0
4060.0
4695.0
3595.0
4376.0
4534.0
4535.0
4218.0
4377.0
4217.0
3749.0
4535.0
3906.0
4853.0
4218.0
4061.0
3905.0
4218.0
4061.0
3906.0
4061.0
4375.0
3906.0
4062.0
4377.0
4376.0
4534.0
4377.0
4695.0
4534.0
4377.0
4694.0
4376.0
4695.0
3904.0
4535.0
4377.0
3905.0
3905.0
4216.0
4217.0
4375.0
4695.0
4218.0
4218.0
4696.0
3905.0
4375.0
3751.0
3904.0
4695.0
4375.0
4217.0
4061.0
3903.0
4532.0
4535.0
4694.0
4061.0
4218.0
4534.0
3905.0
4217.0
4854.0
4062.0
4061.0
4060.0
3595.0
4536.0
4061.0
4696.0
3750.0
3905.0
3905.0
4375.0
4217.0
4535.0
3905.0
4061.0
4217.0
4217.0
4536.0
4695.0
4376.0
4376.0
4375.0
4061.0
4534.0
4695.0
4696.0
4375.0
4058.0
3905.0
3905.0
4535.0
4376.0
4694.0
3748.0
4375.0
4059.0
4061.0
3905.0
4536.0
4374.0
4215.0
4219.0
4695.0
3906.0
4535.0
4535.0
4534.0
4061.0
4059.0
4062.0
3906.0
4696.0
