4454.0
5309.0
4286.0
4632.0
4964.0
4625.0
4975.0
4623.0
4632.0
4119.0
3964.0
5138.0
5145.0
4793.0
5138.0
4964.0
4632.0
4463.0
4795.0
4634.0
4623.0
4793.0
4454.0
5136.0
4623.0
4297.0
4632.0
4966.0
4286.0
4623.0
4454.0
4803.0
4454.0
4793.0
4793.0
4623.0
4793.0
4964.0
4975.0
4119.0
4623.0
4793.0
5311.0
4964.0
4464.0
4454.0
4623.0
4625.0
4966.0
5309.0
3953.0
4623.0
4286.0
5309.0
4623.0
4804.0
4634.0
4623.0
4793.0
4456.0
4793.0
5136.0
4295.0
4634.0
4297.0
4975.0
4623.0
4964.0
4804.0
4964.0
4286.0
4623.0
4633.0
4793.0
4964.0
4802.0
4793.0
4964.0
4795.0
4804.0
4286.0
4793.0
4297.0
4295.0
4634.0
4130.0
4623.0
4634.0
4286.0
4454.0
4793.0
3788.0
5309.0
4793.0
4454.0
4793.0
4964.0
4454.0
5138.0
4454.0
4634.0
4793.0
4130.0
4288.0
4623.0
4130.0
4454.0
4965.0
4288.0
4454.0
4795.0
4795.0
5136.0
4793.0
4623.0
4793.0
4623.0
5309.0
4623.0
4793.0
4964.0
4632.0
4454.0
4623.0
4975.0
4632.0
5136.0
5136.0
4454.0
5309.0
4623.0
4964.0
4454.0
4793.0
4632.0
5136.0
4803.0
4793.0
4623.0
5136.0
4793.0
5309.0
4454.0
4964.0
4634.0
4804.0
4964.0
4456.0
4623.0
4119.0
4633.0
4634.0
4129.0
5138.0
4793.0
4454.0
4964.0
4623.0
5136.0
4286.0
5483.0
4454.0
5136.0
4465.0
5309.0
4964.0
5483.0
4803.0
4286.0
4793.0
4632.0
4636.0
3964.0
4793.0
5309.0
4793.0
5136.0
5309.0
4793.0
4286.0
4964.0
4623.0
4623.0
4464.0
4632.0
4807.0
4793.0
4964.0
4623.0
4793.0
4456.0
4794.0
4623.0
4793.0
4632.0
4625.0
4793.0
4793.0
4793.0
4623.0
