4456.0
5311.0
4288.0
4625.0
4966.0
4625.0
5015.0
4625.0
4625.0
4121.0
3955.0
5139.0
5138.0
4795.0
5138.0
4966.0
4625.0
4456.0
4795.0
4625.0
4626.0
4796.0
4456.0
5138.0
4625.0
4290.0
4627.0
4975.0
4289.0
4626.0
4457.0
4795.0
4456.0
4795.0
4873.0
4627.0
4795.0
4966.0
4965.0
4166.0
4625.0
4795.0
5311.0
4966.0
4456.0
4456.0
4627.0
4625.0
4966.0
5348.0
3955.0
4625.0
4288.0
5312.0
4626.0
4795.0
4625.0
4626.0
4796.0
4456.0
4795.0
5138.0
4289.0
4625.0
4288.0
4967.0
4626.0
4980.0
4795.0
4967.0
4289.0
4625.0
4625.0
4795.0
4967.0
4796.0
4794.0
4966.0
4845.0
4796.0
4304.0
4796.0
4288.0
4288.0
4625.0
4171.0
4625.0
4625.0
4335.0
4457.0
4795.0
3790.0
5312.0
4841.0
4457.0
4796.0
4968.0
4456.0
5138.0
4456.0
4626.0
4810.0
4121.0
4287.0
4625.0
4121.0
4455.0
4966.0
4288.0
4456.0
4795.0
4796.0
5138.0
4796.0
4625.0
4796.0
4625.0
5311.0
4625.0
4796.0
4967.0
4641.0
4502.0
4625.0
4967.0
4625.0
5138.0
5138.0
4456.0
5312.0
4625.0
4966.0
4458.0
4796.0
4627.0
5137.0
4796.0
4795.0
4625.0
5139.0
4796.0
5313.0
4456.0
4966.0
4626.0
4795.0
4978.0
4509.0
4626.0
4121.0
4625.0
4625.0
4122.0
5138.0
4795.0
4457.0
4967.0
4626.0
5138.0
4288.0
5485.0
4456.0
5138.0
4455.0
5311.0
4966.0
5486.0
4795.0
4288.0
4795.0
4625.0
4625.0
3955.0
4796.0
5312.0
4795.0
5139.0
5311.0
4795.0
4289.0
4966.0
4626.0
4624.0
4457.0
4625.0
4795.0
4795.0
4966.0
4625.0
4796.0
4472.0
4796.0
4626.0
4795.0
4625.0
4625.0
4796.0
4795.0
4794.0
4625.0
