4453.0
5308.0
4285.0
4622.0
4963.0
4622.0
4963.0
4622.0
4622.0
4118.0
3952.0
5135.0
5136.0
4792.0
5135.0
4962.0
4622.0
4453.0
4792.0
4624.0
4622.0
4792.0
4453.0
5135.0
4622.0
4285.0
4622.0
4963.0
4285.0
4622.0
4453.0
4792.0
4453.0
4792.0
4792.0
4622.0
4791.0
4963.0
4963.0
4118.0
4622.0
4792.0
5308.0
4963.0
4453.0
4453.0
4622.0
4622.0
4963.0
5308.0
3954.0
4624.0
4284.0
5308.0
4622.0
4792.0
4624.0
4622.0
4792.0
4453.0
4794.0
5135.0
4285.0
4622.0
4285.0
4962.0
4622.0
4963.0
4792.0
4963.0
4285.0
4622.0
4622.0
4792.0
4963.0
4792.0
4792.0
4963.0
4792.0
4792.0
4285.0
4792.0
4285.0
4285.0
4622.0
4118.0
4622.0
4622.0
4286.0
4453.0
4792.0
3787.0
5308.0
4792.0
4453.0
4792.0
4963.0
4454.0
5135.0
4453.0
4622.0
4792.0
4117.0
4287.0
4622.0
4118.0
4453.0
4963.0
4285.0
4453.0
4792.0
4792.0
5135.0
4792.0
4622.0
4792.0
4622.0
5308.0
4622.0
4792.0
4963.0
4622.0
4453.0
4622.0
4963.0
4622.0
5135.0
5135.0
4453.0
5308.0
4622.0
4963.0
4453.0
4794.0
4622.0
5135.0
4792.0
4792.0
4622.0
5135.0
4792.0
5308.0
4453.0
4963.0
4622.0
4794.0
4963.0
4453.0
4622.0
4118.0
4622.0
4622.0
4118.0
5134.0
4792.0
4453.0
4963.0
4622.0
5135.0
4285.0
5482.0
4453.0
5134.0
4453.0
5308.0
4963.0
5482.0
4792.0
4285.0
4792.0
4622.0
4622.0
3952.0
4792.0
5309.0
4792.0
5135.0
5308.0
4792.0
4285.0
4963.0
4622.0
4622.0
4453.0
4622.0
4792.0
4791.0
4963.0
4622.0
4792.0
4454.0
4792.0
4622.0
4792.0
4622.0
4622.0
4792.0
4792.0
4792.0
4622.0
