9702.0
9538.0
9056.0
8409.0
8886.0
9536.0
9867.0
9372.0
9046.0
9867.0
8892.0
9209.0
8726.0
8886.0
9536.0
9372.0
8885.0
9218.0
8887.0
8895.0
9209.0
9047.0
9209.0
8886.0
8734.0
9209.0
8568.0
9048.0
8886.0
8726.0
9376.0
8886.0
8887.0
8567.0
9372.0
9700.0
9209.0
9047.0
9048.0
9867.0
9372.0
8410.0
9867.0
8886.0
8887.0
8733.0
9209.0
9373.0
9209.0
8886.0
9701.0
9049.0
9381.0
9209.0
8885.0
9372.0
9049.0
9209.0
9054.0
9701.0
9372.0
9049.0
9372.0
9208.0
9056.0
8726.0
9380.0
9372.0
9047.0
8567.0
9372.0
9372.0
9380.0
9536.0
9207.0
9536.0
8885.0
8726.0
8892.0
8726.0
9047.0
9373.0
8567.0
9537.0
8894.0
8726.0
9701.0
8571.0
9217.0
8886.0
8894.0
9538.0
9054.0
9047.0
8886.0
9209.0
8888.0
9539.0
8891.0
8886.0
