5046.0
5841.0
4890.0
5203.0
5520.0
5203.0
5520.0
5203.0
5203.0
4735.0
4581.0
5680.0
5680.0
5361.0
5680.0
5520.0
5203.0
5046.0
5361.0
5203.0
5203.0
5361.0
5046.0
5680.0
5203.0
4890.0
5203.0
5520.0
4890.0
5203.0
5046.0
5361.0
5046.0
5361.0
5361.0
5203.0
5361.0
5520.0
5520.0
4735.0
5203.0
5361.0
5841.0
5520.0
5046.0
5046.0
5203.0
5203.0
5520.0
5841.0
4581.0
5203.0
4890.0
5841.0
5203.0
5361.0
5203.0
5203.0
5361.0
5046.0
5361.0
5680.0
4890.0
5203.0
4890.0
5520.0
5203.0
5520.0
5361.0
5520.0
4890.0
5203.0
5203.0
5361.0
5520.0
5361.0
5361.0
5520.0
5361.0
5361.0
4890.0
5361.0
4890.0
4890.0
5203.0
4735.0
5203.0
5203.0
4890.0
5046.0
5361.0
4428.0
5841.0
5361.0
5046.0
5361.0
5520.0
5046.0
5680.0
5046.0
5203.0
5361.0
4735.0
4889.0
5203.0
4735.0
5046.0
5520.0
4890.0
5046.0
5361.0
5361.0
5680.0
5361.0
5203.0
5361.0
5203.0
5841.0
5203.0
5361.0
5520.0
5203.0
5046.0
5203.0
5520.0
5203.0
5680.0
5680.0
5046.0
5841.0
5203.0
5520.0
5046.0
5361.0
5203.0
5680.0
5361.0
5361.0
5203.0
5680.0
5361.0
5841.0
5046.0
5520.0
5203.0
5361.0
5520.0
5046.0
5203.0
4735.0
5203.0
5203.0
4735.0
5680.0
5361.0
5046.0
5520.0
5203.0
5680.0
4890.0
6003.0
5046.0
5680.0
5046.0
5841.0
5520.0
6003.0
5361.0
4890.0
5361.0
5203.0
5203.0
4581.0
5361.0
5841.0
5361.0
5680.0
5841.0
5361.0
4890.0
5520.0
5203.0
5203.0
5045.0
5203.0
5361.0
5361.0
5520.0
5203.0
5361.0
5046.0
5361.0
5203.0
5361.0
5203.0
5203.0
5361.0
5361.0
5361.0
5203.0
