8848.0
8682.0
8199.0
7555.0
8034.0
8682.0
9014.0
8518.0
8193.0
9013.0
8033.0
8361.0
7878.0
8033.0
8682.0
8519.0
8032.0
8355.0
8032.0
8033.0
8355.0
8193.0
8361.0
8032.0
7876.0
8361.0
7719.0
8194.0
8032.0
7877.0
8520.0
8032.0
8032.0
7713.0
8523.0
8847.0
8355.0
8193.0
8193.0
9014.0
8524.0
7560.0
9013.0
8032.0
8038.0
7872.0
8361.0
8524.0
8361.0
8032.0
8847.0
8193.0
8518.0
8355.0
8037.0
8518.0
8193.0
8356.0
8193.0
8847.0
8518.0
8198.0
8518.0
8359.0
8199.0
7874.0
8524.0
8518.0
8193.0
7719.0
8518.0
8518.0
8518.0
8683.0
8355.0
8682.0
8032.0
7872.0
8032.0
7878.0
8193.0
8518.0
7713.0
8682.0
8038.0
7872.0
8847.0
7714.0
8361.0
8038.0
8036.0
8683.0
8193.0
8198.0
8032.0
8359.0
8038.0
8682.0
8036.0
8035.0
