16085.0
16085.0
16086.0
16088.0
16086.0
16087.0
16087.0
16088.0
16086.0
16086.0
16085.0
16086.0
16086.0
16086.0
16086.0
16087.0
16086.0
16086.0
16086.0
16087.0
16086.0
16086.0
16085.0
16086.0
16084.0
16086.0
16085.0
16087.0
16089.0
16084.0
16087.0
16085.0
16086.0
16087.0
16086.0
16087.0
16085.0
16085.0
16088.0
16085.0
16086.0
16085.0
16086.0
16086.0
16085.0
16084.0
16088.0
16084.0
16086.0
16087.0
16086.0
16088.0
16086.0
16085.0
16086.0
16085.0
16087.0
16086.0
16087.0
16085.0
16090.0
16088.0
16086.0
16088.0
16087.0
16087.0
16086.0
16088.0
16085.0
16087.0
16085.0
16086.0
16086.0
16086.0
16089.0
16085.0
16085.0
16086.0
16086.0
16087.0
16086.0
16088.0
16086.0
16086.0
16086.0
16086.0
16085.0
16087.0
16086.0
16085.0
16087.0
16088.0
16085.0
16084.0
16086.0
16087.0
16087.0
16086.0
16085.0
16086.0
