12732.0
12438.0
12291.0
11717.0
12147.0
12731.0
12584.0
12148.0
12437.0
12438.0
12001.0
12435.0
12292.0
12292.0
12584.0
12290.0
12292.0
12584.0
12148.0
12291.0
12439.0
12436.0
12586.0
12147.0
12583.0
12732.0
12004.0
12148.0
12291.0
12292.0
12436.0
12733.0
12733.0
12290.0
12583.0
13030.0
12584.0
12881.0
12147.0
12733.0
12439.0
12002.0
12733.0
12437.0
12292.0
12439.0
12881.0
12733.0
12145.0
12292.0
12734.0
12437.0
12292.0
12585.0
12438.0
12733.0
12732.0
12730.0
12437.0
12881.0
12733.0
12435.0
12732.0
12437.0
12438.0
12148.0
12583.0
12879.0
12291.0
12002.0
12437.0
12734.0
12586.0
12437.0
12881.0
12584.0
12147.0
12291.0
12586.0
12292.0
12292.0
13031.0
12292.0
12881.0
12001.0
12000.0
12438.0
12002.0
12583.0
12292.0
12732.0
12586.0
12293.0
12584.0
12292.0
12436.0
12293.0
12732.0
11860.0
12291.0
