4533.0
4375.0
4219.0
4060.0
3904.0
4375.0
4535.0
4219.0
4694.0
4534.0
3748.0
4218.0
3906.0
4532.0
4693.0
4536.0
4377.0
4059.0
4216.0
3904.0
3748.0
4376.0
4853.0
3904.0
3443.0
4377.0
4060.0
4536.0
4060.0
4062.0
4695.0
4215.0
4219.0
3594.0
4535.0
4533.0
4215.0
3902.0
4536.0
4694.0
4376.0
3751.0
4377.0
4062.0
3440.0
4377.0
4376.0
4535.0
4693.0
4218.0
4217.0
4217.0
4214.0
4534.0
4058.0
5019.0
4062.0
4216.0
4533.0
4693.0
4217.0
4219.0
4374.0
4534.0
4061.0
4062.0
4536.0
4535.0
4375.0
4377.0
4374.0
4535.0
4695.0
4856.0
4061.0
4376.0
4215.0
3290.0
4061.0
4374.0
4060.0
4216.0
4060.0
4219.0
4375.0
4061.0
4696.0
3596.0
4377.0
4534.0
4535.0
4218.0
4375.0
4218.0
3750.0
4532.0
3904.0
4856.0
4215.0
4061.0
3906.0
4217.0
4061.0
3905.0
4059.0
4376.0
3903.0
4061.0
4375.0
4375.0
4533.0
4377.0
4695.0
4534.0
4375.0
4694.0
4374.0
4692.0
3905.0
4533.0
4377.0
3906.0
3906.0
4215.0
4218.0
4377.0
4696.0
4216.0
4217.0
4693.0
3903.0
4373.0
3748.0
3901.0
4693.0
4374.0
4216.0
4058.0
3905.0
4532.0
4534.0
4693.0
4060.0
4216.0
4536.0
3906.0
4215.0
4855.0
4058.0
4060.0
4061.0
3594.0
4534.0
4059.0
4693.0
3749.0
3903.0
3904.0
4375.0
4216.0
4533.0
3904.0
4059.0
4215.0
4217.0
4536.0
4694.0
4375.0
4377.0
4375.0
4060.0
4535.0
4694.0
4695.0
4373.0
4059.0
3905.0
3902.0
4532.0
4377.0
4694.0
3749.0
4376.0
4060.0
4058.0
3902.0
4534.0
4374.0
4217.0
4219.0
4695.0
3904.0
4533.0
4535.0
4535.0
4061.0
4062.0
4059.0
3905.0
4695.0
