4536.0
4377.0
4219.0
4062.0
3906.0
4377.0
4536.0
4219.0
4696.0
4536.0
3751.0
4219.0
3906.0
4536.0
4696.0
4536.0
4377.0
4062.0
4219.0
3906.0
3751.0
4377.0
4857.0
3906.0
3444.0
4377.0
4062.0
4536.0
4062.0
4062.0
4696.0
4219.0
4219.0
3597.0
4536.0
4536.0
4219.0
3906.0
4536.0
4696.0
4377.0
3751.0
4377.0
4062.0
3444.0
4377.0
4377.0
4536.0
4696.0
4219.0
4219.0
4219.0
4219.0
4536.0
4062.0
5019.0
4062.0
4219.0
4536.0
4696.0
4219.0
4219.0
4377.0
4536.0
4062.0
4062.0
4536.0
4536.0
4377.0
4377.0
4377.0
4536.0
4696.0
4857.0
4062.0
4377.0
4219.0
3292.0
4062.0
4377.0
4062.0
4219.0
4062.0
4219.0
4377.0
4062.0
4696.0
3597.0
4377.0
4536.0
4536.0
4219.0
4377.0
4219.0
3751.0
4536.0
3906.0
4857.0
4219.0
4062.0
3906.0
4219.0
4062.0
3906.0
4062.0
4377.0
3906.0
4062.0
4377.0
4377.0
4536.0
4377.0
4696.0
4536.0
4377.0
4696.0
4377.0
4696.0
3906.0
4536.0
4377.0
3906.0
3906.0
4219.0
4219.0
4377.0
4696.0
4219.0
4219.0
4696.0
3906.0
4377.0
3751.0
3906.0
4696.0
4377.0
4219.0
4062.0
3906.0
4536.0
4536.0
4696.0
4062.0
4219.0
4536.0
3906.0
4219.0
4857.0
4062.0
4062.0
4062.0
3597.0
4536.0
4062.0
4696.0
3751.0
3906.0
3906.0
4377.0
4219.0
4536.0
3906.0
4062.0
4219.0
4219.0
4536.0
4696.0
4377.0
4377.0
4377.0
4062.0
4536.0
4696.0
4696.0
4377.0
4062.0
3906.0
3906.0
4536.0
4377.0
4696.0
3751.0
4377.0
4062.0
4062.0
3906.0
4536.0
4377.0
4219.0
4219.0
4696.0
3906.0
4536.0
4536.0
4536.0
4062.0
4062.0
4062.0
3906.0
4696.0
