8852.0
8685.0
8198.0
7561.0
8035.0
8686.0
9019.0
8522.0
8197.0
9017.0
8036.0
8361.0
7875.0
8037.0
8688.0
8521.0
8037.0
8357.0
8038.0
8038.0
8360.0
8197.0
8359.0
8037.0
7877.0
8358.0
7716.0
8199.0
8037.0
7877.0
8521.0
8036.0
8036.0
7718.0
8521.0
8851.0
8359.0
8197.0
8197.0
9017.0
8522.0
7560.0
9016.0
8035.0
8037.0
7876.0
8359.0
8521.0
8362.0
8034.0
8849.0
8199.0
8520.0
8359.0
8038.0
8521.0
8197.0
8359.0
8194.0
8850.0
8520.0
8199.0
8521.0
8360.0
8197.0
7875.0
8524.0
8522.0
8196.0
7716.0
8521.0
8522.0
8521.0
8685.0
8357.0
8686.0
8039.0
7874.0
8036.0
7873.0
8197.0
8524.0
7716.0
8686.0
8034.0
7876.0
8854.0
7719.0
8357.0
8036.0
8037.0
8684.0
8198.0
8196.0
8032.0
8359.0
8035.0
8687.0
8038.0
8036.0
