281.0
278.0
280.0
292.0
291.0
279.0
292.0
284.0
291.0
291.0
291.0
284.0
290.0
292.0
290.0
291.0
289.0
291.0
280.0
289.0
293.0
291.0
292.0
291.0
290.0
289.0
292.0
287.0
291.0
289.0
286.0
288.0
291.0
283.0
286.0
289.0
273.0
292.0
293.0
281.0
285.0
282.0
280.0
291.0
285.0
291.0
294.0
277.0
287.0
289.0
279.0
291.0
292.0
290.0
283.0
291.0
291.0
280.0
286.0
290.0
290.0
287.0
290.0
291.0
287.0
290.0
284.0
290.0
294.0
289.0
290.0
296.0
277.0
290.0
277.0
290.0
290.0
286.0
289.0
291.0
286.0
293.0
285.0
292.0
275.0
291.0
290.0
285.0
291.0
293.0
285.0
283.0
288.0
286.0
290.0
292.0
287.0
290.0
292.0
292.0
291.0
289.0
291.0
292.0
287.0
292.0
284.0
282.0
290.0
292.0
286.0
262.0
291.0
286.0
287.0
282.0
288.0
291.0
288.0
294.0
278.0
294.0
286.0
291.0
288.0
290.0
292.0
292.0
290.0
279.0
293.0
290.0
291.0
282.0
283.0
292.0
281.0
294.0
287.0
290.0
291.0
293.0
283.0
291.0
279.0
291.0
291.0
278.0
291.0
291.0
284.0
290.0
291.0
286.0
278.0
290.0
282.0
284.0
293.0
291.0
279.0
292.0
276.0
279.0
286.0
290.0
287.0
281.0
290.0
292.0
292.0
291.0
290.0
288.0
278.0
290.0
290.0
279.0
292.0
292.0
291.0
290.0
290.0
297.0
291.0
282.0
292.0
290.0
293.0
291.0
292.0
290.0
294.0
291.0
289.0
292.0
291.0
293.0
288.0
290.0
