8849.0
8682.0
8194.0
7556.0
8033.0
8681.0
9014.0
8518.0
8194.0
9013.0
8033.0
8356.0
7872.0
8034.0
8684.0
8519.0
8031.0
8354.0
8033.0
8033.0
8356.0
8194.0
8355.0
8032.0
7873.0
8358.0
7713.0
8193.0
8032.0
7873.0
8518.0
8033.0
8032.0
7714.0
8519.0
8847.0
8355.0
8195.0
8194.0
9013.0
8518.0
7555.0
9013.0
8033.0
8032.0
7873.0
8360.0
8518.0
8356.0
8032.0
8847.0
8194.0
8518.0
8355.0
8032.0
8518.0
8194.0
8355.0
8193.0
8848.0
8519.0
8193.0
8517.0
8356.0
8194.0
7872.0
8517.0
8519.0
8194.0
7714.0
8518.0
8518.0
8518.0
8682.0
8356.0
8682.0
8032.0
7872.0
8032.0
7872.0
8195.0
8521.0
7713.0
8682.0
8032.0
7873.0
8848.0
7713.0
8356.0
8032.0
8032.0
8683.0
8194.0
8193.0
8033.0
8355.0
8033.0
8682.0
8033.0
8032.0
