8850.0
8684.0
8197.0
7557.0
8037.0
8684.0
9021.0
8520.0
8201.0
9015.0
8042.0
8363.0
7881.0
8040.0
8687.0
8525.0
8034.0
8365.0
8034.0
8040.0
8365.0
8196.0
8363.0
8036.0
7878.0
8361.0
7720.0
8200.0
8034.0
7879.0
8520.0
8035.0
8043.0
7719.0
8523.0
8849.0
8360.0
8198.0
8195.0
9021.0
8520.0
7558.0
9015.0
8034.0
8038.0
7877.0
8361.0
8521.0
8357.0
8042.0
8853.0
8195.0
8520.0
8361.0
8041.0
8526.0
8202.0
8357.0
8195.0
8852.0
8520.0
8202.0
8522.0
8358.0
8202.0
7874.0
8530.0
8520.0
8195.0
7717.0
8525.0
8523.0
8522.0
8689.0
8360.0
8685.0
8038.0
7876.0
8038.0
7874.0
8199.0
8520.0
7716.0
8689.0
8042.0
7880.0
8849.0
7719.0
8365.0
8036.0
8037.0
8685.0
8196.0
8198.0
8037.0
8363.0
8038.0
8684.0
8036.0
8038.0
