8851.0
8688.0
8198.0
7564.0
8039.0
8689.0
9017.0
8523.0
8199.0
9020.0
8038.0
8357.0
7875.0
8039.0
8687.0
8521.0
8039.0
8358.0
8035.0
8038.0
8360.0
8198.0
8360.0
8040.0
7875.0
8361.0
7716.0
8199.0
8038.0
7876.0
8522.0
8035.0
8039.0
7718.0
8524.0
8850.0
8363.0
8196.0
8196.0
9018.0
8521.0
7561.0
9018.0
8036.0
8038.0
7875.0
8358.0
8522.0
8360.0
8035.0
8852.0
8199.0
8520.0
8359.0
8039.0
8522.0
8199.0
8357.0
8199.0
8854.0
8521.0
8196.0
8522.0
8361.0
8195.0
7876.0
8525.0
8524.0
8200.0
7721.0
8521.0
8526.0
8520.0
8690.0
8360.0
8685.0
8040.0
7875.0
8036.0
7873.0
8201.0
8525.0
7717.0
8685.0
8035.0
7878.0
8852.0
7718.0
8358.0
8039.0
8035.0
8686.0
8200.0
8196.0
8037.0
8360.0
8035.0
8687.0
8037.0
8037.0
