4444.0
4274.0
4107.0
3939.0
3771.0
4275.0
4446.0
4105.0
4615.0
4443.0
3606.0
4106.0
3771.0
4444.0
4616.0
4445.0
4274.0
3938.0
4106.0
3771.0
3604.0
4275.0
4787.0
3771.0
3275.0
4274.0
3938.0
4444.0
3938.0
3937.0
4615.0
4107.0
4107.0
3437.0
4444.0
4445.0
4106.0
3769.0
4444.0
4615.0
4275.0
3604.0
4273.0
3938.0
3275.0
4275.0
4275.0
4445.0
4615.0
4105.0
4104.0
4107.0
4104.0
4445.0
3938.0
4960.0
3937.0
4105.0
4444.0
4616.0
4106.0
4107.0
4275.0
4446.0
3937.0
3937.0
4445.0
4445.0
4275.0
4274.0
4274.0
4445.0
4616.0
4787.0
3938.0
4273.0
4105.0
3113.0
3937.0
4275.0
3939.0
4106.0
3937.0
4107.0
4276.0
3938.0
4617.0
3441.0
4275.0
4445.0
4445.0
4104.0
4275.0
4106.0
3605.0
4444.0
3770.0
4787.0
4106.0
3937.0
3772.0
4106.0
3936.0
3771.0
3936.0
4274.0
3771.0
3937.0
4275.0
4274.0
4445.0
4275.0
4615.0
4445.0
4275.0
4615.0
4275.0
4615.0
3771.0
4445.0
4274.0
3770.0
3769.0
4106.0
4105.0
4275.0
4615.0
4107.0
4107.0
4616.0
3771.0
4274.0
3606.0
3770.0
4615.0
4274.0
4104.0
3937.0
3770.0
4446.0
4444.0
4615.0
3936.0
4105.0
4444.0
3770.0
4107.0
4788.0
3937.0
3936.0
3937.0
3439.0
4445.0
3936.0
4615.0
3603.0
3771.0
3772.0
4274.0
4108.0
4444.0
3771.0
3938.0
4106.0
4106.0
4447.0
4616.0
4274.0
4275.0
4273.0
3937.0
4445.0
4615.0
4617.0
4276.0
3938.0
3770.0
3770.0
4445.0
4274.0
4615.0
3606.0
4274.0
3939.0
3938.0
3771.0
4446.0
4275.0
4105.0
4105.0
4616.0
3769.0
4445.0
4446.0
4445.0
3937.0
3937.0
3939.0
3771.0
4617.0
