12466.0
12156.0
11994.0
11382.0
11840.0
12470.0
12310.0
11838.0
12153.0
12149.0
11687.0
12149.0
11994.0
11992.0
12307.0
12002.0
11999.0
12304.0
11839.0
12001.0
12149.0
12148.0
12316.0
11834.0
12315.0
12469.0
11689.0
11839.0
11993.0
11999.0
12153.0
12466.0
12474.0
11996.0
12311.0
12790.0
12310.0
12633.0
11844.0
12471.0
12152.0
11685.0
12472.0
12154.0
12001.0
12159.0
12627.0
12468.0
11838.0
11997.0
12469.0
12151.0
11998.0
12307.0
12157.0
12466.0
12469.0
12470.0
12151.0
12630.0
12469.0
12154.0
12473.0
12151.0
12157.0
11836.0
12307.0
12626.0
11995.0
11681.0
12149.0
12469.0
12307.0
12152.0
12636.0
12312.0
11843.0
11996.0
12308.0
11996.0
11998.0
12789.0
11998.0
12629.0
11681.0
11683.0
12151.0
11685.0
12309.0
11992.0
12468.0
12311.0
12003.0
12309.0
11998.0
12158.0
11998.0
12468.0
11529.0
11992.0
