9882.0
9727.0
9272.0
8678.0
9121.0
9727.0
10035.0
9575.0
9271.0
10037.0
9122.0
9424.0
8972.0
9122.0
9728.0
9573.0
9120.0
9422.0
9121.0
9121.0
9422.0
9270.0
9422.0
9121.0
8973.0
9423.0
8826.0
9271.0
9122.0
8973.0
9576.0
9122.0
9121.0
8826.0
9575.0
9882.0
9423.0
9272.0
9272.0
10036.0
9574.0
8678.0
10036.0
9121.0
9122.0
8971.0
9423.0
9572.0
9423.0
9122.0
9882.0
9272.0
9574.0
9421.0
9120.0
9576.0
9272.0
9423.0
9272.0
9882.0
9575.0
9273.0
9574.0
9422.0
9271.0
8973.0
9575.0
9575.0
9272.0
8825.0
9574.0
9572.0
9575.0
9729.0
9421.0
9726.0
9122.0
8971.0
9119.0
8973.0
9272.0
9574.0
8825.0
9729.0
9123.0
8972.0
9880.0
8824.0
9422.0
9120.0
9121.0
9726.0
9272.0
9272.0
9121.0
9423.0
9121.0
9727.0
9123.0
9120.0
