8852.0
8691.0
8202.0
7556.0
8038.0
8694.0
9017.0
8523.0
8199.0
9017.0
8048.0
8362.0
7878.0
8039.0
8689.0
8528.0
8043.0
8364.0
8037.0
8036.0
8364.0
8203.0
8367.0
8045.0
7878.0
8367.0
7722.0
8199.0
8036.0
7876.0
8531.0
8036.0
8040.0
7719.0
8532.0
8851.0
8362.0
8204.0
8197.0
9018.0
8533.0
7561.0
9020.0
8036.0
8048.0
7876.0
8360.0
8524.0
8361.0
8037.0
8861.0
8199.0
8522.0
8363.0
8038.0
8525.0
8202.0
8359.0
8199.0
8855.0
8523.0
8199.0
8528.0
8366.0
8201.0
7878.0
8528.0
8523.0
8198.0
7715.0
8528.0
8522.0
8526.0
8694.0
8357.0
8686.0
8040.0
7877.0
8042.0
7890.0
8200.0
8525.0
7723.0
8688.0
8038.0
7880.0
8850.0
7718.0
8365.0
8036.0
8037.0
8684.0
8198.0
8197.0
8041.0
8362.0
8041.0
8687.0
8038.0
8039.0
