8850.0
8684.0
8202.0
7562.0
8034.0
8690.0
9019.0
8520.0
8203.0
9015.0
8039.0
8362.0
7874.0
8037.0
8686.0
8528.0
8035.0
8368.0
8034.0
8046.0
8360.0
8195.0
8365.0
8037.0
7880.0
8360.0
7721.0
8201.0
8034.0
7881.0
8523.0
8034.0
8039.0
7719.0
8529.0
8849.0
8360.0
8195.0
8195.0
9015.0
8523.0
7561.0
9015.0
8034.0
8041.0
7880.0
8361.0
8520.0
8360.0
8043.0
8853.0
8195.0
8520.0
8360.0
8037.0
8522.0
8200.0
8363.0
8198.0
8855.0
8520.0
8201.0
8526.0
8361.0
8198.0
7876.0
8523.0
8520.0
8195.0
7720.0
8525.0
8523.0
8525.0
8686.0
8361.0
8684.0
8040.0
7875.0
8037.0
7877.0
8201.0
8522.0
7719.0
8688.0
8046.0
7878.0
8849.0
7715.0
8360.0
8044.0
8038.0
8684.0
8197.0
8198.0
8036.0
8363.0
8048.0
8684.0
8043.0
8040.0
