4456.0
5319.0
4288.0
4636.0
4966.0
4625.0
4974.0
4625.0
4632.0
4120.0
3966.0
5138.0
5148.0
4804.0
5138.0
4966.0
4634.0
4464.0
4795.0
4633.0
4634.0
4795.0
4464.0
5138.0
4634.0
4304.0
4634.0
4966.0
4288.0
4634.0
4456.0
4809.0
4456.0
4795.0
4795.0
4625.0
4795.0
4966.0
4973.0
4130.0
4633.0
4795.0
5311.0
4966.0
4464.0
4456.0
4625.0
4625.0
4975.0
5311.0
3955.0
4634.0
4296.0
5311.0
4625.0
4802.0
4631.0
4625.0
4804.0
4455.0
4794.0
5137.0
4305.0
4633.0
4295.0
4977.0
4634.0
4966.0
4802.0
4966.0
4288.0
4635.0
4638.0
4795.0
4966.0
4811.0
4795.0
4966.0
4795.0
4799.0
4287.0
4795.0
4301.0
4296.0
4642.0
4128.0
4625.0
4641.0
4289.0
4465.0
4796.0
3790.0
5310.0
4795.0
4465.0
4795.0
4975.0
4456.0
5138.0
4466.0
4631.0
4795.0
4134.0
4288.0
4625.0
4127.0
4464.0
4966.0
4297.0
4465.0
4803.0
4795.0
5137.0
4804.0
4625.0
4795.0
4624.0
5311.0
4624.0
4795.0
4975.0
4634.0
4465.0
4625.0
4978.0
4634.0
5147.0
5138.0
4456.0
5311.0
4625.0
4975.0
4456.0
4795.0
4632.0
5138.0
4810.0
4795.0
4625.0
5138.0
4795.0
5321.0
4456.0
4966.0
4631.0
4801.0
4966.0
4456.0
4625.0
4121.0
4632.0
4633.0
4140.0
5137.0
4795.0
4456.0
4966.0
4633.0
5138.0
4297.0
5484.0
4456.0
5138.0
4466.0
5311.0
4966.0
5485.0
4803.0
4288.0
4795.0
4636.0
4629.0
3963.0
4795.0
5311.0
4795.0
5137.0
5320.0
4795.0
4296.0
4975.0
4625.0
4634.0
4472.0
4633.0
4801.0
4803.0
4966.0
4633.0
4795.0
4455.0
4804.0
4634.0
4804.0
4635.0
4625.0
4795.0
4794.0
4804.0
4633.0
