9031.0
8877.0
8421.0
7826.0
8271.0
8877.0
9185.0
8724.0
8421.0
9186.0
8271.0
8571.0
8122.0
8271.0
8877.0
8724.0
8271.0
8572.0
8271.0
8271.0
8572.0
8421.0
8572.0
8271.0
8121.0
8572.0
7974.0
8421.0
8271.0
8122.0
8724.0
8271.0
8271.0
7974.0
8724.0
9031.0
8572.0
8421.0
8421.0
9186.0
8724.0
7827.0
9186.0
8270.0
8271.0
8122.0
8572.0
8724.0
8572.0
8271.0
9031.0
8420.0
8724.0
8571.0
8271.0
8724.0
8421.0
8572.0
8421.0
9031.0
8724.0
8421.0
8724.0
8572.0
8421.0
8122.0
8724.0
8724.0
8421.0
7974.0
8724.0
8724.0
8724.0
8877.0
8572.0
8877.0
8271.0
8121.0
8271.0
8122.0
8421.0
8724.0
7973.0
8877.0
8271.0
8122.0
9031.0
7974.0
8572.0
8271.0
8271.0
8877.0
8421.0
8421.0
8271.0
8572.0
8271.0
8877.0
8270.0
8271.0
