4445.0
4275.0
4106.0
3938.0
3770.0
4274.0
4445.0
4107.0
4616.0
4446.0
3606.0
4106.0
3771.0
4444.0
4615.0
4447.0
4276.0
3939.0
4105.0
3771.0
3604.0
4275.0
4785.0
3771.0
3274.0
4275.0
3937.0
4446.0
3937.0
3939.0
4616.0
4108.0
4105.0
3439.0
4445.0
4445.0
4107.0
3771.0
4445.0
4615.0
4275.0
3603.0
4276.0
3936.0
3274.0
4274.0
4276.0
4444.0
4617.0
4107.0
4105.0
4104.0
4106.0
4446.0
3939.0
4960.0
3936.0
4107.0
4447.0
4616.0
4109.0
4105.0
4274.0
4444.0
3937.0
3939.0
4445.0
4446.0
4275.0
4276.0
4274.0
4447.0
4617.0
4788.0
3936.0
4275.0
4105.0
3110.0
3937.0
4276.0
3942.0
4106.0
3938.0
4105.0
4277.0
3938.0
4613.0
3440.0
4274.0
4446.0
4444.0
4103.0
4276.0
4104.0
3607.0
4445.0
3770.0
4786.0
4106.0
3937.0
3768.0
4108.0
3938.0
3770.0
3939.0
4275.0
3770.0
3933.0
4276.0
4274.0
4445.0
4275.0
4615.0
4446.0
4274.0
4615.0
4274.0
4615.0
3773.0
4446.0
4275.0
3772.0
3769.0
4106.0
4106.0
4277.0
4616.0
4104.0
4107.0
4617.0
3774.0
4277.0
3606.0
3770.0
4615.0
4273.0
4100.0
3939.0
3770.0
4445.0
4447.0
4616.0
3938.0
4106.0
4443.0
3770.0
4103.0
4788.0
3938.0
3938.0
3937.0
3439.0
4445.0
3939.0
4615.0
3604.0
3771.0
3772.0
4276.0
4106.0
4447.0
3771.0
3939.0
4106.0
4106.0
4443.0
4616.0
4274.0
4276.0
4276.0
3938.0
4446.0
4616.0
4615.0
4277.0
3938.0
3773.0
3773.0
4445.0
4276.0
4618.0
3604.0
4276.0
3939.0
3937.0
3770.0
4444.0
4275.0
4106.0
4104.0
4617.0
3770.0
4438.0
4445.0
4445.0
3939.0
3935.0
3940.0
3771.0
4614.0
