24.51334938487141,2.13279176411233,25.74088077633511
37.37211570091145,2.483887533317066,10.54239295210084
19.00799613906773,-7.53373657706652,20.74926862811787
17.112745347765546,6.238196389742562,37.0524132232222
-4.683070224846581,8.694200491914998,32.72075331893704
34.74623537992523,-8.168217881455423,18.936188817789162
29.47013317896213,27.57621548475108,5.041880464858286
-7.921368258653624,0.019942554563025183,29.79161125544214
7.385708632820722,13.389028893642012,10.559739894120236
15.964092168761976,-1.7848753198939908,22.294165300813596
-9.67933339456126,-6.968984117639313,38.92349300269608
-7.299141040756919,-7.899871098765336,22.949697626811982
7.885489206815418,18.11415826499482,4.492999938964246
9.35466679296822,3.9611788723838224,36.78473866686295
8.416264873225813,12.822474280717897,22.94098502725598
27.859243982419876,0.3744683793224599,4.770390227245455
19.166997819761637,2.701035978858112,18.98224133421769
-3.7733628163425124,22.028438147759537,13.983643402605217
22.525046859650665,-5.7488449869165565,4.960516060186157
18.830753052403153,3.8369782396327548,32.697398375969584
6.317078887503602,5.426040602649868,3.950836439666162
7.69808090977743,-6.936774405759875,32.5831156386242
8.61715432357846,13.038720723831474,14.04208780465212
2.0647269199151985,30.744700841572495,35.139338117327505
19.90306431359219,-9.733965869324052,16.208007735188822
16.766290911205303,14.19736744778715,28.684035087446397
4.599486338138783,19.636611294453367,37.11797798273053
4.092029233647917,-5.244455663283376,32.829887850343766
24.047152583469565,26.28669013174723,15.183605836570173
18.35278761587713,3.2348466068943456,11.55558749702297
-6.645299106204275,-6.237957762676224,6.250926934194496
10.529117057453984,1.0428951006502398,12.733840356307486
1.1493824015964007,-4.3545679981831515,32.37131994876866
22.538693696726547,25.42027873374537,10.949386948095178
25.781336930277682,-4.19035043825289,27.68974739551019
21.38430575532153,-1.599615437744637,12.662286516619957
22.224967679070986,6.293358172879486,32.646986538831214
21.77129495458338,7.3547596737197445,37.26269888331541
22.8514855342526,-5.895831661783227,14.578590402603648
16.647162595315628,16.898336732125404,22.913320249445526
6.845071424018009,-8.728067650092916,30.508491808498704
7.135903856252373,22.847944457614453,9.621496887256662
1.1432503108294156,-9.713612927615337,30.90881350200609
17.915299406014046,24.119587526499807,22.797073024964497
16.614431115790822,2.167830086074776,19.804461937144957
33.100573982195655,6.152017611461989,20.9696044973087
1.9655679417370813,0.538426894507289,39.63899552303454
-5.542039440707516,22.923175232935897,8.966807855155935
38.44162704825047,31.94037243801048,26.122168558831817
38.31562243258238,34.19599047256435,31.37362829654382
22.054068419769052,6.2788363542634755,30.941013613885318
12.315419021715243,0.41286182504935454,13.957068553482195
16.544605706573208,39.75020660456815,21.222992611455886
36.804697878560525,0.2306986205820824,16.78207190860978
9.413042298435833,-4.299271109855352,38.28409717819225
-1.548014489710134,-4.938014151898792,11.896112837170396
35.92103827287917,36.55981747668877,17.306626712649326
-4.280731439632468,-3.9847738074282297,37.90035049653855
9.107102972238437,30.79551856143854,10.37882859038632
5.020748961223832,14.357092454002473,15.672952771159258
18.095518554761657,-6.2491650534100325,5.629121736263988
-5.763233505059935,36.18406322536006,17.39963526629824
9.464003956219813,-3.1857341399463044,21.91819021228776
32.63581234006782,24.945436677373223,35.330321047366795
36.17757924793032,-3.3692468976569447,30.588327830798754
7.7453449215914905,17.38689979496508,19.497999447582124
-4.917160042381571,13.17881082906975,39.408803663919
-0.5761687341011708,-4.880489404865464,11.887658378636381
-2.8607833027460705,1.058975268488183,7.750308667333682
29.689046485508996,-5.4252761984101205,38.28884515070619
1.455407314872387,-9.447319428073103,15.107813267065222
15.19982969199092,1.8134306720730793,27.52915628060473
23.962855675018687,0.5299401240985206,33.43516753537472
19.630225549730646,18.698019771521345,31.4428063747563
-7.396380300697517,-2.832391247771657,19.056191290518317
-8.500376010539807,-5.367303144066062,10.85788274026445
4.567841985793514,3.299106721468977,13.278633204720443
36.70962009189403,13.499041025272849,33.723750741555556
2.3302638158776823,-0.658627695580396,7.6817995584428544
31.649169792546836,-4.207559698057663,29.03838988455213
-0.3050458232772364,5.693185321584142,34.50748428820192
-3.1791528911608253,30.25027330187101,14.604840360555158
11.796135760660825,10.938861430505916,29.468345104977963
24.171356243135456,36.4790711851468,28.834395776157827
13.490548219394054,13.534889840252152,19.676613703025517
20.163134077749167,-0.03444556706567603,14.322975763293652
11.03645423177931,38.08374531844945,37.06539202893499
26.062392565891876,36.89107157236127,23.581633705229073
22.949630057768204,35.17718445906791,6.572156831576475
18.569841710358943,-4.761328223472436,20.240837661962082
2.8609608505268014,2.136155562101699,18.149488497811326
28.575981604751867,33.600009512695884,5.846938893200306
38.43079164026133,2.367857753033018,23.097019080928874
22.021594380381742,13.18094455036325,17.154452750959404
-7.2375587370656795,4.755959775625195,24.754868630257853
19.05898845302562,6.155211891238057,38.98520084168385
4.248640369805122,13.951102529573888,24.275899109449675
26.114070569376572,-7.315650333943486,32.73082943482476
27.64763934919589,31.385500475669204,20.67724047289935
20.201765254987706,5.458711117719475,27.958913521450775
12.460568398872283,-4.4516551786420955,30.56271763531994
11.13675289346196,39.707801597557825,21.683859182841097
-1.5832428405556023,0.42858773898036606,15.357810871491228
27.66656848285983,1.4168745803111178,27.125065716931257
1.1769348692580663,-1.2644718530677714,34.28503979188954
23.596606465309442,-9.906832994256456,27.25340183164905
21.560093853498454,-2.9720930021481307,36.36398313810285
20.507833888929337,-1.8900825366463696,22.05498334331024
16.948534733576487,28.721688709781397,12.426189910455829
26.964155864397284,-0.17855546062934025,35.45076971175621
2.647107396951359,11.227740739505418,2.756393774328423
19.04149311444715,9.715698528803511,36.1851598469813
-9.362045331440918,-1.5327055206016489,27.174566730543603
32.83372394101991,-7.2776365672192185,23.661057002139536
22.315006301366825,-5.531607484620739,35.01033092258693
25.560069250563288,38.51786564372782,4.871342816264111
14.741821673307602,-2.8309045611804735,28.37964024416626
-5.763286203759458,11.113177295559368,33.53098904396784
-4.148373816136306,11.746451115967975,14.179476446754272
7.096920117405949,-6.150168567791686,11.213521092251783
7.39040371222468,1.096478555654672,33.973579327819
0.5849455915895216,7.515005656757619,39.95133464491598
24.903775182326495,4.718124643846043,32.15287293462443
19.102833994019203,28.223728796496523,36.08789418961255
23.56162671339831,-5.541792288696277,19.33235947285592
24.989348984255827,3.953429959550932,31.59160746696599
-0.1063441985731508,1.08169143447898,29.271965372901832
35.28936860368478,0.5835279338482859,7.768649610588657
20.719767265723696,9.334313455440398,31.801009175586792
12.707063688928017,4.561375160000522,2.127236462811636
29.507560439076485,1.999130750592622,26.430073679811464
39.38254516653893,-4.4128823839506985,16.63213636267475
39.40938553349443,2.3142230249946145,16.513935432195144
39.45336398891165,36.82389763812343,5.832514828987014
19.648972364472787,39.495971885937266,10.382441427433218
-8.475307836558002,38.70449408650179,32.48242960258689
29.817490609898712,19.91299999260917,38.785581197927655
1.9086049350867764,36.54831492652385,9.172943511795808
5.9961462031644945,8.16643682067075,3.7297561347418746
-2.6152743318588296,27.298687951597028,23.470427194726696
0.646854736461945,20.699897361611267,8.311088159217768
-3.1404967000971453,20.32926118695822,30.154813549311235
23.83079446715916,32.60610911066712,35.38274735531187
30.22601769066877,3.93494069077825,30.590212192833583
37.1860110869282,-7.782995606048368,15.943165982299625
7.385511731625677,7.222596690108526,36.81494066573732
17.399072381585622,2.335561602772332,11.265598927672372
33.54157796642964,8.529680342140448,18.854950055970278
-0.40432222490655967,-5.948788182087305,11.824838326689175
13.135013682156302,19.74790962892588,12.379294867678151
15.452574752189097,-9.112511563441764,5.522769265683987
16.56273394152565,2.4802329956740614,28.520975753477643
32.7536174486801,4.337019198987649,26.201759560774676
-5.078924322471502,37.01976200294981,11.045200405034599
-3.4656676301596256,12.24722945596244,5.4356040919197675
-2.933847262990499,38.58691170175437,8.861185612823762
22.763659628210114,29.6604029567064,22.970794706056374
0.6562916380767003,1.331414700325599,23.68886957632585
34.73207772897701,5.766102636865721,32.9161721929277
-4.455566300565886,-8.659681017014126,22.770544008196463
2.4613197685905757,-5.528540762418336,22.227161452131426
30.979321654086995,4.409764399690595,23.40680680955947
28.98017529432031,8.172964156165776,25.983722690470373
15.688624644178905,11.795289348518278,39.59342316696995
2.090787744309729,6.345181081226618,32.634724574862915
-2.836731628416686,-0.13177478002346632,9.156201739289934
22.31692678751911,36.42438623002275,15.245993460671864
-5.904171339752652,9.543289026054524,25.910349326655847
5.7435722216920535,15.249298531966339,22.30529424988865
24.36998664406184,4.31418534044176,39.39165281567195
19.780296074314926,29.770043524165622,12.733743601944294
5.866230806791281,35.68694663479654,23.829802531774476
-6.093940903313018,0.12849956897073334,39.377602618378006
22.590648657543447,-9.813204003438473,28.45659427818465
28.307846884640206,4.4778641560889225,20.163879394440315
28.06404280178958,21.30644273384553,17.31611145300285
33.04192054917364,2.2029812852995203,19.045735530893044
-0.25875663970473983,38.29843982739345,4.38749965892908
28.277040386991388,37.065670599517894,4.585933933304814
5.0815569925671245,6.676691716404523,25.89634764634448
18.3905269491178,-3.2333585541212644,9.944767194478093
33.949583096043234,5.662857107248598,33.90261012242394
7.77148616251452,0.4413132376663871,27.301250313188817
20.792160697751907,10.573806490242756,35.0014208242894
-2.993624856326015,12.509187755194763,29.902798022751945
-3.383192979708409,-4.107653603486791,23.5364381837626
30.391479502126707,-8.657565258528534,25.39828543660289
39.28090762940468,28.161927917970907,30.098039456081835
27.744650684711758,-8.697589646492466,19.705739153964114
19.075036333679186,26.5316276006819,22.067331924052468
6.48467128814395,-0.9070176784249657,17.308362690197114
16.601725089620032,7.273910669669949,20.75256116044796
15.857057712610644,-3.571258400310601,8.074922792999697
15.809078265924548,27.63828010697714,10.100074244885363
6.104821474837678,5.470052793644813,34.912400421419335
-1.191996136136515,0.7578792461202282,37.77269602097785
13.196016569788751,1.0696230899491344,28.572513088142138
16.739029533994742,-1.3363425791975097,2.440922546992029
19.811826700973654,6.891400856443635,35.69281065619375
-1.8075500927083965,3.655112379850915,18.978078152645477
10.586385393067705,0.026973464464583152,6.768830561521597
6.420346358934584,-5.845126954115681,30.924833208840283
33.299456589685455,28.179947996048213,6.289994298953832
-1.281239504441654,5.637670106230043,20.460620476003225
15.37773244268022,-9.548860976623878,3.2825808161340486
27.284923119900174,18.488847619817506,26.483068320610858
17.061433500598238,29.23727267190095,13.26796151043816
26.57366586808986,-7.64859613960639,20.604042165135596
20.774774919857713,7.429570726864414,18.202160572755556
27.410597493525795,20.038655898752513,4.655180739444422
25.157606902337083,-5.510889117743992,22.576120790866085
34.137676379508136,-8.30552258924907,19.322814111672447
22.512682162225424,-8.655283097231674,12.787815160648345
20.17172191528388,1.3190907898521367,27.75384526493542
20.451802730450396,1.6587985050312533,6.145232397791567
2.5263467939894144,-6.443283743913008,28.29321076505088
12.535475247730481,15.299115524032807,9.641376496347188
-7.636861059687867,-2.296331734034232,19.94835837138873
-1.1832478799793424,25.934267049905323,15.43086397362465
20.923601774336767,6.843709132969064,31.64971172766034
5.294569996282983,33.40886626804587,36.5975597622995
16.7609052071911,21.205204998284756,27.121878850128155
-5.821027532582846,6.335978206031122,28.25415450802972
-3.9654489517320117,37.06172039451332,18.576698023814536
25.25117991641661,-6.974476477476767,9.84680035554197
10.402938307318003,2.663301466153058,12.608570941026358
24.873997401310813,-5.726384857769365,5.55725830135145
9.965237321042526,-5.766254199998985,6.470693141641014
18.08231740022486,-5.290649726443391,16.497971419662782
33.47979398608584,7.533907671285092,29.668262295644077
-6.334546246159789,-7.432483405629621,13.811761504020806
38.86114975407863,10.876895287786851,32.97120260965092
4.15578331806018,4.046560523768271,15.40477531525908
33.199602659413955,4.923044731468776,22.2301943828447
39.97617191924421,-7.876408493692035,37.872216685402115
38.42663429818606,2.512144688070471,13.091003295177984
19.627105997447384,24.82461983712343,37.867967033494836
-7.094198729354991,22.750555688360073,18.03121021439501
8.561002720438909,38.597414552617465,39.5518664857741
31.3964515901618,3.443683746763087,13.042889470908015
28.545649894839606,-3.3237274402228953,39.93082181154172
-9.962942281716257,34.11058008003035,24.837473254533815
19.094132695858235,4.7376765673506895,14.064795251093393
33.24408645167825,-5.2956083526749556,18.289202459384196
-4.728519373407344,3.542980265207806,35.562055804927134
18.312004566242877,-9.146249111972741,39.59340269390442
30.3069246460605,8.692513977901765,34.10957918694565
22.740424580043932,-7.215184013690308,16.088650092518535
28.352251254393018,8.15367482753108,36.0492071716771
16.716731705047398,-1.8668615910730857,12.747683944412927
4.774675233812703,-0.523138741887097,27.423701620415407
18.948679508433514,24.388654265240515,37.5219285242761
-5.440747872975915,37.3367312029482,33.59414416411487
1.411331461264652,38.737220261019594,11.142413188708872
26.299427338361454,17.31590955170676,36.80971665962395
12.226591969745913,-7.073844735873029,15.624159470067953
-1.7261262109554996,5.780791891183915,32.06565193848365
-7.544993219664467,35.11102809129998,32.51681786140496
3.2599371583402803,4.125299167809839,18.95834742428041
1.0550146669900808,39.22358815701968,27.331960435718422
27.99258565037601,8.231390277245042,19.568394262614994
27.90985032205777,10.339617649833517,12.797177761595792
27.449882801674605,28.818237674201512,27.54349985081781
31.58221814662022,17.37020103071272,23.888192304392135
24.122614451558533,-3.1835596844270198,23.1013068165982
1.3928748073549624,-2.4601322053857446,21.646701285856018
26.703477196547624,14.81683853177272,4.359550846380962
-0.13041892676817923,31.253481809618588,36.973480722327515
10.366527674856062,3.6276086234058065,20.47771710810585
37.26242602399127,-4.765197487040043,31.219386995369213
37.77852700499429,11.488717598682292,1.6796521571407386
11.991352176693628,24.401872787124454,7.345199973059255
35.512656634551306,-1.2316440834833138,8.330320776247223
39.92993374863015,11.331368591285585,6.868247266831503
38.974982532935876,-7.750863390057754,17.130400431016852
11.382828593355061,37.96056659050686,18.071580345895775
11.712345439434547,-2.6440517093601104,28.16839059857058
-2.546408640091241,14.19713878509932,23.437717454480953
13.350739811937917,-8.613226382136796,28.254651655237375
32.302514324118796,13.20810909781812,35.68377548033342
16.16961632845095,18.71795078433404,32.34424283513009
20.198536048300394,0.9741646507297759,28.44126524612703
30.44710170278819,-5.714154967299779,29.77458758737312
39.10535664804161,19.645460526657853,39.25822848054658
2.3317055147662105,-3.614943508045583,20.75071654280805
4.655624734585489,-1.336176867516242,13.560878839283454
14.867979496267903,31.097828280617634,39.67588029714495
34.821322510618764,31.89907449217548,20.40820994768938
25.366558712940815,28.881036634488204,30.153122211258726
-7.514577405219216,25.54267910091255,20.38671367359612
34.820654107030755,11.198091375790511,34.98446068693388
21.695255760792,2.6351673799499906,12.11945761921557
16.78100567856541,36.033533839740805,33.198609440509756
33.69252004028464,33.57293856296153,22.98226107264974
20.054339226808462,24.982865398887526,26.358367595959685
-7.126071729787715,0.38690708016228825,21.833089492866765
19.420604458397314,4.0429161127585065,5.733154530401263
-9.667619513074484,7.708239194007586,38.52381926674327
25.024654591548973,34.75811379234362,19.2154250792352
36.32397610930924,24.26061552365053,38.69259990189352
9.657642035437064,11.542678255176845,25.415319039010996
0.21907234733464875,0.03680224555958844,28.719419381844702
23.97211132397318,1.2792891860632292,6.415986053018495
14.483197833169378,-8.731740288325225,10.745813949630769
14.985710130688041,-1.7371815268569932,8.510356650077814
8.816619006771539,-0.1909352139177649,33.615338040436534
4.688929939831699,-8.708612625541594,16.341835866709452
-7.767598450966126,29.287370188823218,22.346026342588168
29.29806980050678,32.87201004179835,32.38583539798946
17.874399315311074,20.995954925689453,17.678443294525138
25.04921855473002,-7.41470054746318,12.63990015947531
-1.3005860492194454,-9.237958074935467,22.909710023048255
-6.712354502090212,-3.4874137785502057,4.406221294088214
-4.2994190890150294,8.358003911094656,34.09333508735548
13.361516849664547,-0.9898941264892258,33.270143527454636
11.280343548170958,30.686271899192697,16.85394611542076
4.105421037867391,23.85371025733884,30.940742400219236
12.331141971492444,9.951500368504226,29.626375084261994
31.52806834810336,13.039974557164928,21.72552292357022
22.85846301686469,-4.05802309631172,14.039481192436138
12.011882266130407,8.369188636278544,20.6383420220564
6.183422510691765,6.9124900229383055,6.2661563538973795
-4.528794891905576,37.36033296890608,36.52023148960939
29.142589058682155,-4.677247745552066,18.92052053035796
10.909476589251966,17.882380724756867,17.631901798344007
7.033283246615447,6.364887620310686,31.454343525406692
29.97510277987404,-9.17087332748018,12.810182275130206
38.57330717442088,-4.205573776201271,9.662650147299477
-8.745587825542206,-8.258720851672534,21.623322324663143
2.3874757168489573,37.15330724218568,27.73854447014532
25.415060427277055,30.123370135387308,28.793963495871594
-8.293201037169604,-7.249093829408311,13.394289549069363
28.315794000539164,27.605395070753758,33.91051436080362
13.687514730537094,-4.317650252785919,10.988483042947852
-3.5757503991242263,6.223994323042911,38.63046444009974
0.8567852647229266,-8.492072464808325,14.198806208786088
2.2340510716503843,-6.692823996734043,26.120310412983045
31.980777367060405,37.01045108510766,16.673786213282213
15.89564189848505,2.1330459534495745,38.60423795220146
25.61196377066085,-9.37614296902608,15.085855817431717
21.704758435985617,-5.037289632965303,5.350439447232
11.259218702969601,31.80433959154979,24.918887611682997
-3.2844573383703404,-8.054973320646456,27.476680267142967
25.753746942622577,17.42927302484835,5.954872355374578
-7.76254124082376,9.512336297541356,18.910189048321044
34.30385374762772,17.661517159297677,3.854139167800861
6.287305085058087,31.083701174958307,24.913587606440203
22.86400110052093,-5.635088956493361,19.992588043768755
16.55270830103349,3.726354752929989,16.834236201448384
16.213294887529713,24.784896727620083,36.75512243480837
-5.474838505411765,-5.417703749551691,10.9776779354221
36.51566555057558,5.402371189300169,8.892507872492981
-7.81608768511396,13.499417930207953,15.25230923932051
-4.217105629286652,30.628872940521454,19.261783040937473
-8.041420363809962,-7.389730530031477,28.346713078304823
39.3182737011448,34.72211506064578,5.4862446722775
-3.4686695144344384,2.8099743772526047,39.04349913677243
-7.936307258284385,37.052489835468954,29.65222348260996
28.516913305326163,6.553453498315406,27.099453178101598
27.667712315146108,-4.612137579416907,20.37404111511483
-6.0070124995813865,13.184808407616922,30.15986463977724
1.384239428052842,6.995514317602309,22.780043784593282
38.76236467938211,-1.0808696899276118,6.053080632302628
-3.400256899303514,-0.5301043780600203,25.346305511184198
-8.935549126584132,-2.593829588769289,26.13057395748792
1.571214997765507,31.72687293753029,9.792911096295441
3.804448283916381,-2.401473216390075,9.362708291663255
19.689256019906523,26.966119356859977,13.061975156662296
35.82026922366225,1.2083421031017814,39.80345218380929
-1.7961685189964764,-8.7728082302113,34.50252279435427
25.628363580565235,-2.864972940981872,28.197803522724584
10.05653046403009,14.787275951294992,29.077711199268037
3.9938777151866454,21.623729700773932,37.63464554654532
23.7698997039386,14.508182459926573,6.82946722416756
8.288603738707973,-9.127677028976201,27.14773209813864
-3.2435980963264246,36.887877861847784,31.137859656660837
28.060972415425805,4.3356471864001485,7.760496145730798
17.79462651388304,-5.824796352089717,31.083363567517786
32.92802184995484,-2.3167782466197897,4.452145301907471
29.8337150310467,0.7728198262910766,23.03993831083538
27.772092471716743,34.922407871028625,7.643614680275009
13.50221021088505,-9.350418046155482,15.51411479002742
-2.9013352633422773,31.313999441107036,19.656288003560014
21.95994142313252,-8.971319678359698,13.373770424054143
25.784720412212895,19.546873588202452,37.627766278033796
35.18513988834433,26.92250943561883,36.63419386148626
24.145396396520546,-8.524473443387851,4.774110942077206
39.650172157703,16.524322774483622,28.130853127163107
37.73379058747358,6.22410530129409,32.35841568311561
16.575244569078414,-7.257346970573284,25.44007065957529
12.299486619997179,8.501347322992807,36.82680958493939
-3.241914688547573,1.0310325828616014,15.987926896059452
39.60435571555465,6.1120126207850625,21.257957365614644
-3.0587409489639494,37.68780720055088,30.028254054144412
37.44573547708575,-6.313564391412644,14.712400577548529
-2.322679443894182,-7.523280638045037,22.971975867516512
-7.455938897659703,20.071201114259495,11.970463501181424
30.77491279677095,-3.3880933141715133,24.75712937153547
-9.977739476924906,-2.1042537195864597,21.886303726214948
15.38440950091513,13.429599176810068,32.235897751012686
15.821864448026933,3.972012028153242,36.25350275511241
-1.0686264680625381,5.708002181511635,38.28305654381862
11.795262948304485,29.925708638006427,17.13684127566055
12.900959605966083,12.257079576922457,13.194829046444482
39.19553387159796,17.64024767254812,26.911472593967346
0.2110151534283009,22.08963558164235,33.07454419360838
14.141069802951105,28.870782395785856,5.377907806070876
35.21761857552105,17.020097588055133,32.87653698289266
-0.2538389848332656,17.44664082256336,14.175920001298572
-8.312921950826441,-4.885472343973918,13.112168982818439
20.8979303742652,-3.3419782907771376,25.37699356983302
16.960284409265206,1.6997576881209895,19.522063624126776
30.094684185144516,28.01325276455661,38.24451256236688
16.88810704855846,-0.9340197570121216,38.92071209495364
21.487200389323203,18.35862559661267,27.337141715922456
-3.6866030473368117,-3.834978083530995,30.04748106475137
22.522632919092928,27.40114619391891,27.465987740703397
0.046228589614425886,12.377785751495082,34.84992792176436
6.404312199360954,-7.11149979389814,22.543959667752517
1.3851772668089684,-2.5342856670788034,31.96567070872016
-9.07574189755729,-3.8553448102661863,24.7782360988666
13.286980598040344,30.387480688433833,20.88895607845389
11.403737772624599,20.18586875263245,36.0100878400013
26.87387580924036,-2.359888333241985,10.030490714830828
5.3004024184581615,-5.939771333414912,23.923835005954437
25.964103039565536,-7.254850528871099,18.45715592824699
9.686124012779079,16.641819861468285,28.467455947282076
18.835506979976877,-8.48526837148109,8.207562818735877
17.90693092900407,-2.873193991417957,26.36755229473014
28.40264587006203,37.11117875100766,32.40827231750556
-5.641067973160748,11.096230184387696,26.021945494641834
26.40377247299386,26.407294113834496,13.651857068597304
22.245649104928575,-6.911154805362427,3.367283590767917
10.99789146199005,0.5200274843872954,12.795995353384114
-6.762310135136119,18.534730861101654,39.11356256024709
17.555871195055644,-6.275037020149616,10.617287551164818
16.32281125148824,-5.861461250829629,24.250064552794313
-1.6000842764065624,31.6946742683588,6.8630428817377975
1.679186291156931,7.7630486302298225,37.80591364530251
13.703818155416975,26.515478780585422,23.376089985107157
-2.5252956823523824,2.1922598230868484,17.34088866765173
9.148119090966212,19.806327086619017,19.141599907313573
-8.76041983324373,15.549837284270158,12.071721721026488
26.901962258642826,-3.292821209419806,18.19098343987946
2.201261567030574,2.6783712438518528,38.428016675404756
31.43052982413589,33.047316970167664,27.058697118433294
19.10838955350574,-5.834332519017128,21.856862849120446
15.167799379667578,-5.585694560104394,16.126612451002224
-1.3667253905252714,-0.7201419212623801,18.871603794181663
-5.32626876944426,-3.2437507144770112,26.159651686313065
27.56280958805271,-2.609977998465806,22.169427511917647
-9.589532554270528,33.066461552582275,31.030479575926265
12.587832906146755,0.3830574540732812,25.42927006177218
7.817681681232649,6.252771526598163,32.317918330595916
-6.588845889580931,-5.025064903363705,38.915564928548974
28.985222324547998,10.052961539303421,27.427478484974706
-4.805772663173084,-6.228860537405954,32.1213243249119
23.55339683742542,1.467106616287158,7.076710669220645
20.139290391294118,-0.8324524752276288,25.405239902208265
29.827787265957255,9.479969557719137,38.899828476629516
27.099876173306406,8.989183899439748,37.806031811672405
-9.098142302888316,1.2364968917937933,32.614097064604294
39.564192886217775,34.03763663799948,8.65416621007715
1.8083712206337843,4.0667001798715265,15.747186319511787
35.06913496360769,8.173953482613182,19.85490379934257
-9.776774455846649,19.152212700540254,8.854944161286932
4.271254660098236,-4.951104734957594,28.074577980515848
9.972496640083424,18.781991065440998,23.432487804197542
2.8594361139560434,0.7427119762423011,29.247718996238902
26.717948824013313,36.050649718495485,18.340379623948728
-3.8392228848924494,1.5456398744199908,8.926137602727234
24.813589437818614,-3.9726590139724003,20.96762665951666
-0.5203851357702645,-0.17166668017384445,8.404167187804426
-7.730178457920449,10.019431600851426,27.685208384803836
3.7751251050929397,27.80952150997157,23.965986942301942
16.614920103146652,6.294227472158564,39.659929288290535
23.485417421592608,-2.512949214353071,9.752679970143245
39.71184645947206,21.44049738902247,33.92089507727417
12.0918660605352,-2.6051505312084453,17.053480202556774
19.568754131041597,4.4172695141825695,36.677691541172166
-4.507444788899223,-6.418182756186078,22.175230259480628
6.487442344108249,12.78363200372294,29.885113202172167
36.46429822585109,18.25553379486506,39.76454391087863
18.84458732231478,6.04830087947764,21.660395181163203
33.783374930001735,9.507829948172677,17.582138547164067
17.49815340307796,24.227281529779503,16.39412159105227
17.166007669950368,25.805473433432102,17.323177179896025
39.848976639593566,-9.358868902515983,6.374208073726479
36.11389906557808,13.1505233908178,31.927666208553497
35.53762335757138,14.566075249888705,36.35223997041406
29.69624715430313,0.6143404071054608,21.201534762660806
21.013795067779355,20.73526898024715,34.752268002046435
33.786624700525515,-1.1503933333398848,4.637120919380376
25.71190053163874,23.066159127523115,22.20123894272446
9.809365744030202,3.4718675237814525,4.959523309261934
22.85568180381727,31.193934435260246,39.4590147292432
4.432293767497846,37.082201210287224,19.080800571184227
17.38052387778671,10.147356923286363,37.87603016489966
16.25121768702322,16.529587783392085,18.615821160422914
-5.303139751214912,14.825837916388089,25.66498948581246
-4.438220501001156,-4.146302896822349,27.615913003719484
-1.0493037655700483,-5.805351225274485,33.272260346387114
37.94078038542012,-6.236663282689444,15.86040905495744
26.63061876952075,3.805436983452182,31.534302598048093
4.5473524768543445,4.763356295379658,9.720967472709999
9.572521320150617,16.81172473002888,17.1172048107789
9.780805798267307,1.3819604153699458,10.19886266150608
-1.7506698187274536,-3.580653846056447,34.96294166494566
15.582513823649512,34.08513783541655,33.37973425707371
33.136018079830905,35.65661304502205,38.49013630935499
14.474823540601037,8.414459427519024,38.58642597030674
28.3958347037944,33.330007177409286,17.7065741623608
22.518342769390337,33.838246021634276,18.224995327557703
9.30870615805625,-8.881456565472508,11.424028138872984
2.2318656386706035,2.5357938678241947,34.782362461250365
16.633606349361926,12.03821822749749,6.279960288684019
17.543328929081202,36.00613349193124,39.21093828017371
12.594249067777916,14.858998456195152,31.49757598999477
15.243016410290277,37.60760260942343,38.776700276382385
-8.099047593483993,26.08223225478364,34.5284658674499
19.379111237380446,-0.7790668424162206,15.245446694388729
4.847915391328565,7.956300059895646,26.523877525607894
-2.549987646179795,37.69811054272939,8.921727713969982
21.87784946194475,22.249102663352566,3.661075961689617
18.061479462618816,20.75211343363037,11.076518146115196
10.464730341052913,17.218978529863275,39.86003491972053
34.294860794848496,17.571082621906264,22.45488533568321
-6.773814051523028,32.11449971440444,10.626113881511095
32.9847050690111,6.212505365086379,23.35377703518772
-3.4428196459011176,23.010858986580324,19.444942381378993
38.86987654184516,23.894777258637895,20.164052421402445
12.272252491483407,0.02608683552066271,8.431705037947541
31.233208315141468,23.586214394130327,11.693196527006656
22.75061100472049,24.073176785978227,23.53365460745109
3.30745044372536,-8.110064115356792,31.24286366968841
32.84325124448649,18.80504305587672,8.142210324924658
-0.5409501400501593,37.46963375559245,12.62258468521302
23.00918280187362,-4.24901016094928,25.16794712023951
27.391579660242463,37.516551940993466,10.329552832277454
-3.670446193159086,19.89495470873264,39.170505689631206
30.494811324569824,-6.774482158225972,37.71605868857584
10.07410099799652,8.196095386065597,31.33060236327819
-3.7211446494222065,5.692017409835916,28.999592192829155
11.098682924993462,-9.636197122527122,37.4244465641446
21.248455099638573,-1.8790281938524593,23.511142824852143
6.357756165656298,13.142121918424845,4.581189323917783
16.506298893062056,-7.791594304764925,33.0432699739421
37.596369207486916,12.941735179633323,18.53213867960866
4.191927443795052,-6.829768459972894,6.634989202075177
20.980302762602058,9.987531189954439,5.6938376978165
-6.274641107816342,27.722124324793448,29.87837984553608
5.614331390664042,-2.0895314738418556,25.18702608730248
35.24797049680871,-5.732992140683935,4.1810360222589225
37.84054444556011,30.19857608153285,23.572893759258427
8.064686471459705,-1.1959642092752354,14.569828868208786
4.787738591618789,17.46388530638508,31.831965440155017
7.980254146450871,14.56469177785415,36.583748608055906
-7.645988794405124,15.427682742720577,34.016067205482976
22.968258147849436,38.62366705638924,15.664917594928873
28.000558153316813,10.521577172646541,35.81253653244022
17.81775465727906,1.043910915455961,5.058987689537678
4.191294028048581,37.977316861370056,14.555406992495051
20.295617293788247,16.073213019853213,21.00344290762456
-6.396002764356117,-0.08214644522533199,33.34176330585635
4.133452569373224,25.408257742485112,16.197891071662415
13.139903194815112,23.225993785261352,5.646996109375661
1.64671480223444,3.0685598215337357,36.96727160602066
29.3787766058847,10.854329070480645,15.403481449040626
7.903934603238646,7.317913824572372,7.009783524694573
32.38043948084668,3.349591670439203,30.953953763588018
20.404205003932795,38.339400000917266,18.25115888326914
28.460047432474468,28.27885670184723,34.867202328512704
2.5680773488940165,-8.323663830814779,25.48436478147179
-4.047652544685982,5.9541904949917175,18.802607603328756
-4.167206239708147,31.17418205536533,38.34007852065756
11.417131810159423,-1.367069003985808,11.431915634330947
3.2327987609043998,7.598675026235309,28.283451886913014
19.941038074704608,21.454217701718598,29.22774213623984
-8.721437322846239,-9.136691051706656,26.510143445050858
28.120066790359562,3.337030158256315,28.648305818123738
-2.7065805886273466,27.38547986819457,39.2205568311327
-6.6191089570320285,-7.4986822857734765,15.891671762235799
35.66695034560455,7.6927720831996,23.03858405892627
10.493687355192169,0.944079305399546,10.437079261183765
11.662454635735173,-0.6396100412607524,19.76501047747039
-1.316794949344052,34.9300248554783,39.1378106802855
19.116241324815586,7.6418341065453035,16.700565053221467
4.759604076991598,32.57101513295047,20.149474485919548
23.766839075600178,21.83751159012869,33.02700999435511
7.977318156349362,-5.387303497755411,7.440480640010222
1.8041670831039944,25.565311280432134,33.29294303242562
38.42311294644657,0.3499246989562046,35.927317086280546
31.617417370445565,33.309465103988764,9.826665392768568
14.309220409618458,0.972328765703125,3.762642956237272
5.5174183512932995,-3.9892596591207523,30.769678379357394
28.04293563834316,5.208813447602756,27.42276190505061
5.492984949566923,9.831094376637733,34.84697401359019
13.466816745262161,30.74110470809142,10.859841407669933
-3.1175761334282592,25.98795085591535,18.111522991206876
15.134077917395011,32.12094360754841,21.76947309709406
19.869393349730938,-8.71308888022097,34.176580303982526
29.172416036992445,20.936380574008606,26.358992478951876
-5.348593139351682,16.335620927383108,22.6444821554036
16.901470705645472,30.03368619771195,6.279249880028267
37.191077629624324,9.68259487584557,11.578323162329994
4.6934814214593725,18.22516786207956,9.079994487525411
-3.9875078618168507,10.621253952698702,17.59474305979242
30.110112720435083,24.174049545391092,13.36804614443303
32.70510835421978,-9.679561648313221,26.271701692691707
13.64738227044083,18.967846894807682,12.380616313109304
5.145027750193048,-6.244101886964517,10.431380599019612
5.255076403409669,-6.010338179867415,21.01425551648589
14.102056137954882,-4.857416081542064,12.31788656005211
34.24597148643136,24.874111815347334,29.98940958134372
-1.6379877724546308,9.083863415755882,37.218186242058465
5.000903407765483,6.158954054709131,36.12452382605175
1.7161133856409307,0.7629251762363829,19.16635629618097
24.780891335259255,-2.9145098799218765,29.946225080932834
3.3804841452616046,-9.988020585486657,14.0611354239621
35.75237284641104,14.484668400516371,1.7573368378297545
22.200999310724683,16.1708664213335,31.11854141006509
35.4347661894564,13.681294865930926,36.17952626845382
19.710478464064515,-2.755140048537138,19.253824068016964
32.413412601526595,38.55576010806605,25.804570331819228
37.636617352294564,-7.290920401167947,19.486656710151134
9.662375244337365,4.459178053905278,23.42850044267262
20.775765382447158,-7.246697881137896,31.6842254872969
-5.78145135459555,-0.2623167351641449,38.9098105797299
-6.6382434962132315,25.31149407743002,32.43598246467065
27.120553828105578,12.152098199326893,19.02628298473974
36.968689726501154,12.86494317337552,31.93341708455876
31.059497033624325,11.333643520895388,12.276234668281813
11.147845930123475,18.214807758685044,19.212453811883115
3.2910041974130855,15.157861242868428,24.496648714903767
-0.3781154725543878,34.98244880152693,38.88031364936153
-3.0143124656878415,-8.903633234052299,38.88240007007292
5.1641752280228985,6.968906834439755,29.09859540970676
23.070064719981076,-8.721005534932447,30.03597600657453
8.105289555742289,-1.6750098100988833,38.61013451990012
20.817259400026487,16.743048783883417,7.571902777442677
18.301570908051737,25.57141282586501,29.844099486142746
14.484359327423597,2.891933793632603,39.52644060976946
-9.6219751791762,38.63511461432681,31.396141626443676
-4.508723519926558,10.673772883578547,18.97810746621377
-8.132044053271215,2.4919519604561824,17.798615693695574
26.538380253217298,12.320064323522752,30.332126179272514
11.650235335800552,22.790117547564687,29.86349513064942
12.548579032752102,5.199079814036226,16.43140940652422
18.44011819484851,16.219494271129516,15.428738048974537
39.817327536695196,15.19523226236824,28.822611091194737
17.22186143827649,1.6730099634161295,30.00772635422055
2.684704377770011,15.684938190218524,33.32144270071281
14.207505884708683,-7.485655870589354,23.09093703248722
19.076578510294187,27.923906481268737,37.44601797579571
25.075360735446722,-8.81385519290034,30.437796231478313
23.97559165673772,30.222868534844984,34.975845423544705
7.896567103890394,-2.3654116446256914,38.846144633628036
-4.003312665125473,15.559190036119332,9.504009453443256
6.398135797567395,27.607872916233354,39.33342589224211
22.518238686621565,2.8919418410907927,12.283300947607781
28.207652863479026,-1.422417940972366,6.05409391268666
9.524433928641791,-2.879227681682181,32.070026428695634
3.07472835565928,37.927353783836125,5.801729868966918
4.924452050998665,-0.5236902310877714,39.99063845373155
5.053369130107372,0.4205778119214898,7.545802781249378
7.668877706500869,26.292590577625525,24.903159905294423
16.671264037291163,-5.434903002464954,12.009833296916696
32.55084354845044,-4.530519668896843,11.969145758005038
27.180068015212186,34.37707090634545,19.02321877042055
1.2360765660343453,-8.923838314728007,11.663696066667068
-8.143268281329659,9.17654428371128,24.175790027191653
21.569971502982344,-6.513462392319316,29.83339453536695
27.330024995912133,2.1785909221829947,18.45776595847483
-6.423762832077042,10.047865655355146,20.623601378992824
-3.1553274615508053,-7.5154236668504275,31.216022129587444
15.714335444573845,9.022674227979113,21.076511413134995
3.5979352509689964,-1.0969023381069583,7.4308648178159125
36.49129225335125,30.41207005338707,16.121298365304956
5.607169937041759,-9.71522941344889,17.56287762813567
5.11321304412474,12.768190267560374,32.786220474890676
-2.513657844390724,15.562701884835285,6.812028979399971
4.75300387387324,0.20361758745683733,23.32171042472538
20.85291329831052,-3.7271675589344806,21.229839834718494
31.599698165889752,14.801712821756617,34.986824461971445
31.2646498199299,19.19420353527664,7.168281568765689
11.531578979837814,35.19508828318429,31.545340365194072
31.195800163308,-2.0225124567689354,5.963797104478434
6.893443714841862,5.284317126259769,39.63561315633492
36.680199753903,-2.263086397169448,18.20692739771888
29.040814125584586,14.902767550186526,33.30910427411973
38.850478539953286,39.927832570746716,25.405246597149933
26.177359446470746,-7.525485157274753,8.343577847661722
34.33278442925194,-8.733767424609958,14.706553666000637
24.44863662345901,22.335527429099002,7.394196623331727
25.022613792330873,12.603194819618498,7.601434546583203
31.049151028665626,-3.3477118017150618,20.754599812863514
20.605333896910068,-3.587364301095336,3.2086676275716304
37.16139877309677,-1.9606422111426802,29.58296530397307
22.62682941606463,37.345388159462004,12.235571649235666
-4.744445096292237,-2.3734253220600907,13.406243429654907
38.801903333654856,-9.272534599219183,33.47968766479645
1.4117122340919146,21.733887155421193,37.09802031723173
-5.471293882676833,-1.8237361275487451,17.851803802779123
15.262864844807417,-1.0724727268438041,29.319593054871916
34.20093346920937,-8.274487365102868,15.02806696035747
-6.499044954003845,-6.055334130832617,24.34934836363812
-8.492018014071869,31.168587191224766,30.659034516454327
32.9629134571938,-9.203061528106922,22.737525663422545
13.235590731142697,9.094373910969516,14.194931622339809
16.47800755464464,2.9763115280732197,20.89988746060593
4.665223817194724,-8.893311695313368,4.764378308918506
22.26684555834008,38.4241743997689,9.785192329319795
39.95519765667701,36.435092078561375,31.085005109317322
24.187908807480042,-0.19835277276863783,28.70846973149805
33.190598069245944,19.83366829814951,37.01913492136699
-8.2724373251318,-7.483641059674205,38.04437376244764
3.846718771627046,5.362902468027986,39.0174836844244
0.7966248659358435,-5.723017716073258,31.326380785990786
-4.546321329107818,34.83237801524765,38.5949494184308
32.369051364817835,31.19217568750022,26.324947230840237
14.44371478000491,-8.68780178273172,21.8069715790853
25.33486077336311,-7.251264622436489,18.168691428068424
-3.2532157828980566,32.187017408792144,25.9242825144646
24.010120457746204,9.247202551537125,30.53883337071317
-8.570553022178197,-4.940559333670336,11.097769260960398
25.64766054850893,8.02678664015787,30.163986909392925
3.8123214251594533,-9.973003828162065,29.543172083984267
7.4741021373139445,-1.044790201497129,11.032046000735864
12.388252739718418,-3.8675502811021776,5.786491972237577
-5.34612225841804,-2.3562665373347436,32.508050124833844
2.8584795099161546,-6.513651724928357,19.801541514777465
3.639698540674157,13.25838019855406,23.289737810430072
27.084919829278224,26.23028939384468,22.58770021008923
17.376766583582075,-1.1417328261824817,6.541936717816423
37.98035960766712,23.358849862508443,23.702114025646775
26.543652514628718,33.411658663398676,22.68627636066548
-1.8537629308954031,37.980100566860756,28.465771230239326
35.440144781669545,-3.7041922744116107,25.122391353606712
12.976262144876287,-3.5156921880256675,3.301811696218902
22.068133829723703,-8.498871414288862,24.402705754189412
21.877474024638797,-3.567883063529295,8.656911328177287
8.493396945211042,32.50106538209326,20.02890406596013
-6.6607351319679236,1.3354430584314119,27.459480213118795
39.1210023985926,-5.885558323422077,18.557769546700545
35.83378193032381,-4.7299907974083695,4.361958640025284
21.383360587497645,13.066362135294892,25.995476976213048
15.406109560500482,6.542920646763839,39.70249848238345
-4.1836575525353155,17.797283413778725,8.502789967809811
23.40782096275685,-3.9840711267958886,12.61322013203566
22.5746695268342,-7.804820025091913,24.35623070110531
2.706192829190254,8.856108954096934,31.03594546860625
17.29007305535591,32.965858850150184,17.812272461361673
0.14004410031593473,6.707916011626676,27.904051376424306
31.810638781913564,5.7206048873011035,5.196466389291046
22.526389973955723,-8.565869683647415,13.901973873506897
15.013949836695964,35.925972378550036,12.887281999762564
1.9505625458023257,8.059167811728688,28.127835482166446
17.09417849969476,-2.020274052074449,7.200826320580624
6.980420858672858,5.654566568076202,23.68945881581834
-9.467254203256285,-7.031883962222004,31.78272570676804
-5.357623851513823,7.901424974723934,39.779206912659625
-4.707905692465691,5.575676219824199,15.729881617367191
11.432894884318994,27.12374312779965,6.426988048121611
26.309231497740612,35.9973559970096,29.697729179552248
-5.11299599155646,32.649494990795525,19.571572824981693
-8.851336401466295,7.392771280288148,31.102933888963328
7.9656323442434065,6.908688774758829,36.726839345955305
3.4352361817677863,29.23980827318225,14.255779327387344
10.963225924832301,3.9774962136521985,23.42578615838422
5.52690110311713,39.16841786852972,27.564800356257074
39.16571565560022,3.607639880988465,9.637743771166537
-4.495531452059055,-3.7530854424314306,23.12372021136657
37.772143000447585,35.78926743616943,20.422244210472112
-9.164294081958978,-9.373129452427328,20.50299218263383
-2.306192098993016,34.85846462287454,14.76763722949984
27.9543643894715,31.19653553747927,32.493092658625464
27.83009988389386,13.888326734097621,22.288569489382404
33.1451418844445,18.394731211420684,31.94263427286833
21.966591333492197,-0.6695074796545093,14.063016082495661
-7.768545324098799,14.76056777572136,38.89858390302604
-2.732434792613231,0.005642547768161421,9.104192339639454
22.221906821413313,-2.4113157994946057,22.860588202225717
22.063725755727255,13.9103932945198,20.570073552886345
25.447974367977835,12.716193832929942,9.341934831997154
10.576515536995934,11.95155431263884,23.304988049482795
3.058792450399194,2.2003937052521483,8.141760073997744
16.286647853728752,28.255540703179808,18.609045875142492
19.471557274674712,-8.445594296489027,10.343096416968447
-1.2875995218918739,5.7925593329133065,24.41852281984947
-1.4102333267079086,0.8341519648956588,16.181935814061312
37.69186723260207,26.282601866284587,4.061621404770287
-5.4875561563220945,5.467215579375962,31.370664294512544
29.941688030209583,3.3170372079662247,7.491828715530822
38.896244918429545,16.91740130430957,30.70025150717396
14.212630011080854,7.767840237195264,34.93482566668132
35.318359054431866,-5.594367824729227,33.61820508664993
3.514313727914523,4.232347613324581,31.707657378127536
-2.937503383312369,3.00864607036677,14.028354547085293
38.59671452910101,6.289187061884775,31.329044639121307
14.463447561532444,-8.938955826302378,10.678419593808133
9.952756356561391,31.05227480100389,39.84092933178426
38.09749509595194,21.651417711925692,5.982958476612371
2.7809122712761996,4.856556823966942,21.60544238451283
26.108024081108702,38.279159958836054,33.65977903865933
23.918943108623004,7.121466974062139,39.826079278868875
1.643619988074498,-9.522831503372608,20.089220937460684
1.1520091690522047,-3.1440799849344634,15.788435594014082
4.838213652767392,-9.487899468282919,25.565334022716563
8.85685380638538,-5.082277549817701,24.04509301366693
-2.7944481590493897,20.378927950909844,31.132934403429463
30.830182815709385,31.569941037356486,11.603606068703105
-0.6779402567404116,-0.6837490262302115,12.519658648599922
-5.953503281130355,-2.4014772268232285,5.85596277004298
38.308538365674174,30.66889802681178,14.024494096511233
18.508522837578973,-9.407665935635574,27.043451714347256
7.840466597821372,-9.528851682911291,37.968401925641516
10.37255660336352,-5.60132854813204,19.941935643673194
28.91327775086409,0.5972972160240708,37.260204053077906
11.319282903509311,17.445912669966912,26.10535831117027
32.945821249088645,4.98754922557864,16.755878692397665
22.850789819124003,35.060506258846274,38.89810236597616
3.815853365947124,2.211629742147874,33.26723961275541
14.175083621912723,-1.7668826629670225,21.96301828224093
34.55872373738086,-8.948700336569328,16.944246417970362
6.2929027748387,18.984682950564082,32.03718532294728
13.406377057998675,12.702707968005207,27.082624172490238
22.009610401144545,9.36876454245137,27.720770226525616
18.71479225130619,39.80622267022734,39.43331527819774
-9.324013346028982,16.72360541944835,31.94343211455506
6.3875224216161754,8.822849079740184,32.539336282229186
21.872244996973286,-5.510696389790482,37.37305754189001
33.12037849835801,2.9268097347008,23.02236076652856
-9.02024951790471,13.996649531977546,38.558113681222345
25.796175655388993,11.423804238227103,23.738133532387494
13.62738892537573,-3.0009916485737156,38.42713411304243
37.02046762888861,8.347050459521416,38.9840336401633
-6.666408412789796,16.77832535958421,3.4172917727424856
33.69296643360448,14.425411798225554,28.455536880363887
33.09312562558685,20.958550365433435,39.2404100877757
-2.1545777695780224,7.115575484699086,26.8814314348829
34.34527450117707,7.018866524114774,29.431138181250088
2.2989286089607806,-9.587026599539309,36.92640950198602
-3.0177059891520557,9.52222777783723,15.754169260304138
21.829818108712487,-1.9764216027742378,10.16608496160222
10.89595803299687,24.284364805415798,19.455941827981015
1.7587224601849325,25.02633712565261,34.222313641956276
32.33624268578757,7.419095507967807,21.90227832409414
30.408085294975315,24.538305380565106,36.07294450630481
39.68708300147126,3.9125655302476012,19.86912294692534
10.262698498260626,-2.5017560594973176,35.28458016102823
31.14530559591546,39.37713188552608,6.799020413849767
34.27040093874013,-5.671137414614908,17.054692754748707
6.076719091695756,-2.3585308447043696,27.78061738912531
22.78542442193929,6.793825377652962,2.768962414023255
-8.96982288407168,7.176396680234614,28.110475945394164
10.761404699117396,11.188079939288931,15.407801765756963
-1.922545786164358,22.437845493785893,37.41942263423209
0.22693869482272877,2.165893166404752,20.79793319779861
13.391739241553218,25.412908810908093,32.28727253052255
38.68545797775606,38.040116773250936,24.752752621819752
14.990557010383927,-4.862064480567174,14.955557818557747
17.368894898580987,-1.9120435768375987,36.94072004041531
2.9825538857819813,-3.0929628136808596,17.787453397082825
13.842811481985137,7.070591304656929,6.637724256040819
19.948725801472953,-5.995738408426419,17.192076154536494
39.98255098588272,0.6434825535478268,16.90808381164399
19.08399008997534,9.130277823406807,15.344391069086752
6.382438017656703,29.192456715333385,22.483081153990767
17.433248685119956,16.0411412302526,13.453470203099386
37.09178193195038,29.725647037220114,24.684487490221937
2.5075357880296902,-8.908439318761987,14.665732426546363
12.877763245977103,-1.2540900294471804,22.215039588465096
-3.2931403598571,17.79972891511213,24.922775963617845
27.860347765095504,0.20822851004555787,33.19802453326206
31.554407936939846,-7.123964950898858,11.919641644183432
10.529552256628822,39.88156309158318,37.629807662981136
24.54902516584191,0.01686892572999099,6.317811223123467
10.743312327303439,19.074192082729127,18.249216110125058
-8.781659142342631,32.49855236523247,36.26282611497732
29.550079584535823,17.208048946835532,21.97886369710382
6.734619109518945,5.236334447000971,39.72455863047672
28.452626182647514,-9.384112941598152,39.659905529156774
3.5376544584094614,24.440684324956123,37.837437564814856
25.247471430579324,20.691374977724642,32.0647096547381
34.81497756251255,6.797081504352207,34.25051654022989
37.90688441230852,-8.087168746093463,10.56001878958547
26.49210606771274,0.8548325126024316,14.619491595183923
20.977007262986177,12.624416478812904,30.847806682382103
13.975308987635646,-1.571815407963559,10.330527345070234
26.87184000802978,12.01648115356738,19.315379010316853
19.465779150702424,38.96018658721583,6.011013527683225
25.826029919814655,0.717321731524347,39.84284371475773
22.749624189000052,-0.03522203323769624,8.191905957300182
36.93570637948388,-8.477439123591484,13.567099657455968
7.184705063628549,8.962696860340746,13.657243624757434
-7.368368203039092,-9.155313642349277,9.554302472641355
29.26060271862825,27.062409841554917,23.41698266541639
8.256220251831849,-2.266186561111436,13.046677999775302
26.142727073289798,17.472148178058458,12.92129982673487
5.544578956065697,8.723127938390135,8.387610728828115
32.885669277753735,8.461212194190495,39.822065661791285
-0.33947393740537635,0.14697535918397442,24.24033297669787
18.723968167220452,6.270031766002841,2.6774532860153233
6.237991756253175,26.284787743265067,27.459832800473105
21.711734373893893,11.794572040689651,25.388214985956367
12.434551514484934,18.10479353133689,15.209655140849495
-8.601133384490101,23.146810842714807,31.60524767762223
30.6189294612634,9.732081592191744,33.785513334933256
12.289827005519914,25.586064707382704,38.12395043199896
16.845892861281204,8.000729757185272,37.122566728215034
-1.3337361957166616,16.708987760483268,39.04406982817471
0.05078187887747987,8.696228200809614,16.547865531651986
4.674143407724822,4.107033942307279,5.929808362019685
11.176078205484721,1.035689596804069,34.69322721226601
32.09500370676886,3.4807010436229007,12.05077459508162
29.85265213755087,11.690218298188592,9.171423579222655
-3.8982388888839328,22.29326052509117,39.05804622557224
17.487684162430032,13.208765545750516,16.725385794951087
21.87224939862383,25.945890212127857,5.452242143908407
38.069791996897784,-5.901565550391892,5.162489189724068
15.617211973151672,-1.0469135854186788,20.423918332293624
14.165975845364226,26.61174576127886,8.429984542496662
36.61961077414426,31.312757253480143,20.494491009168843
17.821002778078352,7.625998797086943,7.100048394792335
12.285003050451307,-4.854847158182504,10.98607655222051
39.80990578849083,33.754749558100414,39.35028003439474
-1.5502066973117703,-4.684591909546505,21.953454551772047
4.196067864649125,1.6165196846571916,13.173635590030774
27.417085672766532,31.309899783386527,20.57016246830272
21.774540833412303,18.582244782554806,17.979440572746512
33.74736513691307,28.348009310119124,7.058413877069743
10.81500903546077,-5.4875719215684216,23.73851401387317
11.43606750629732,-1.9700884101514198,18.7537660410751
20.088602836490615,37.87555079095971,10.865511749956887
8.588608124746631,38.34200449322298,20.115931065662185
2.817357130255976,6.2277507037329825,27.33513512242196
6.065525134555216,-8.260015477231077,9.182093037586196
10.224530393192557,19.791645129724483,7.798490243585573
-9.221389489608244,0.9087463364791653,16.083208272268905
6.979170213696538,-2.425410853519989,21.537372686041486
2.515098001598716,-9.811549750150627,32.70764574241225
3.2044268739018733,31.89914697365457,5.235391693370463
20.161142665060687,15.446448045012627,22.248662942516706
38.67297148112675,-4.196021924671145,3.1991517422218614
35.85837508466426,-2.9023853778617905,17.742231154781603
-1.5070841116510145,-8.34889371175522,33.88442810751837
3.019833565498905,4.784272819898433,22.790975042859248
23.415406987026916,4.8360615144281045,23.79105288653525
14.104759510299871,-0.5177745560890159,9.075274904040516
1.381635921831684,28.49421847792142,18.24567080900051
4.914677165294348,31.906186591591286,29.83000551283486
32.88252356220701,-9.803643580222516,26.069274030611005
4.898452903875737,22.43457585987698,26.951818729863835
2.1489414620299208,-9.508575774788511,29.435542157911993
-4.090566434043037,5.620389408989017,38.13361216176574
1.4200637911197949,6.975527775483677,20.380491886630722
3.5165545381944145,36.436343426362114,22.186274779887036
37.681226202824064,8.577270112224006,26.64613883522547
28.670595842708842,8.897868086460274,18.052634375725418
20.40840176561825,7.32637477298157,19.04049492701676
6.008944830481735,24.735700084703417,30.688875070709862
11.157619634395743,-1.2553613108612076,22.30271920039661
22.230230492629452,-5.653523318041284,19.871454966407924
11.483417020777079,3.125586168452621,13.484465795908172
11.930342893359931,24.204713333580102,36.81755812701833
27.217853044783947,36.87263242344366,23.585968791055876
39.904728576880025,17.293151517979133,14.310149798753999
34.726162425231365,3.4640551211653547,19.12696549760558
2.852718154212795,-5.9629697041191605,18.0595670426326
20.150278045071058,33.63926192279771,21.95271710976135
12.085544353931693,5.651925475720896,21.989472230053906
30.061791220156707,11.958412681518773,2.4729675696417583
18.14151238776758,-1.3481014248601095,35.795159637869254
-1.5459633937795516,24.507875136616946,20.847692321065203
21.730240750590884,-1.708833460604147,35.948740396774404
6.643691866035411,12.077700128412147,33.02488475790357
17.059304607625098,16.160157914980083,19.495246126419445
-0.8331024116159207,3.2751293482049606,25.208643812901453
10.146522785389367,12.198243319483923,13.570351568611038
35.578741903414645,19.04549406636832,12.277839244680239
31.064720957027774,-4.057500898329908,37.634542684701685
-3.1335794963045394,13.927096780626064,11.975054125495276
5.172028829661427,-1.5225522474962414,28.743807605065832
11.427474215143942,28.264279417498365,2.9273467503245936
0.4298123108525864,-5.347685325818976,25.492869187112674
29.22942073641731,-8.623593207740425,28.69567859431894
29.44556283859918,-3.1593310991863692,8.222381129595988
21.290913517951708,6.340090056619161,5.683596440681077
38.716006522968996,29.072123216081145,18.280384432111216
20.753545209585837,13.353149568620267,34.03591684400278
25.081853152913503,13.958644621847768,38.300948621322284
3.288898941848414,-2.329149179074588,24.86179518936265
-9.832535300770825,8.789005422750021,37.03706428696181
25.068872575414318,11.603227091194181,17.07442428762935
22.216755439364505,17.700867945849556,10.981780453394627
11.638374033399124,19.885415171920453,15.294639526437432
-4.775353947128656,-6.2635862333166505,38.22564129768007
8.0142176032546,-5.129754106590744,7.4945961649811
27.423833501079038,13.245589570681442,28.566663769131186
29.7445450964387,-7.051549889178263,9.201358538733693
