-5.504690778910467,12.053619072923816,35.59298514426937
37.37211570091145,2.483887533317066,10.54239295210084
12.20357033087718,-8.121908997517394,25.799205605146575
16.53843064529022,-5.801296523774774,20.457890528548326
-4.683070224846581,17.259976401056953,32.72075331893704
34.74623537992523,-8.168217881455423,18.936188817789162
29.47013317896213,27.57621548475108,5.041880464858286
-7.921368258653624,0.019942554563025183,29.79161125544214
7.385708632820722,13.389028893642012,10.559739894120236
-1.6158016943794564,19.43965722653448,4.760903457275607
6.8175600492353725,-7.880704975099672,23.719458323749684
9.349394059347082,24.38055233007902,32.43575765572085
7.885489206815418,18.11415826499482,4.492999938964246
23.573850334583064,-7.880010162463526,22.643101142681658
36.185124442306034,6.603031519467606,29.14095244651589
27.859243982419876,0.3744683793224599,4.770390227245455
-2.6754241879559917,-2.868450587939587,18.98224133421769
13.830159060546231,22.028438147759537,4.210634187245203
-3.7426905221876003,33.55155298974762,30.242350071159972
38.67778826785711,21.010416611527575,25.800664338026557
19.973538292242118,-4.006385066640807,10.456229819705374
8.029677621424083,-3.803838577563079,21.94303481993184
8.61715432357846,13.038720723831474,14.04208780465212
2.0647269199151985,30.744700841572495,35.139338117327505
8.569225822713365,29.206318000901767,34.70679071422162
16.766290911205303,14.19736744778715,28.684035087446397
9.146892987034526,24.664423463093396,13.54210547567082
29.2426449688198,-3.7511986502143184,5.572089184360074
28.307697522506558,7.543177239175176,37.380357280458945
20.416460259583136,-2.3930055079810586,29.013856723706404
3.6491026421810115,13.721754817552092,23.558635088888494
3.274683521092852,8.54440888425402,19.2611798821459
-1.3602301344813128,10.313349788208825,12.487510306688954
-2.334483718329725,9.490058004572393,18.021806670688772
25.781336930277682,-4.235430662188451,33.13027219505871
36.257405559116904,-4.489960654974832,19.887198699379105
27.205382484315738,5.133644511595179,18.5058533453875
21.77129495458338,7.3547596737197445,37.26269888331541
22.8514855342526,-5.895831661783227,14.578590402603648
11.159081112201584,27.979920569941356,32.192951329982535
34.70556391243108,11.969895835027224,19.030429697954276
5.142258510461804,31.366579683475642,0.8216696852662579
14.171737923613536,21.74949792094614,13.907553227986007
-4.609430714218364,38.23724554789305,2.404985616911457
16.614431115790822,2.167830086074776,19.804461937144957
5.091937197656777,4.470592613210912,24.66307935819402
2.123848307108492,2.9404166436313375,19.767320722598704
6.591785520902977,10.465288376799116,3.397365356547173
-0.06485005259079024,32.31054074327123,14.844204834898402
38.31562243258238,34.19599047256435,31.37362829654382
13.015016352590477,12.268433793041893,13.273251026356036
14.270189365080581,-0.945723583042934,22.840602479802357
16.544605706573208,39.75020660456815,21.222992611455886
-5.612263574217145,-1.7390041738312103,13.69361062267495
-3.3555694764211754,25.927385300639013,31.67137623281947
-1.548014489710134,-4.938014151898792,11.896112837170396
10.31342124509234,24.224431714327807,3.7439513489432343
20.27672540803575,-7.367026972360215,32.275898591477365
1.1984756002652528,39.08936487048824,13.723057238902257
5.020748961223832,14.357092454002473,15.672952771159258
30.007675507484528,7.076839351111303,2.6810779862676277
23.922826613928223,-1.1926254654839408,22.631238373276688
9.464003956219813,-3.1857341399463044,21.91819021228776
32.63581234006782,24.945436677373223,35.330321047366795
17.559215069930552,-9.468141581592832,29.66678148937083
10.869233352517217,39.19187771493533,9.78786308268392
-4.917160042381571,13.17881082906975,39.408803663919
28.521493868548454,1.849344413246115,28.621793345503548
-2.8607833027460705,1.058975268488183,7.750308667333682
-1.4873905833542427,-2.117968638994956,22.662691001814736
26.39796260088573,4.024667437421298,14.023047568829869
-4.255564314527002,-0.5600231223659886,17.717739519634897
-8.797434243542568,-1.4876553626277058,9.523510868484564
2.0827596907024004,23.513558797342874,22.11677983273789
21.489665867258047,32.55574841235807,32.865923547811505
18.802505547372977,16.088933654001636,13.469203257603994
11.86855867126717,16.210711362437774,16.65236490170381
36.70962009189403,13.499041025272849,33.723750741555556
0.9073575347782565,36.92071925714274,37.579683968821676
31.119401651482544,31.303389019041923,34.524359911593386
35.445063427424664,9.721232736106984,26.041358032595028
-3.1791528911608253,30.25027330187101,14.604840360555158
15.66767931021654,33.83851090352798,31.740605326987044
13.968907354040185,13.305341443424524,29.71894273292402
13.490548219394054,6.086168471759493,5.250391295990287
5.1361188104596,-6.46336971915232,7.142167945844333
11.03645423177931,38.08374531844945,37.06539202893499
26.062392565891876,36.89107157236127,23.581633705229073
-5.691764967680707,13.91274339933921,6.572156831576475
37.333970696270285,10.19102426480733,18.99583486983548
2.8609608505268014,2.136155562101699,18.149488497811326
28.575981604751867,33.600009512695884,5.846938893200306
7.952426061961447,-3.5395348682994934,12.667210917245306
22.021594380381742,13.18094455036325,17.154452750959404
-7.2375587370656795,4.755959775625195,24.754868630257853
-0.4415780327449621,18.052709567431233,24.78996943756153
4.248640369805122,13.951102529573888,24.275899109449675
23.64614202205255,31.330880518752295,37.175812044802065
20.86408752023794,8.295266021198792,2.0885552626222594
10.226654564132243,-2.9564225974766325,26.061513319562017
29.034390550018884,2.9782184808435055,33.15719971043613
-6.591760631648441,34.72185473423538,37.51852881101861
6.573660475168577,-9.516847587876924,38.67555569604357
31.98970810029533,-7.512616744435137,11.19871427954444
1.1769348692580663,-1.2644718530677714,34.28503979188954
33.8546253171428,27.042240940863792,35.444907856397705
21.560093853498454,-2.9720930021481307,36.36398313810285
19.12336974308781,14.133145860249076,37.88722144538829
13.988853087729332,10.794519141999402,32.19956887205591
-5.076506312004925,25.68363747152193,14.405662572462472
2.647107396951359,11.227740739505418,2.756393774328423
25.478952422071742,1.931633177252019,32.75092832754516
-9.362045331440918,-1.5327055206016489,27.174566730543603
-3.8498886780638664,14.468837582914858,29.00842569190023
14.32718939072245,-9.641968194596455,26.183907611709824
25.560069250563288,38.51786564372782,4.871342816264111
25.990550960167447,16.615898801854858,29.053993629658578
33.24764340123613,25.5323882145265,24.090036088902508
3.3257500002503875,2.887257675218578,1.9531650798259612
18.526381834209246,-6.5845703208868445,23.647495459619094
-7.629143044460655,28.176274669106846,37.32200068109504
0.5849455915895216,7.515005656757619,39.95133464491598
24.903775182326495,4.718124643846043,32.15287293462443
19.102833994019203,28.223728796496523,36.08789418961255
18.365684554008286,-9.115692486356899,22.288978779550042
24.989348984255827,3.953429959550932,31.59160746696599
33.61489305864362,-9.182378567419452,18.9186766699607
38.21101075087491,21.633299370634365,31.644744185114945
-1.6886350786752242,-0.1811686137662729,8.05884738029938
12.707063688928017,4.561375160000522,2.127236462811636
3.252887056170758,14.161559370737717,17.078255476448163
30.716518003998672,10.60259105080748,19.28069739577946
30.749327698235113,25.907739082042966,33.06253224658503
39.45336398891165,36.82389763812343,5.832514828987014
-5.1641025704545065,-8.890315285402302,20.182885347364607
-8.475307836558002,38.70449408650179,32.48242960258689
4.063891493141723,10.123409458124724,35.34012379651021
0.736568104471953,11.964600341750945,25.250594255628762
5.9961462031644945,8.16643682067075,3.7297561347418746
-8.465534418803953,16.2085433658745,17.47493135103527
0.646854736461945,20.699897361611267,8.311088159217768
29.088423397703046,0.4204601287573877,20.232194571326854
0.8765786665883439,13.254420429298715,28.93539296657444
-6.787977340822836,-2.554458142808703,19.673889177695184
2.307568187626119,-8.75270177792279,24.222018192872014
23.27726162805511,21.58349179938285,30.35937419694095
-7.4053216243988675,2.335561602772332,35.31203845102869
26.274634294997497,-1.3935684344900476,18.11132980638342
20.07320862444175,-4.36194177784575,36.37758883017436
13.135013682156302,19.74790962892588,12.379294867678151
8.52727587281871,14.450613424013255,31.1830282862119
28.67005556450036,-9.622091695123252,25.610918426105904
33.27732733057123,19.87046155340922,28.43623906114349
19.041394853479233,-7.197602061363671,3.559931703062105
-3.4656676301596256,12.24722945596244,5.4356040919197675
-4.350387103694311,-5.012918194681715,32.224732349327795
22.763659628210114,29.6604029567064,22.970794706056374
21.110403421210787,14.206450785846485,30.54379321913548
14.362097404575419,-3.4320555088688653,14.971245769125936
17.644196370226854,23.182795931196544,14.737307021237413
14.540185772844952,4.857088039072835,8.973733586424327
25.712513386863854,27.199420615817893,39.5076658720339
24.112463034036793,-1.355448803440778,23.409967122034573
-9.127461496109731,1.198720307668582,7.359790951457409
33.66286347130758,-7.4748074339120905,3.3397792461259566
-2.836731628416686,-0.13177478002346632,9.156201739289934
23.80537559200946,1.9722204845898226,28.66327913119199
8.215823311197841,-6.176348532723122,34.681122879242245
5.7435722216920535,15.249298531966339,22.30529424988865
4.197003882069042,21.598200423279344,38.10029562165184
19.780296074314926,29.770043524165622,12.733743601944294
-3.4772220436043737,12.975910269905825,31.380749224621816
24.09471994176917,13.231624478785015,15.972979671945705
22.980213970883533,-7.255787536646995,21.365255935588536
23.893684337815813,13.009879489842733,25.350147652593396
28.06404280178958,21.30644273384553,17.31611145300285
33.04192054917364,2.2029812852995203,19.045735530893044
17.85312226406798,13.2963392287345,21.278520697861524
12.163403575537501,-1.6283255845815567,9.185079690087303
5.0815569925671245,6.676691716404523,25.89634764634448
31.544974506909753,11.005944022652256,23.851880147792745
9.957525679367638,27.695192609982193,28.17602565790198
29.275385853203872,16.79866199397854,23.579233648730646
26.248281636098007,32.426417249721624,29.857415611480704
-2.993624856326015,12.509187755194763,29.902798022751945
23.17386891122682,-6.134976697915162,1.7949998157488238
-5.712591408074,28.86011516566569,26.904281854215625
-5.810698178479733,24.597920497837684,37.83624443019504
10.538463729406715,12.402402860933776,24.13694665558024
19.075036333679186,26.5316276006819,22.067331924052468
6.48467128814395,-4.710307884739998,23.92298346936162
31.79744312121447,15.971155500526603,25.732330235920095
15.857057712610644,-3.571258400310601,8.074922792999697
15.809078265924548,27.63828010697714,10.100074244885363
6.104821474837678,5.470052793644813,34.912400421419335
-1.191996136136515,0.7578792461202282,37.77269602097785
37.64595918356395,6.109415262958457,14.111855291269848
21.728071708986477,5.107679101829445,21.4062188545182
10.896032654007072,6.706520386941862,14.927591874390899
32.64295945038667,18.15249296247607,4.308900085162923
35.54126607744909,-3.895383098250644,30.349364901307823
-5.9304628602556715,9.330634500355442,10.515477217395336
33.299456589685455,20.94177394018507,6.289994298953832
-1.0681198687071323,-3.0465767677321276,3.991917377358739
23.911292633679828,14.424850801172726,26.54511606774968
27.284923119900174,18.488847619817506,26.483068320610858
17.061433500598238,29.23727267190095,13.26796151043816
33.14392247106458,17.96241248501817,25.002039190964275
30.689843440407614,-8.97257935873502,20.241356082175017
-6.111988456835928,-2.524690251285506,28.601819724505383
3.7030555318842033,16.742155761000664,37.98496957842659
9.101830435032664,-0.42102875875737666,23.554337107467504
-9.580994377469931,-8.275549456577558,29.984927000284685
37.37545322866407,-2.5443632794345357,4.1187020568230555
12.525951268695614,0.2885023935016058,33.974073170506564
38.89123414392637,31.11528585715257,29.060054431119752
24.2326671666129,31.730076054766457,5.374284701884072
12.25789414379943,-1.9699076803953242,33.28351641879733
-1.1832478799793424,25.934267049905323,15.43086397362465
20.923601774336767,6.843709132969064,31.64971172766034
1.5520232538159706,17.158716472982487,22.232646995463583
16.7609052071911,21.205204998284756,27.121878850128155
14.212845955292423,8.217312964226846,16.13335344195628
-3.9654489517320117,37.06172039451332,18.576698023814536
25.25117991641661,-6.974476477476767,9.84680035554197
3.3972727547082737,26.2076879916439,30.09873635584986
-1.1831191789357014,-6.823588261736411,35.56901635026523
-5.550708089374227,15.297029320417284,39.97555877231314
25.266587190090682,25.108817634569313,38.525493708433665
21.162130525459382,-3.976008030275156,35.604898753442804
29.36663650467853,39.29749072077312,19.751055669062374
38.86114975407863,10.876895287786851,32.97120260965092
-1.5839656134843807,9.331723109948594,33.29928540736741
17.155178562065522,-8.021959067254137,25.712506651470598
14.169279539178547,22.6750110693986,36.434584187291364
-4.071313583710405,-7.272910112328988,5.03658324673013
30.306702329572637,10.675232042683554,8.736244288516179
-7.094198729354991,22.750555688360073,18.03121021439501
3.8554006455258882,25.08787273383419,27.46483816192166
-1.3799546868925265,8.02092118490887,20.077217612229738
3.5632007250570794,7.406413545216157,35.37670749088644
17.214401387353966,32.46617839246758,2.1333722178909316
19.80249664327315,5.694230279073994,9.462776274599058
28.64230597793035,21.1297166193936,35.45512133022398
-4.728519373407344,3.542980265207806,35.562055804927134
35.37908376642408,20.354979857782062,33.1203318055788
12.012391761796145,38.70947301321921,15.406947241974969
22.740424580043932,-7.215184013690308,16.088650092518535
31.454430379905666,-8.531160162646712,4.99381716428778
4.2854237994283295,20.031670219835352,4.664580623285646
4.774675233812703,-0.523138741887097,27.423701620415407
18.948679508433514,24.388654265240515,37.5219285242761
34.98403815207145,32.01995514959618,27.40590566101625
9.804064796098682,19.673022590861834,18.615827705402978
26.299427338361454,17.31590955170676,36.80971665962395
19.298300013124607,37.59119942240298,19.586504158581885
39.94502981405279,0.5570535844224,3.0868670264820395
25.42595037969903,23.06802165669564,33.5399299822
-6.676269840072919,0.11612941632600915,9.31418660890138
1.0550146669900808,39.22358815701968,27.331960435718422
27.99258565037601,8.231390277245042,19.568394262614994
36.00643190027875,30.12929138679904,32.93454559920552
27.449882801674605,28.818237674201512,27.54349985081781
3.3178367910283697,29.24756668824483,26.20348768286602
8.946857430539877,17.76537057167547,36.83235514404846
13.292781261235298,-2.9091766229458242,14.26698162211415
26.703477196547624,30.148924846248338,4.359550846380962
-0.13041892676817923,31.253481809618588,36.973480722327515
33.48270991483914,19.59607917345979,33.68244207747284
23.100088704338933,3.0861041702383227,39.40668425405042
37.77852700499429,11.488717598682292,1.6796521571407386
11.991352176693628,34.64778333415899,7.900387369589112
35.512656634551306,-1.2316440834833138,8.330320776247223
39.92993374863015,11.331368591285585,6.868247266831503
33.34282613853799,-2.711891941381251,1.2192208574762304
11.382828593355061,37.96056659050686,18.071580345895775
14.296327516466846,-2.392015961123988,26.64012771558326
-1.1637319809933473,-4.342248795960272,37.534029991067676
13.350739811937917,-8.613226382136796,28.254651655237375
14.232913840453719,4.497502547531852,23.565544155446972
-0.833408582496757,-9.150097722460666,18.141685337080894
20.198536048300394,0.9741646507297759,28.44126524612703
-7.645960636888299,-9.445084628864768,9.68981452254484
39.10535664804161,19.645460526657853,39.25822848054658
14.775014112907575,30.48261962949853,38.61544475471736
10.051570360988478,27.953584206578583,38.484464385531666
31.08643542695543,11.751459172475231,12.997989333268867
2.35718085330754,2.8388790075107924,4.69810089971467
25.366558712940815,28.881036634488204,30.153122211258726
-7.514577405219216,25.54267910091255,20.38671367359612
34.820654107030755,11.198091375790511,34.98446068693388
25.56035736116269,36.18575320040663,1.6869543895399968
16.78100567856541,36.033533839740805,33.198609440509756
33.69252004028464,33.57293856296153,22.98226107264974
20.054339226808462,24.982865398887526,26.358367595959685
17.523893097266512,-6.480281982454522,34.256557224959664
19.420604458397314,35.65075278001128,39.02255806818616
-9.754392505361848,16.353382902666826,3.2296212723924604
1.8015094416332502,4.9613163789559955,29.44829169540153
36.32397610930924,24.26061552365053,38.69259990189352
9.657642035437064,11.542678255176845,25.415319039010996
35.18896423108791,-2.45608173437863,38.756597191117216
23.97211132397318,1.2792891860632292,6.415986053018495
2.127557515977669,7.370855378654749,25.689767306631033
-5.675996552860989,16.220017713619747,29.829634234416424
8.816619006771539,-0.1909352139177649,33.615338040436534
5.1590595127128225,12.59489835702017,27.96298261236695
-7.767598450966126,29.287370188823218,22.346026342588168
8.614334143928154,6.487124525449106,35.80346707286399
6.160194943988268,-0.545984697225343,2.59840938676305
21.225826046889622,7.164934628911766,13.281217399693478
-9.994371069364588,-8.213612939957635,12.608632741455192
26.321045359079108,1.4162098024637384,39.041696781798535
-0.7119997864051602,24.134660116828634,38.737402602846856
-9.266106759144707,16.693919902555656,32.772350868851355
10.986326737521754,36.63860163026835,19.84925690398029
22.338200046602232,-9.38989311040481,33.65813800784158
12.331141971492444,9.951500368504226,29.626375084261994
9.262605915608065,9.552275632090183,3.3548433178118735
35.68901749876568,-4.05802309631172,19.770064961625785
19.600158727654478,3.3678210157784036,23.091199844340494
39.85454434033265,38.39645066999012,22.651731623906997
-6.169464973052049,19.680548842132957,4.949692148827133
26.842466146834653,33.30099207778936,10.826109274965575
10.909476589251966,17.882380724756867,17.631901798344007
36.09872296932088,11.708388112878765,13.482984167047764
10.539992187929169,24.304138059464826,16.07884815508057
38.57330717442088,-4.205573776201271,9.662650147299477
9.745987760084454,31.656177898085993,21.623322324663143
2.3874757168489573,37.15330724218568,27.73854447014532
25.415060427277055,30.123370135387308,28.793963495871594
32.56000211975202,-7.643906836853701,32.71351681034478
-1.094400087139833,20.681980301154955,21.257364801154075
13.687514730537094,-4.317650252785919,10.988483042947852
-6.915265534494372,15.812460566467667,10.165211335919734
6.146485205244069,-0.20643479266484022,4.508880742334036
23.230986160497824,13.60223820827429,18.96121957418268
39.80656630750088,38.467156973184736,4.562207232742857
32.355157211795536,23.196532450381028,38.38601776304277
25.61196377066085,-9.37614296902608,15.085855817431717
7.888057895122698,15.125403459271562,15.291513364354628
11.259218702969601,31.80433959154979,24.918887611682997
-3.2844573383703404,-8.054973320646456,27.476680267142967
1.2791148930361764,-3.9863305478094855,2.694215208696903
-8.285285913846575,15.965039873710012,32.547175246448205
12.865445053016067,27.362268518700958,0.7725985201844878
8.144716712601205,-0.5864886457701672,36.504553031657295
22.86400110052093,-5.635088956493361,19.992588043768755
20.485780541481855,15.820946242004357,35.4720819206971
16.213294887529713,24.784896727620083,36.75512243480837
2.1603415490109583,1.6933804150576481,29.604532725526674
26.348664477071182,12.638142122341016,26.378267566295655
16.3635808300507,4.9264619364414335,6.407476786834273
-4.217105629286652,30.628872940521454,19.261783040937473
17.230762111370918,7.670043253246961,19.500676147775557
39.3182737011448,34.72211506064578,5.4862446722775
-3.4686695144344384,2.8099743772526047,39.04349913677243
38.68462198417138,22.31274993365522,37.40224893202467
34.07317723856607,33.64876282805147,36.923136650963535
1.502758249467277,-6.1505322343544115,28.818793257231313
6.543830465654338,9.116940951253078,3.2996029736497547
6.6587535274438885,8.625972422623445,18.125617622993516
20.363393728228274,33.70019908824553,17.709589469313435
30.829493920432583,26.908388227718827,36.1103400367198
33.66893307084291,-6.844723351731737,21.04564409360494
37.22071763227484,7.024819337572651,33.88049173621452
12.698642169383461,2.7590448135943477,38.26901870268371
19.689256019906523,26.966119356859977,13.061975156662296
35.82026922366225,1.2083421031017814,39.80345218380929
34.700523606135036,5.169036646627585,7.121369655473774
1.5239381856613203,30.82345873452271,31.03410626360709
10.05653046403009,14.787275951294992,29.077711199268037
8.411614026799045,15.573846857644183,37.63464554654532
23.7698997039386,14.508182459926573,6.82946722416756
37.589304981006805,-9.750588247121797,28.721610105638977
-3.2435980963264246,36.887877861847784,31.137859656660837
17.79115264895894,10.89478948542034,15.08748429133649
29.064608582795984,19.85010497897789,18.73285078806055
27.736355386127165,17.221285685692855,20.41481499673965
37.74290012597439,28.164800284475703,27.192045007035702
27.772092471716743,34.922407871028625,7.643614680275009
6.726811501412724,-9.408485689964468,32.60232716633237
27.018956953250658,31.12014843131591,21.319752982893036
21.95994142313252,-8.971319678359698,13.373770424054143
22.190212231018684,8.615470360985906,18.033532324164902
26.35461941607575,25.47838300042317,37.21258236409463
27.161865901022452,23.77136529267275,7.530786299624189
27.198198500580922,-2.7143536938650685,4.137924679794779
-3.7313740979476275,39.933854063450184,31.326206280017097
3.035274657979449,22.254322586419597,31.459267562701626
12.299486619997179,8.501347322992807,36.82680958493939
1.3392237029995062,-8.471390575382314,13.10282707843044
12.424496709816353,8.002358278626218,30.88221284073667
-8.977022150324835,-5.782933724996788,36.26766234853029
27.44200585358521,14.270583390720997,25.21510440333313
31.011072324226745,-5.827686481076393,34.98802105962846
-5.624040182135755,23.507701928606437,5.708031682185927
17.879015579579654,7.49752135031078,10.317188745559196
17.50256533902751,-1.0359298223450804,4.742839205339958
15.38440950091513,13.429599176810068,32.235897751012686
-0.4517091906703987,12.71789249472981,16.52396733041896
23.136488680673573,30.989019282293626,31.113418293423173
11.795262948304485,29.925708638006427,17.13684127566055
12.900959605966083,12.257079576922457,13.194829046444482
39.19553387159796,17.64024767254812,26.911472593967346
0.2110151534283009,22.08963558164235,33.07454419360838
-8.943449550728701,14.94299486874909,34.698307654217516
35.21761857552105,17.020097588055133,32.87653698289266
-0.2538389848332656,17.44664082256336,14.175920001298572
25.118547912787303,-0.07371240882713126,32.53493180016745
7.978848961510849,8.8145762115414,8.757685462534534
10.207871689787261,17.340013890529654,32.017091734873134
30.094684185144516,28.01325276455661,38.24451256236688
27.087476342603708,-7.783117588245417,7.107584784529916
2.648071799476565,-8.683642808439997,2.8638197477973497
20.430360641247336,-1.5907196026748984,9.108252697930993
22.522632919092928,27.40114619391891,27.465987740703397
0.046228589614425886,12.377785751495082,34.84992792176436
3.115660694034906,31.805807915665966,38.612742672446366
23.633724740286013,17.749739388906107,20.624986474794273
33.1262482357871,10.99499133198196,8.990170627023172
13.286980598040344,30.387480688433833,20.88895607845389
11.403737772624599,20.18586875263245,36.0100878400013
28.308804353188616,15.409646532162894,20.253434810898288
-5.282287083153096,28.709675897886576,37.67059856438153
25.964103039565536,-7.254850528871099,18.45715592824699
31.60550293668558,25.252090692175685,2.049161791293728
5.509157850551565,28.601331499449202,31.16272732832647
13.417590982457781,36.86468301236389,38.44774167370564
36.44986653685487,39.76741518637765,5.103521886397848
-5.641067973160748,11.096230184387696,26.021945494641834
39.661179738928205,-6.7228086672738385,28.353877905919923
-8.427947258110583,-9.831558389387487,17.18464037676654
18.160704808131833,-2.952558394662093,29.58344131966041
-6.762310135136119,18.534730861101654,39.11356256024709
17.920033730496158,-6.994940911361558,22.821403988289678
26.58213124709433,16.620628943164107,31.61855172176218
-1.6000842764065624,19.362224002763195,6.8630428817377975
-3.4252709448401637,-2.742173570442552,28.318227621552595
13.703818155416975,26.515478780585422,23.376089985107157
6.827041969319879,37.268235637447326,36.96312128957561
9.148119090966212,19.806327086619017,19.141599907313573
-8.76041983324373,15.549837284270158,12.071721721026488
26.901962258642826,-3.292821209419806,18.19098343987946
1.5655746350989515,10.044243739748037,30.904290265248562
-4.711808344625254,21.139598016014205,9.68897635414639
19.10838955350574,-5.834332519017128,21.856862849120446
4.799026855058779,-5.585694560104394,19.61862841714937
12.0732827371432,23.280613921699633,31.235891775304975
8.533719062266538,7.639843936019318,8.306790809015897
23.071258372143532,6.139181685811479,20.987513121141532
-5.40886377968809,15.759030026981563,5.220834575376527
10.65309823784444,4.970100145682407,7.448541857576853
33.04035719755223,38.936633641165464,26.743407096944736
-6.588845889580931,-5.025064903363705,38.915564928548974
13.847742376075114,15.453237407064904,21.87471505713535
37.61117860967253,17.168091607099193,18.050956823220012
13.350597920685658,-7.8012081315088855,22.064093592932863
20.354860490054342,4.674163247887785,7.181073549216137
34.05812843898764,9.479969557719137,28.53869405801942
27.099876173306406,8.989183899439748,37.806031811672405
-2.853158361493498,-7.036999808998254,10.83571930310817
7.7468900589017995,30.3734919588157,6.761275489615805
22.131438470491013,2.963147586434733,32.40908676921563
35.06913496360769,8.173953482613182,19.85490379934257
-3.7922018051536046,21.553515683746767,32.75578895752505
-8.07820893634057,14.957776860932945,25.081136156935145
9.972496640083424,18.781991065440998,23.432487804197542
2.8594361139560434,0.7427119762423011,29.247718996238902
26.717948824013313,37.40837880253474,17.230857225458138
35.91889774015034,12.23078723057667,6.998016341497468
12.091875056968195,-4.928120179436604,12.85478276496902
0.9638737198844023,-1.450342986383924,20.72812673872109
6.903015750824132,13.298995272198141,15.994796528701887
3.7751251050929397,27.80952150997157,23.965986942301942
10.305175310110014,20.345674481658563,39.659929288290535
7.017458594609069,-9.824110057596345,32.148303182508826
-1.0882252829602361,31.714626533690385,11.568179738605519
10.4808094933285,6.433647016017044,20.761268004638946
9.672466390275947,14.200818813530981,3.46871699683245
25.288225282616736,22.947246912064802,36.99102751004222
10.741777995554692,12.68810077308635,23.79061549549072
0.04662305933456423,6.721146333983235,9.242948007294192
33.216450937542746,28.205026846048728,14.733688736866238
33.783374930001735,9.507829948172677,17.582138547164067
17.49815340307796,24.227281529779503,16.39412159105227
4.941580247777172,4.427400319856578,20.889603884353132
26.86447760021567,8.376682311078426,23.685976589199335
36.11389906557808,13.1505233908178,31.927666208553497
35.53762335757138,14.566075249888705,36.35223997041406
29.69624715430313,0.6143404071054608,21.201534762660806
21.013795067779355,20.73526898024715,34.752268002046435
33.786624700525515,-1.1503933333398848,4.637120919380376
27.674120073067527,23.066159127523115,9.986986952194547
15.86493626267335,18.425954838644003,26.123277924262297
22.85568180381727,31.193934435260246,39.4590147292432
22.664591770102888,9.185943004148601,14.393249984196611
17.896683629568958,29.697612786442782,20.95392663334023
16.25121768702322,16.529587783392085,18.615821160422914
-1.4902511851415916,21.152313696907918,4.626394747095819
-9.91142467065766,-3.0881792307991374,26.249318816426296
15.729137650434982,16.273921486078457,33.541499504705655
6.418925702473686,-3.301958768965897,21.211090501515663
3.235407791642425,18.319956020534462,25.205647571593524
37.36549028217261,31.968946733044568,22.866250046391045
36.71388497788117,20.715633647808858,4.544618986427988
-3.320662536298986,-4.935338818435827,36.80368432666972
3.037544949070229,10.760859583922684,39.89821575101292
15.582513823649512,34.08513783541655,33.37973425707371
31.737897284528835,12.363707773972223,17.811153420272813
-5.918005371053244,21.216368860730718,33.66193387581365
36.87814377905704,-4.003283659502639,4.543799994709342
22.518342769390337,33.838246021634276,18.224995327557703
2.5161364426633703,7.910417024787023,38.41457675485765
7.007210991412091,14.308180085303084,20.649498703650977
-7.4488453179993455,16.868750003816423,6.110834630282838
17.543328929081202,36.00613349193124,39.21093828017371
12.594249067777916,14.858998456195152,31.49757598999477
15.243016410290277,37.60760260942343,38.776700276382385
-8.099047593483993,26.08223225478364,34.5284658674499
19.379111237380446,-0.7790668424162206,15.245446694388729
26.799173216412697,8.624752378635694,39.886831728962804
5.512213503241615,-0.7255441242968903,20.468898140385047
21.87784946194475,22.249102663352566,3.661075961689617
-6.465850927562817,39.68977619870194,7.419603987966784
10.464730341052913,17.218978529863275,39.86003491972053
28.56846386432897,-1.9146469486005682,6.6773875246580054
21.761985574712984,-2.9219256450278444,10.626113881511095
37.93262213272648,11.616866053784662,6.302805819656239
6.892087329184712,-4.330377401010609,6.046036883196216
38.86987654184516,23.894777258637895,20.164052421402445
8.32492875481017,-0.6205120654991934,32.00219816559215
24.462986700617925,11.20927024338301,14.757682819258285
22.75061100472049,24.073176785978227,23.53365460745109
12.510029531250451,6.085692358025406,18.950232060751592
32.84325124448649,18.80504305587672,8.142210324924658
29.131121858334275,-7.297345303271956,28.1065114778878
23.00918280187362,5.274815132745715,28.151516733653267
27.391579660242463,37.516551940993466,10.329552832277454
33.33543296250597,38.841407043015266,18.22635194827748
4.540935130963501,13.26266453324845,38.91446836604114
31.656731098118925,11.548634774164793,35.93786690511259
-3.7211446494222065,5.692017409835916,28.999592192829155
3.482805039477242,1.2911827353190457,6.52071045281658
39.73960666078604,-6.772027703522779,21.875735917387722
6.357756165656298,13.142121918424845,4.581189323917783
6.499653015983494,13.155397662345017,34.25950139138869
34.8898888766753,2.07896882783041,33.26136723556991
14.473135340484468,0.45233806043591684,5.1276818103509
20.980302762602058,9.987531189954439,5.6938376978165
-6.274641107816342,27.722124324793448,29.87837984553608
-1.095233707361153,-1.2895464873252394,5.480134507540374
4.484453487207908,27.64605452957783,36.63353489823824
37.84054444556011,30.19857608153285,23.572893759258427
14.079300342074344,0.422155059808059,37.51670322288176
17.536135925180606,12.093813073628425,27.106050264448506
7.980254146450871,14.56469177785415,36.583748608055906
-2.719290301615244,37.91817321201638,26.27420832966647
22.968258147849436,38.62366705638924,15.664917594928873
13.806071254326103,6.880093308161328,23.854899071803533
-3.46969228861602,-3.2539347247559878,29.907836608611646
4.191294028048581,37.977316861370056,14.555406992495051
27.082402656283485,-4.941279694742205,22.87909079300383
-5.516056979388788,22.292581768502473,32.28822550609666
4.133452569373224,25.408257742485112,16.197891071662415
13.139903194815112,23.225993785261352,5.646996109375661
10.87109653121102,-9.474978917323753,18.45074618950036
-2.2917917383932265,-4.680019096876595,30.690563765155076
-0.10127262953354776,28.603976651008857,32.10900543935303
23.230546395163053,4.9464379228361945,16.248670371670332
20.404205003932795,8.134181385033205,32.04314086244906
32.010898390995635,-5.907227619768678,7.945064502497129
15.74655328714189,-6.976616510713749,5.2888700840449125
7.819154598209547,31.008703796673355,21.13118526878166
8.09229787369462,28.45482001897784,32.605792026631114
13.539268367994474,18.18909329888287,13.101620275308733
11.343952700701081,21.208627972530397,7.272384854812579
19.941038074704608,21.454217701718598,29.22774213623984
-9.350825971435523,2.5649455560268315,5.931829226408068
8.753562317623203,13.777137485118775,20.922168855076436
26.23068069270716,29.46679867916436,23.11160849061588
7.013997545516581,0.5883275873871252,18.03390174988488
30.889846191824617,24.428067956172185,28.4003499825819
10.493687355192169,0.944079305399546,10.437079261183765
11.662454635735173,-0.6396100412607524,19.76501047747039
28.5894237721538,-9.79729548764875,35.042997121690085
25.89703316474224,2.1884885988189033,14.785087702490937
4.759604076991598,32.57101513295047,20.149474485919548
23.766839075600178,21.83751159012869,33.02700999435511
22.126010272401416,20.76763185318964,15.465447816783298
1.8041670831039944,25.565311280432134,33.29294303242562
1.9076064156109105,2.43109392705146,13.2461832852395
31.617417370445565,33.309465103988764,9.826665392768568
14.309220409618458,0.972328765703125,3.762642956237272
4.5938275773737836,-2.663912700538532,32.91797838420127
16.98216447722738,14.710307234100519,17.974040934745354
5.492984949566923,9.831094376637733,34.84697401359019
13.466816745262161,30.74110470809142,10.859841407669933
-3.1175761334282592,25.98795085591535,18.111522991206876
15.134077917395011,32.12094360754841,21.76947309709406
5.4686392614662935,6.557007637922322,27.770619508606636
29.172416036992445,20.936380574008606,2.3526354952784665
2.6836806480601485,-5.936025575208504,1.115992296212431
16.901470705645472,30.03368619771195,6.279249880028267
37.191077629624324,9.68259487584557,11.578323162329994
39.31947608602673,39.31248517141076,13.689337483260218
-3.9875078618168507,10.621253952698702,17.59474305979242
30.110112720435083,24.174049545391092,13.36804614443303
4.72409939415496,16.908687718089542,36.88612115709669
7.425911099520864,26.11127032349478,5.946865214225953
36.92489063517389,-5.973894799843249,13.067540979811394
-1.398568426854732,11.057602256211375,33.958361098338386
26.843878390875478,35.821338343942436,36.76184595944806
34.24597148643136,24.874111815347334,29.98940958134372
-1.6379877724546308,9.083863415755882,37.218186242058465
5.000903407765483,6.158954054709131,36.12452382605175
5.285400406135198,17.116950080921537,22.79618826245911
6.564226844939942,-2.9145098799218765,21.929979846150783
2.2508102081872448,8.166676338084994,25.911336005339454
35.75237284641104,14.484668400516371,1.7573368378297545
36.132112390125265,29.552478115835115,2.234867307716897
35.4347661894564,13.681294865930926,36.17952626845382
30.784081008758363,2.1047801993408086,12.080269930336012
32.413412601526595,38.55576010806605,25.804570331819228
14.989799199480995,7.79597981611969,9.540714277041719
5.518283632186154,19.624237239812853,27.91083562789062
21.210516916301394,32.16463019409555,25.80828151394236
32.850014573870716,19.23874418059563,27.080512200679237
-6.942679284012371,14.74387301083169,4.233105930927536
27.120553828105578,12.152098199326893,19.02628298473974
3.808352424478601,-7.443989580626233,13.105304743923192
1.1603151280144903,6.131543170997901,5.3644810100534706
11.147845930123475,18.214807758685044,19.212453811883115
3.2910041974130855,15.157861242868428,24.496648714903767
-0.3781154725543878,34.98244880152693,38.88031364936153
6.660631542050171,4.75578169495437,7.835527392996749
-7.282320499913752,27.28667896870335,10.929311037818625
39.675009655677755,15.180035500553398,14.180523471781502
21.85102214493898,2.825206836118605,6.014316516418412
20.817259400026487,16.743048783883417,7.571902777442677
-6.980948415552371,13.291702220750341,4.232600618675806
33.35022089852852,6.093647968719362,19.752754900234972
-9.6219751791762,38.63511461432681,31.396141626443676
21.92757753820666,23.246963028470333,17.651962574795686
-8.132044053271215,2.4919519604561824,17.798615693695574
38.86594101355174,1.0707602292602267,19.334273367864675
8.489369829298683,33.272849043560925,36.92366759582266
12.548579032752102,5.199079814036226,16.43140940652422
18.44011819484851,16.219494271129516,15.428738048974537
8.49692394252418,-0.7553696147687283,22.466562344759133
20.36498126537474,2.7289280307559,6.268767445450221
-6.62540628516528,33.39703999779109,3.364364545047902
16.61723282531495,-1.2431756916316097,23.09093703248722
19.076578510294187,27.923906481268737,37.44601797579571
2.32761761143772,9.145783834049112,19.956071119338322
23.97559165673772,30.222868534844984,34.975845423544705
15.835244308149324,18.513825054227937,2.082499029252123
-4.003312665125473,15.559190036119332,9.504009453443256
6.398135797567395,27.607872916233354,39.33342589224211
22.518238686621565,2.8919418410907927,12.283300947607781
10.621580819401128,-4.879056868485265,3.831923211799472
9.524433928641791,29.918542667294652,32.070026428695634
3.07472835565928,37.927353783836125,5.801729868966918
23.449689091518678,-7.918172448392053,3.172780377162967
30.873404887672045,-1.4386980965773102,2.078997429926602
7.668877706500869,26.292590577625525,24.903159905294423
0.934450837638999,-3.3464916868644083,27.420461077633405
32.55084354845044,-4.530519668896843,11.969145758005038
27.180068015212186,34.37707090634545,19.02321877042055
3.3451376179693924,-5.384722927494726,22.821899266939422
10.699301379878492,11.085477735421437,37.10040721699704
0.5503032851987655,17.981516865629946,15.645838873122356
23.7740474215573,9.38008904313073,15.346148350129017
-6.423762832077042,10.047865655355146,20.623601378992824
8.629816309347731,-4.156036143045588,5.896588308450781
-3.1542557524763026,15.131972526149578,19.767487132185252
36.006831443775404,36.512773661022294,2.441689680037779
36.49129225335125,30.41207005338707,16.121298365304956
-4.811953802217357,13.254141987702972,20.160037181994856
23.47937946250409,0.9698763254710361,7.403038780615855
31.987236982281132,28.07701342799001,4.376014927125327
17.818353243336876,4.22938097835392,17.85365264909202
20.85291329831052,-3.7271675589344806,21.229839834718494
21.4306641739851,14.525580101855951,1.780863436715185
-5.963497481831679,31.77217953265683,6.041606490146787
11.531578979837814,35.19508828318429,14.13611862667478
-0.9251390689611458,29.72448605677473,27.417933005181993
5.155747242170685,-1.4173523147793776,30.91633983271284
12.58828649986447,13.111981613398626,12.890879114456443
29.040814125584586,14.902767550186526,33.30910427411973
38.850478539953286,39.927832570746716,25.405246597149933
26.177359446470746,-7.525485157274753,8.343577847661722
14.06017151217004,0.30193007750104073,17.72474116447108
24.44863662345901,22.335527429099002,7.394196623331727
19.103590938051486,3.047167106922805,6.916928404065004
31.049151028665626,-3.3477118017150618,20.754599812863514
-7.283966981902715,10.35764364986148,13.713385355255086
11.50130778103438,-8.798868154404758,0.7211543006479602
22.62682941606463,37.345388159462004,12.235571649235666
10.857771874282268,-0.6797639889138853,22.220379447052906
38.801903333654856,-9.272534599219183,33.47968766479645
34.61881773276663,18.632629772611633,5.066797490769844
38.82547164439563,25.836445355830975,38.900455358488955
7.525450378078532,-8.078638618130647,10.353871259178012
22.53494323772285,-3.5399594017317337,6.737892363991442
-7.46531829252769,-8.293179886439757,2.481200562566711
13.951584995990025,39.56673677613439,9.900947089550048
33.58557198772705,9.197102015236979,18.365294585214137
13.235590731142697,9.094373910969516,14.194931622339809
33.80350399979127,15.0379035877488,33.525937706140766
4.665223817194724,-8.893311695313368,4.764378308918506
22.26684555834008,38.4241743997689,9.785192329319795
39.95519765667701,36.435092078561375,31.085005109317322
12.824884986803362,-5.015115976345695,4.584066893543268
33.190598069245944,19.83366829814951,37.01913492136699
18.16469530594389,1.4423784619601356,17.014483188425444
-3.012209279773094,3.9937715314671465,39.0174836844244
23.533306841477753,-1.9574581786958944,17.10129006445239
-4.546321329107818,34.83237801524765,38.5949494184308
30.46717741990665,-2.6203157984474283,38.398816081713356
35.238401805343784,14.427975250275951,38.02251733005348
10.159715344286916,-4.395303239703737,22.0295646979174
-7.980477292492203,14.038010720968263,18.76035447151018
6.142736582055409,18.29790412042684,19.027476944680075
-8.570553022178197,-4.940559333670336,11.097769260960398
26.180496978618628,5.180742604331341,14.72294024142677
10.841894209234313,23.467326107776636,29.340749600608397
5.173327036904359,20.153534297286072,25.984987899021576
34.90333544198302,-4.0811319504319234,36.566198287573755
20.630675803921672,-8.716597315468784,20.26130705483709
27.88651606960478,-9.637951998469285,3.9193734943144563
1.8315608240407073,25.401311436902567,36.054952200245125
18.754558206542328,-6.893576006186782,31.336223884128493
0.7343845679244083,12.039039322154476,32.95871794097058
-6.112794063905485,-8.62323061681614,24.353238672880757
33.80702997676712,-7.849725728822868,21.2389510814866
-1.8537629308954031,37.980100566860756,28.465771230239326
13.885249504723976,14.536702237894279,31.761552057962795
4.546491215946682,7.95556689791058,15.922226653738862
21.616751775740134,7.20134869240415,23.42606821388875
-9.444818947574554,3.7946335316604727,22.069631241774402
8.493396945211042,32.50106538209326,20.02890406596013
-0.2416319697137439,-6.070694279826768,5.222968690069948
18.58203643871569,12.791396271397309,33.67771731693773
35.83378193032381,-4.7299907974083695,4.361958640025284
21.383360587497645,13.066362135294892,25.995476976213048
15.406109560500482,6.542920646763839,39.70249848238345
34.92035541533775,-5.418105765944234,29.23614331917731
23.40782096275685,-3.9840711267958886,12.61322013203566
10.056422024341192,2.251383833092204,5.154997548421299
2.706192829190254,8.856108954096934,31.03594546860625
17.29007305535591,35.03954988650299,2.373918553896319
0.14004410031593473,6.707916011626676,27.904051376424306
35.812574650976686,1.3060588137439666,18.082480973981447
34.876330320462365,30.15811977318714,1.271809867449667
30.130837717149554,-5.318296857007642,21.54425025082518
23.787062102085393,15.102024164250551,39.55205417664868
18.563179564518286,-1.31633124904425,11.408310602561215
13.990988406801371,1.2908385700414868,15.146543552997095
9.259916479498148,-7.031883962222004,28.134459577460596
10.951769103445233,25.62233139243301,34.440813541384806
1.3679024966580737,28.72593898715821,21.03727175792071
11.432894884318994,27.12374312779965,6.426988048121611
26.309231497740612,35.9973559970096,29.697729179552248
-5.11299599155646,32.649494990795525,19.571572824981693
29.901067552880647,9.609398432114546,33.53488799273459
29.156854374006393,29.746860465151244,37.04763314176722
3.4352361817677863,29.23980827318225,14.255779327387344
31.67818691673554,24.885639167860063,37.82165773749322
5.52690110311713,39.16841786852972,27.564800356257074
39.16571565560022,3.607639880988465,9.637743771166537
-4.495531452059055,-3.7530854424314306,23.12372021136657
-0.9337046492420704,35.45308217716995,2.738417967461279
4.384512865610613,-4.637021182423162,16.751739191525385
-2.306192098993016,34.85846462287454,14.76763722949984
36.72306046368447,19.87415325635781,32.493092658625464
23.85057025905602,15.055530006357708,29.092525644180924
6.675142586715086,34.41278651313434,15.388246256390321
21.966591333492197,-0.6695074796545093,14.063016082495661
14.313573247960687,24.274529851982575,12.426567699264595
-6.7127455159505995,28.0971490201433,28.380493729897815
38.32245701071038,27.331888070698596,3.4320778597884036
22.063725755727255,13.9103932945198,20.570073552886345
17.563450911254808,-8.334777229131479,39.89389948662027
10.576515536995934,11.95155431263884,23.304988049482795
3.1325527818400882,-3.1338382087439838,2.5254632523630356
-6.359530166402655,16.338607704627847,3.277905253732847
32.275491748306344,20.902346705618957,3.209041215485442
4.59955211895798,5.916052230704556,17.052295043457775
-1.4102333267079086,0.8341519648956588,16.181935814061312
37.69186723260207,26.282601866284587,4.061621404770287
15.79558426463695,-3.963536201861981,30.16227997127258
9.419598758242572,14.608775535812269,20.107900450538175
-6.364169203474238,29.331541970003556,14.873470282638884
-1.4659323853000554,26.195589753160128,38.461198710251274
38.26396064669855,-3.4880105915385724,20.74209450069593
2.1826340012131986,2.045622773931445,6.4507515532906545
-2.937503383312369,3.00864607036677,14.028354547085293
-5.104477035343084,10.653819906696718,16.525163635974323
15.899993633997306,13.728973148590224,27.110534585838156
22.687994222907385,6.945856920952242,4.068009922987189
5.683557341384365,18.548732417897842,34.28659357581044
36.780929819836665,14.366938901532944,27.235696216236356
0.3909431699385113,25.99656801096257,10.798285571507275
1.2724193408267706,-7.271223830833826,20.077121513454564
10.857475607616136,18.76235931849328,32.82906271354612
27.47502310505282,-8.059243675057393,16.183797434088895
25.752654733932374,-3.1675845118932777,22.801558421426613
22.94973013143909,13.143652715088216,17.745471160479102
-2.7944481590493897,20.378927950909844,31.132934403429463
30.830182815709385,31.569941037356486,11.603606068703105
-8.772621760944402,15.519565598287366,36.44484219119031
31.71038470294944,8.400922250091924,38.71048474906862
-1.6874140053317266,27.268207119190123,10.544507132647514
26.79454051498722,7.476328965104955,29.11745730712989
35.978470827785344,24.40359708998288,33.53494052626423
13.611737715831715,19.852901021884666,32.117729801090086
29.654672207428266,-0.12121197025309804,2.7851913106247936
11.319282903509311,17.445912669966912,26.10535831117027
32.945821249088645,4.98754922557864,16.755878692397665
22.850789819124003,35.060506258846274,38.89810236597616
11.250577704021559,6.201113378292973,6.187741689552293
8.505993364526015,-1.7668826629670225,21.96301828224093
10.841152399099574,7.116937247432247,7.089820958200271
26.1300726847281,5.7220153908954785,16.578406105721402
13.406377057998675,12.702707968005207,27.082624172490238
28.19320039472737,3.9279534071110818,37.093093286368365
4.746903998410765,16.856249872451023,35.418920327090255
6.939110480229974,-8.10726883702851,12.203584262012978
-3.016639387777401,0.25550094519319444,3.894749715676163
21.872244996973286,-5.510696389790482,37.37305754189001
34.241973880523375,-4.695586586800266,8.901531499882779
25.123386015449327,4.109617969524471,29.491907333646687
25.796175655388993,11.423804238227103,23.738133532387494
13.62738892537573,-3.0009916485737156,38.42713411304243
13.13829315315963,-1.8698802078286683,2.206588279535442
-6.666408412789796,16.77832535958421,3.4172917727424856
33.69296643360448,14.425411798225554,28.455536880363887
7.544840050134507,14.544374881307213,28.900435119132204
4.1197868898120085,32.61938753067042,28.929783114614793
27.983124047891494,-1.9637943824360313,31.63994943088595
-4.057579334103246,-5.208123699769798,20.452512231706553
-8.08728733136979,4.098203660833919,7.828272212865617
23.708958317435496,28.461621263828462,37.063095060814206
10.89595803299687,24.284364805415798,19.455941827981015
1.7587224601849325,25.02633712565261,34.222313641956276
1.341768095047808,-5.758602713863823,4.987960234032016
30.408085294975315,24.538305380565106,36.07294450630481
-5.436579467833189,-9.730188864572296,8.434789955153368
38.6986130938988,36.03224857857171,28.02059391738925
31.14530559591546,39.37713188552608,6.799020413849767
16.830825165632778,-5.805313146300094,16.308225721849013
29.121957617867892,3.7642752318718102,20.734378516706137
22.78542442193929,6.793825377652962,2.768962414023255
-9.757186457855855,8.134471494396603,3.3568630229113365
36.09270796220222,-5.578366572806678,7.855248916094261
8.993328432997929,4.509513396159253,5.376044821611173
15.740546373230131,-9.926389957520803,33.85415773405228
13.391739241553218,25.412908810908093,32.28727253052255
38.68545797775606,38.040116773250936,24.752752621819752
32.611054828853504,-5.461773002155265,5.1312652123717495
2.832746358653286,10.965437131116182,39.06849322356482
14.60480070272395,17.626081174850945,18.059537760479206
-1.6101367621227218,4.254707977001935,3.7184309656846093
19.948725801472953,12.637998582605935,34.49560302926179
-7.214362649672577,-9.284546584830263,12.057836330152547
29.100056784820424,-9.395253952774125,26.593407410769444
32.813014084584324,4.05014368578194,6.599288301387338
17.433248685119956,16.0411412302526,13.453470203099386
37.09178193195038,29.725647037220114,24.684487490221937
12.925623846940159,-1.4843485631398574,2.69381104168178
-5.878834380630851,-5.756978393117956,8.718640134878058
-3.2931403598571,17.79972891511213,24.922775963617845
-8.348274148861153,-9.198721396369898,16.190329795150465
11.505744219479885,1.7170446044693985,13.593483764192253
38.23221757523017,9.781291888253907,38.33166702679857
-0.9313471597380989,10.816633375116975,27.723309607345257
-9.459413604380364,19.78571036118821,26.083812270987785
-8.781659142342631,32.49855236523247,36.26282611497732
29.550079584535823,17.208048946835532,21.97886369710382
6.734619109518945,5.236334447000971,39.72455863047672
28.452626182647514,-9.384112941598152,39.659905529156774
21.379768575845,13.823344805430649,17.176992332230647
12.947864841019328,12.918701241479836,34.21123833555348
25.222077967815288,35.34117449179442,28.338544971938376
25.502707785951714,3.359907551176052,6.638920927299196
22.752747546067702,-6.756732007119726,6.391101218120095
28.525459446964483,39.51082330944759,34.622669809331036
3.429095992863644,21.687519326238966,22.70007730760033
26.87184000802978,12.01648115356738,19.315379010316853
19.465779150702424,38.96018658721583,6.011013527683225
8.713105460879717,20.996532753361468,32.45186615568432
39.07974986603821,7.745809891647255,36.58062965203567
37.691562532774,0.7728871597673397,14.506315051303947
32.75810667326085,22.165398122177407,13.657243624757434
-1.2640407037727464,16.710149686921092,22.651237492652086
29.26060271862825,27.062409841554917,23.41698266541639
32.907898219187494,38.220422988838386,27.80107456237024
-1.9796541386190558,0.716081956140254,2.3710541969835894
5.544578956065697,8.723127938390135,8.387610728828115
19.665328014593435,24.68364396352375,27.342509508453496
30.833855766723488,8.06471775088583,23.596979339497786
36.297022263544015,-0.8029193598175528,30.511668651033215
6.237991756253175,26.284787743265067,27.459832800473105
11.464484198914892,-7.1409652186339585,38.63929179644367
12.434551514484934,18.10479353133689,15.209655140849495
-8.601133384490101,23.146810842714807,31.60524767762223
-8.201040136209564,8.913375131034439,30.10775017927827
12.289827005519914,25.586064707382704,38.12395043199896
4.712220480770192,-3.3600473316197395,14.870656935323774
12.093599950662714,27.907004762534754,27.715422166664332
0.05078187887747987,8.696228200809614,16.547865531651986
4.674143407724822,4.107033942307279,5.929808362019685
11.176078205484721,1.035689596804069,34.69322721226601
2.5507058598852694,20.587257322849496,32.291261618618634
4.861957214013627,-0.49538498583524415,17.018622039578116
-3.8982388888839328,22.29326052509117,39.05804622557224
38.47872568305407,5.462144756930455,31.9719129651785
21.87224939862383,25.945890212127857,5.452242143908407
17.17528151208724,-4.4622087684855085,2.0485435124060665
6.546854939457004,-2.8092391977710873,18.483711795062028
1.8490581411286904,5.066551661430427,27.977520702641343
36.61961077414426,31.312757253480143,20.494491009168843
17.821002778078352,7.625998797086943,7.100048394792335
12.285003050451307,-4.854847158182504,10.98607655222051
39.80990578849083,33.754749558100414,39.35028003439474
-1.5502066973117703,-4.684591909546505,21.953454551772047
19.127889742572833,7.17168802132192,10.108522778936196
34.29063507853594,31.309899783386527,22.81452430133031
21.774540833412303,18.582244782554806,17.979440572746512
33.74736513691307,28.348009310119124,7.058413877069743
10.81500903546077,-5.4875719215684216,23.73851401387317
11.43606750629732,-1.9700884101514198,18.7537660410751
20.088602836490615,37.87555079095971,10.865511749956887
8.588608124746631,38.34200449322298,20.115931065662185
-2.551021543697729,-0.2321092489277301,21.321001830878117
10.54823535766294,23.772735802912777,36.00771820430821
10.224530393192557,19.791645129724483,7.798490243585573
11.8961656945226,34.770181520503435,39.07182917550381
14.885499669910779,-7.176860272144251,11.894359211190018
16.626924977988956,15.803317137821463,39.05839132458872
3.2044268739018733,31.89914697365457,5.235391693370463
30.090539213374235,7.4220676636053895,6.887017761887829
38.67297148112675,-4.196021924671145,3.1991517422218614
35.85837508466426,-2.9023853778617905,17.742231154781603
-8.469819210572798,4.972169441232152,13.11067681194637
4.126774453761555,-1.2592719232068084,12.610662226262475
-7.561660984476955,2.0739620773270335,15.125353920457464
37.0118933009783,12.996976013316214,19.025174804715395
21.685655395244556,-8.974272287272788,34.5930636729282
4.914677165294348,31.906186591591286,29.83000551283486
21.999877156600895,10.065981782057243,37.772532046266235
-8.579881428031552,19.14987698112308,25.283640490613628
1.3986834284409362,-1.39387609544315,19.505025506172508
24.890222606713635,12.793723141001223,15.27011964456431
1.4200637911197949,6.975527775483677,20.380491886630722
3.5165545381944145,36.436343426362114,22.186274779887036
37.681226202824064,26.780353649338394,26.64613883522547
20.203901199150653,29.87769517771261,2.2986815103974845
20.40840176561825,7.32637477298157,19.04049492701676
27.709408409564535,28.593534889608783,4.226163741105529
11.157619634395743,-1.2553613108612076,22.30271920039661
0.26955188913496997,35.2048276699724,38.96925136062157
2.106470215688711,-1.7582926876177538,32.98647053999982
11.930342893359931,14.313306923243896,27.69839477252774
26.488444560365686,4.621799724944152,6.098791095342808
-7.5813517196982545,17.095673288898254,11.684511608893285
34.726162425231365,3.4640551211653547,19.12696549760558
-1.8385969424052693,-8.789843877723097,39.7406228815052
24.304175384496016,33.63926192279771,2.004543234377971
-5.346664588664586,20.376385926530897,24.23763807757289
30.061791220156707,11.958412681518773,2.4729675696417583
18.14151238776758,5.917855882710473,5.125931583730743
-1.5459633937795516,24.507875136616946,20.847692321065203
37.174380547402706,5.33927090966119,27.059466027372423
-6.130375174172462,20.9308029761315,17.642682444830545
19.568809189626347,12.168853248556847,25.530236560414203
-7.391949339068079,17.95758893161162,8.235085891857793
14.216460610509216,14.611801559476593,32.11749609317459
35.578741903414645,19.04549406636832,12.277839244680239
20.293870176446234,8.171832049108925,34.65962215108404
34.74494569162944,-5.837023436059867,10.028239078124539
28.443330277288013,14.196406195978089,28.743807605065832
11.427474215143942,28.264279417498365,2.9273467503245936
18.24067982058218,-3.9396338876076182,12.895359650249215
9.615540708355784,22.675606733200386,34.864765303577144
-5.7406503681292165,-1.2128636837349376,28.761422801573076
-4.060376705931618,-8.463531862827779,20.9025876506213
15.201387520486541,7.741822325306597,9.893929991398565
3.988578343621139,1.279151620274213,19.37246911243123
3.9003231094993485,6.828975367093026,23.349468692216043
3.288898941848414,-2.329149179074588,24.86179518936265
12.644323782901694,37.512174891288815,6.008979993839205
25.068872575414318,11.603227091194181,17.07442428762935
22.216755439364505,17.700867945849556,10.981780453394627
11.638374033399124,19.885415171920453,15.294639526437432
-3.108233456760675,2.377021721083274,37.79843844429443
24.998890931164105,-7.71080641084363,33.64807396707807
-9.350686932732119,7.599866112809105,35.56371884814092
15.955963905531373,21.359551962589897,19.137345054072167
