3.3226757621882257,14.91962194709005,-19.318272061048862
-1.956710527479121,-15.85321334757884,-10.181500364294884
1.221018052185011,-10.125407824266215,-7.545420443111288
14.40851293963538,7.564484555804945,-8.346607352186886
2.719793913450509,-15.227260035747761,-16.867030940793953
-0.56171178067674,12.111152462728985,1.1093468595511968
-5.126804821397258,-6.950638998708836,3.0751369405380338
0.0,0.0,0.0
4.5163652518882245,-0.21202982579857732,-0.4281370319757465
3.9941449596084233,17.77930831581441,-0.21849423238941768
16.311354889248058,13.266922653530138,-12.076149230048287
-2.0169424856039964,1.540014874136837,0.05224913315142743
0.0,0.0,0.0
11.442100991237789,19.99982517974958,0.7711484593955014
-8.21013626491111,-10.348265004325558,-6.808499775172185
0.0,0.0,0.0
0.0,0.0,0.0
9.672986838426391,-15.756144295167342,0.15104484229470572
18.41627804759861,-16.716752669997227,-11.77812713121593
0.0,0.0,0.0
17.865703028784637,-17.494428115580572,-11.923574365506342
15.627826213633618,6.6679623820610985,7.487255133361398
1.9805605822792245,-6.591466222441568,-4.09117418497752
12.214487565837722,-14.04597907963683,-15.448804285315402
15.613798671346899,-6.481843377534519,-10.620781968445222
14.533962327764808,16.317496259144143,-3.274706572740388
3.2218668389588148,11.037115838977291,-19.09527635503075
-5.891878565724147,17.223034506865943,-4.2330034146819635
0.7159139466389028,-4.509777015901811,-14.677403792795502
19.707005807199938,-5.160493382902654,-17.37410443583655
-0.984895439882834,-16.01597860286124,-0.5137765893705941
0.0,0.0,0.0
-3.8318367909556237,-0.8775413755173664,-11.495002680740182
4.26950120841563,19.411618409638223,0.0007435218748952366
0.0,0.0,0.0
-5.608119258828344,-4.581444863327288,0.9597812194117985
0.0,0.0,0.0
7.101560989175695,-0.6035943409397433,-0.2003148597787714
13.650919115863545,-4.270360428597341,-0.5787635742501256
12.493569421210644,-10.349840425956174,2.5100662117868815
0.44998651789610555,6.307108857221713,-19.194891909933535
19.209129755776576,9.227088053674038,-11.550851714292321
19.953734397519597,6.959388681184862,-14.035484431074586
0.05431265603167823,-18.512125205682786,-8.409904756558193
-3.836672753512545,-9.056248581447,-12.561791758263332
0.1985542875748223,-7.304155714296449,-19.134141434206608
-4.112833628465667,-1.2837349001289171,-2.9084797356225565
1.7906149846282702,-0.9728111621519453,-3.3462794485685308
0.0,0.0,0.0
19.929045036423624,-11.270728685515799,-0.7983120762481635
3.2591789475836386,-1.19667445966558,-12.873906579615719
0.24342068861224675,13.684653379499203,-10.861010904565768
15.508102622485758,16.49898321243169,0.7080859356664249
4.060247368975389,0.9513864368554756,1.5561276287408443
0.0,0.0,0.0
7.8533947594540905,8.403148014963307,-8.636551215810645
-0.8012996256665872,15.03576965772315,2.2132337315406083
18.26434572064386,0.4814922107066133,-2.814465654161083
3.596167975989329,6.283648231901802,-4.35717138797019
15.26927525231553,-8.416676391612357,-1.8249444615176955
0.0,0.0,0.0
11.483483907357359,12.244336716858687,-0.4308766176774228
0.05456743753898152,5.901758590214772,-6.357443289748984
0.0,0.0,0.0
5.295702432876018,7.366915634308212,-7.29094452864884
1.5252613900453795,14.482016482645683,-19.599121626945532
2.3569383312535166,-12.942597959778006,-4.6529293657126995
4.654243425128971,11.066126918799757,-13.968959885631122
-1.9687806267510854,4.710226127557778,1.9059360859399863
1.9300083730869737,-0.31422599673183527,0.8422141692147633
14.877955071594723,-1.7307868335524255,1.7672842017443378
0.0,0.0,0.0
-2.4191815373686425,-0.5026492385739196,-8.380505078845129
13.977459783664699,18.626285197296006,-5.832660362510048
0.0,0.0,0.0
-0.6052130134156464,-14.65758099916917,-13.972611805958007
8.267568685312728,6.020808832245564,-0.23156657766917021
-4.34904712091309,12.682589330655958,-2.8561330516901897
2.7735108127236736,16.8867855731756,-17.035541232018744
11.537734477876718,14.828651092908645,-6.308927990248713
0.0,0.0,0.0
4.651576094503234,-11.390219839385935,-9.485049604156092
4.249619159735879,8.363411822456928,-3.6516449073306285
7.619686571036734,14.339807569230217,-0.23059226032139746
0.1922544697745252,-12.58353289448139,-13.172177975361425
0.0,0.0,0.0
6.28603069376717,-0.8547098338030494,-8.073590023296545
18.107763182943124,-9.00083715604092,0.33906263925117663
0.0,0.0,0.0
3.9166674915171136,-1.1884150220689866,-4.734797880618311
3.1076405237935747,10.064279848374113,-1.7064068834190707
0.0,0.0,0.0
16.909998793404245,7.089722295141444,-8.204313557081802
-2.0785784955878555,6.358331630633856,-1.2062819179966802
2.268687519121986,-1.6503793372727702,-14.267938953619964
2.163678208319349,-19.33716346488595,-3.020171600936566
0.0,0.0,0.0
0.0,0.0,0.0
16.691740352126757,4.733872299572703,-19.71381051782014
-3.1097610433969436,17.44412769618571,-12.532292906574972
0.0,0.0,0.0
5.891701838609993,14.488872824400936,-19.551191221375447
9.689191698289022,17.764082117629208,0.4063639159669066
10.291311025868824,-14.409546126676904,-2.9469365384725656
14.799672717563787,19.638601405852565,-3.811402710687436
3.09879758770729,11.238192605238801,7.52716807765233
0.4524809472456055,-7.828775770639657,-2.8783887122344822
-0.6987836692304228,19.273266080489087,-3.4225696541097683
18.96432041263829,16.378747402634193,1.267522854719799
17.64454394597127,-14.177094317353546,-9.363546089771441
2.6460535754909102,-7.554717556741846,1.6449379446933747
0.0,0.0,0.0
1.812935915586582,7.687050789452481,1.4615575741507385
4.139049246592701,4.397102755269755,0.9928884234478543
11.332492897388235,12.024755087972974,-18.770747939731333
-0.22367973783838746,-9.318267731270733,0.7716907857234467
10.255545194735276,2.855212924311086,1.434631442356233
6.289458757819734,19.195232967812572,-0.08856046770453396
7.583399561568593,19.55859826497308,-1.0877781939076967
9.247492452286448,12.051341440211583,0.8325630922381689
9.17581076889967,3.7618370715596887,-16.320363684808875
0.29578356437040654,-9.384408872501405,-9.187316206458682
-0.22273710354339116,6.895437274498845,-0.21159023216334294
-1.5982317780224786,14.425649538712142,0.035377575135014716
9.328742292479031,19.930967407516444,-11.606584045151042
5.989763276239717,-11.030610977863818,-16.992637943083707
8.777082102468967,-1.934559926544887,1.4214505522410654
-0.3856125893645874,-16.87920197260206,-0.5514015355238158
-2.3585080795883897,0.41645689183085466,-11.10773535444328
6.227881232272114,-5.63993236776178,-0.5366832051992496
-0.023799847894199644,-1.0478051183570614,-0.6551387602512229
11.724971353092144,15.01448421408901,-11.655444677488584
5.412676065320815,-2.4334438601720434,-16.174820437478672
7.905284656975457,-3.3427255279830916,-0.7364395715476189
-0.6742513124362297,-0.4537057044138173,-18.535980565870666
0.0,0.0,0.0
15.959701558258985,19.817200852575894,-3.8326749364934276
6.919555995630919,-18.2431356478979,-0.6961859934092054
8.51061916911404,12.971591642999421,-1.5440191792381484
17.082675560662945,-13.307521021474432,0.2956680716564104
2.9199874085245128,2.0345986212760834,-8.17483905022614
19.318487943208293,-0.28091181130995935,-0.4896259381317538
7.26537717396916,3.4135928293737123,2.818761170803919
1.058325820801052,16.463353861620952,-1.1163796736012834
12.877609141372403,10.230022978135686,-3.3087019335070735
0.0,0.0,0.0
-2.4035713892088078,11.302068266870595,-11.880782845107364
1.8619833585598027,-13.715549719092657,0.9959379525065799
-0.7328151208992892,14.54338349977494,1.4831698914604985
-8.959909044143664,-13.188445830516562,-6.210196915214745
16.16928237102306,1.6113273207160614,-19.087865700741286
9.801222184312666,-13.336810010710991,-0.0202725440443281
-2.5256583771930607,13.802277812975275,-3.728752675013485
-1.7993056572517276,-1.0354964049411697,-19.142271125653398
0.0,0.0,0.0
0.0,0.0,0.0
6.1597648639336064,-3.260147126118273,-2.046570988106268
1.845103968851006,1.3963193104450795,-10.152311099991268
0.0,0.0,0.0
0.0,0.0,0.0
4.336936553313997,7.551598474113156,-0.5605905556535404
-15.523449897451206,-5.913732678757983,-16.180231932815197
-12.097917206449347,6.824533679495333,-12.62463843153062
12.458995983056688,-3.259468834146185,-0.4473901957003594
19.11980129291991,6.288298212100269,-2.449374690916901
0.0,0.0,0.0
16.393956482968683,19.21201047703201,-4.7994499188962685
19.256641533933127,-17.834982963067265,-7.604360700461768
11.062169543229054,1.0566358511657086,-19.088202381440585
13.653427118513164,19.76413619027685,-9.756944733703767
13.112290751225437,-18.43718569778147,-12.633394097129614
0.0,0.0,0.0
0.0,0.0,0.0
-2.0103943623896647,7.29401808205877,0.9123357931178901
-1.5157250529495592,5.480764019483635,-2.262984761366287
6.436287053346836,0.8716627090475413,-19.63262331429058
-11.250689760944185,18.200340051247778,-12.395712365713193
10.514841004022628,18.72327706336723,-13.02116045552743
2.8176088777869417,-1.7211656169597838,1.122924995067054
0.0,0.0,0.0
9.842226394484603,-11.895254413669466,-15.545244672407417
16.456991165677152,-18.07628990627466,-4.843218995089108
18.98191647219923,11.823463377624059,-14.175559797819956
-1.1534636676781478,6.941723310144154,0.20449160470432481
0.0,0.0,0.0
3.5629968985794456,1.5014263689393523,-13.774534537614606
7.686226194743213,-7.217761062480985,-0.7946312571532745
0.0,0.0,0.0
18.525836496610737,-2.858408280454789,-4.908230320208922
-19.35332448845846,-4.3121680813907535,-16.182648652177825
-13.052484067137016,11.623376109269861,-8.473798475644035
5.448103915621147,8.791500475118426,-0.18469460845025765
15.91056468564899,16.002208016554754,-2.7526681705931146
14.764260696734127,0.7246892162006731,-13.81184076746731
8.485402263881909,10.561545649599925,-1.1681225874481598
6.467514928644562,19.281410141126827,-15.43484662921767
0.0,0.0,0.0
-0.1971196423040027,11.38769970124856,-0.14791905159471241
-12.665161087034619,-5.189455439503817,-6.0300731717410905
9.721861292747015,-16.38161572926854,-4.153156278842788
9.352099305142225,5.421796399623055,-0.9871589522806694
5.019840053521506,2.3722977635587554,0.5463788254786124
0.0,0.0,0.0
12.468492313770206,9.017346330122255,-10.558006167139805
15.916959896777854,-13.837315468632017,0.6475341093780678
-8.975265271066597,-4.9372768614910285,-1.746850387404538
2.1220381008598848,-15.096950795283163,-16.97446035304148
-18.086569832471355,16.71298177103082,-16.573510437160316
0.0,0.0,0.0
-2.312401675024301,2.213057300123637,-0.389144221537574
0.0,0.0,0.0
2.565834599885175,3.0700686946505167,-13.62442517329658
0.0,0.0,0.0
19.22981226812672,-6.994055473231668,2.9776299558485206
0.0,0.0,0.0
0.0,0.0,0.0
11.67976165594008,15.922405242739984,-18.330965277184703
0.0,0.0,0.0
-11.870800156648258,-3.728378700224443,-19.34634120310876
17.687441324108384,-6.332633918637072,-19.088204176098035
11.027449713511157,17.72569952177768,2.1540175506098223
-0.5873528938908379,-15.590104502444312,1.1657080410777745
8.0986747297688,9.754344614197944,-13.740239744808589
9.343030067161843,5.34034710001378,-8.72836631234854
1.3821532015855427,7.822794134633153,0.8319205717838276
4.6980828605199925,-15.646182446252926,1.1812064147084609
0.0,0.0,0.0
6.935658163716794,11.059172968165282,1.4364858070065565
9.614768823111195,-3.333239799097953,-11.889465530888009
9.702918318824388,-2.7541131863175146,-7.645282176235714
0.0,0.0,0.0
0.0,0.0,0.0
0.0,0.0,0.0
7.299390714230352,5.940523184311903,0.056375492648632175
3.291141885210571,-10.147736989259434,2.205485560533889
0.0,0.0,0.0
8.543879452130831,-7.498544284535569,-0.7468771363206059
9.839711085171555,17.485815722493108,-2.225291728198588
0.6552932789313495,-8.86961389898575,1.464502098479148
-1.3653467820692002,19.06891798959363,1.2348662678879592
9.893133331668821,9.06045146307334,0.42959538670084396
10.958149278914625,4.9273539739034256,-0.3845589631669242
18.895283275189236,-3.6722697206479156,-1.2045042110382873
18.83861971813271,8.617138696017749,-13.655025365524976
0.0,0.0,0.0
17.92453004183782,15.177749622061988,-1.9966876357390753
6.157240894709663,-19.74373784721213,0.7925506178743831
5.550344662891984,13.008606526684908,-0.3359477263363111
15.939108147270595,-17.79861710675756,0.4573306953559406
0.0,0.0,0.0
3.56802590022253,-1.9567176621052553,0.682680403377816
15.552725400095305,5.115203839257948,-11.147394202177702
3.8535955912000546,-12.458796878065248,1.7231036138771998
-6.735783619644769,8.874024457269003,-13.476057166696485
1.7974714852988747,18.57786837212805,-1.0660929820854506
5.951773382345082,-10.138541246924618,-0.3587373933579201
8.877247226274713,2.5159463237131092,-0.7418798917414868
0.0,0.0,0.0
15.356801418677776,-8.972718958942055,-6.852582616911022
5.977869883937219,-5.667327570041191,-9.022974475371987
8.343542962580877,-15.030990268696126,-4.076909058413445
-11.203166353184002,6.73563432200088,-12.157479293211631
9.045549895790593,-0.8377025300738303,-3.3792504015072087
3.4557411948705408,7.948979246572613,0.908233410827421
2.9313081827126553,14.392503265673916,0.025660431095683833
3.5727443781789674,17.600622449721953,-2.3222592975796412
-0.3537929892315086,18.601393133474527,-3.4349717577840906
11.848925267270111,8.87471691975892,-6.0768917755350715
17.938478940725005,-15.382061308625298,-0.6561826497909706
5.340585917794062,16.899333180749004,2.12087174266049
0.0,0.0,0.0
6.360817539369313,-4.136119633373095,-15.898619506300111
18.773895522161062,-2.2925049462666385,0.7662654251547336
1.7788265789666724,15.431907554799814,1.1126661550214223
0.0,0.0,0.0
2.284563456225718,15.089288516778288,-0.20509813727866844
-1.2781042356378443,-0.20087939665781818,1.4738380501425894
9.272260474491432,-13.813059402858203,-1.0090236504716703
7.885197817718883,16.656064410204465,0.22581699430230984
4.416090443491342,8.693815316344537,1.880319939342936
15.076075667288343,-4.901834191948762,8.4283021330973
-4.3171997083505405,4.192352342021506,-12.818598465856473
6.5709285478132955,2.9792712458326314,-9.774991860109148
15.899704469061643,10.910109076196793,2.177992935179834
10.328736711997394,14.084155072841568,-18.709717142022903
0.0,0.0,0.0
5.647452203915009,17.13472867971113,-18.81150694661572
-14.699787345330854,4.385198023811213,-14.724731055903677
-9.728919704154709,-11.562432048897366,-8.035659359297519
3.338702869763715,-0.18308187523222763,-3.7715729713861252
0.08061709448245935,-18.98482745442174,-2.594063249705065
16.128776397323847,-9.920397541470289,2.0361095446385775
0.0,0.0,0.0
19.15449705397387,-15.8575323266796,-18.32822073278809
19.694380295446834,-7.998626426497282,-16.402765366263292
19.058786665310016,-2.96867834406844,-16.715405526243636
11.242773453030974,16.520602224009025,-14.30924773904854
-0.6687048111883627,-14.162343046756785,-0.15511845470564367
6.908106993599866,8.389970421072555,-0.05259337070008385
19.052012559457893,-13.26106660115362,-17.218856214637412
5.0551550786127635,2.2262611843012694,-0.5708885579954597
3.76322477131413,-6.985770018892213,-10.626235550735538
15.843341556078792,-12.462289827167815,-12.2082723677317
7.12773509156278,-6.207762193445296,-2.294138027942328
8.858641787104858,19.616248372411107,-1.8647734358364154
4.856135288394612,-9.672071322903527,0.6330882012720238
13.868776044570748,1.7560859552525336,-15.924619404715633
16.425841664032767,14.024398032256773,-0.1672355419018574
-9.746306779612755,17.898270374688288,-3.642740891949096
7.044987398907858,13.274615951632105,-10.51627248591148
15.799665298879212,-10.975935856403424,-7.339045573506486
0.0,0.0,0.0
8.909357596305343,1.0234395713080495,0.10437083397772406
6.497547742252969,-4.814083652363497,-5.116300208214868
1.4935077625782576,4.01362767474431,1.0336414872762703
15.141766554926988,0.8767038112477081,-0.4232154811428437
0.0,0.0,0.0
-5.004720584137052,4.86357388784924,-0.20127219109636485
0.9798510093513677,-8.539483727405198,0.006189995511824975
7.911820966150902,-10.280581312343386,-18.941280891666405
0.0,0.0,0.0
15.273329637670834,0.012662253259463796,-8.117383629245372
6.830741084684057,-13.412626936234261,-1.1219957966439074
7.398919201807274,15.25280709822706,-2.1252083076848187
16.6773625541937,16.356812771487164,-6.230294408224324
0.0,0.0,0.0
7.815358921707871,-19.590682717136804,-18.113093763567417
9.567611265240949,10.20968454431159,0.12619762453875794
0.0,0.0,0.0
3.9334952996296764,-16.01950603343323,-15.637113293533803
1.2231946654550736,-16.895798552434158,0.40083575922579584
0.24545806467940423,-11.019959683626773,-5.470595138764281
1.55198560683748,-0.5695077769052581,0.2738458554531249
0.0,0.0,0.0
1.199750964519243,16.269321201646264,-1.3112083448114298
12.70828467037858,11.696162648113017,-1.3626297108169823
9.554194736112716,-12.34242016355044,0.45141446272926444
12.017183488184322,18.84800934155118,0.034589863812900745
2.478564518869808,7.822306368839216,-3.06491403899411
5.419399940212884,5.894342183651197,-3.5158803628655875
0.0,0.0,0.0
-2.873701800777688,1.547077469636566,2.2245278269540023
0.46631799865623336,-8.317693735848342,-0.43069694066352326
-0.8796477701141328,7.621502769071977,-0.07493332062713165
-12.706072566778374,13.690766130551303,-1.925477318718709
18.792577718991055,-11.816857912294838,-14.516386442799963
8.467090278461413,-4.579248930323265,-19.880447789712154
8.247126735386917,-7.05125335652579,0.0982057779877934
-9.550648015836924,-12.54665706307933,0.7815939933659273
0.06199120397898206,12.731728763670919,0.17787233030123417
0.0,0.0,0.0
-1.140821944495935,-0.10966388077683398,0.44991169418905486
0.2809733336186149,9.207210762274912,-16.387502673126953
2.5983757656407516,12.503098352417162,0.36960598084844065
3.5310912318676344,-0.25346337632798566,0.1035201906867016
0.0,0.0,0.0
5.830735317989566,13.146537862482663,-19.72214658332502
6.923998996158527,11.1526548661917,-6.478361292047509
18.050972591580155,17.109143556771986,-3.928642206683481
0.6421303727256209,13.645046598301391,-10.998171781388972
8.876644072353049,9.390550407989045,1.0267511995721215
0.0,0.0,0.0
0.0,0.0,0.0
0.0,0.0,0.0
10.84803843941024,-15.404123819382859,-19.54291616589711
-2.148575514419452,19.376442803528583,1.629591235009014
14.464441732798228,2.674186238976432,-2.252107496668007
-10.068241822606844,-4.214084186455494,-1.4160199147523098
-0.7946478872000888,3.029943535740693,-7.600943237503012
1.6103459588465707,11.610414370920699,-19.37086088628037
0.0,0.0,0.0
0.0,0.0,0.0
15.023709511023865,9.151116189782506,-0.28572893529962595
5.541885833106363,-7.551458232237167,-15.09189044958962
-9.566729202124552,14.121018173002993,-9.770714610779113
2.3300769912643844,12.171477657938286,0.18026334115172205
2.4934421149434636,3.2518931858184947,-0.47200178352316957
19.589426193735186,-12.240297835564768,-0.5761875712114126
-16.25362057145403,19.7846706552925,-4.370243082036126
3.430507425904306,-2.078339997521404,1.1060422387958813
11.547252814265823,8.123169563168055,-3.379976091955209
0.34824556945673635,12.63258311398041,1.6891874432641458
14.591239591829323,-9.010720373622034,-1.265769265243498
4.736536508453987,-17.639414743080714,-16.52550063874256
-2.024690185652789,10.915912234562349,0.004742769958526516
2.0855444048596468,18.543885943255667,1.9960003898656424
6.199751202774516,8.612199171116458,1.5590016892341456
11.231108792681226,12.78555849868112,-1.2330545057269582
0.0,0.0,0.0
15.671456329594719,-9.009806919073442,-0.5326978015959583
0.0,0.0,0.0
16.360937804005395,12.616867039287854,-14.493477688852987
-0.46765920067153743,-17.325222745722712,-0.10002744741139225
7.057220001623524,14.628426331111712,-5.066244769304708
4.625781406685175,14.548451028316144,-1.4028220948288244
0.0,0.0,0.0
2.3885297767009916,9.78356509185757,1.2424887239666145
14.580133585378547,17.166647099282407,-3.692826773300279
0.0,0.0,0.0
10.940756410952703,19.68052104917245,-0.8915197736972855
4.460518451100615,5.371787678817249,3.0245332251476253
0.0,0.0,0.0
2.1606521024391476,18.752589283867145,-0.3143641688773755
9.157498375645286,9.081183397464395,-7.772191945393496
18.731859600420677,9.04542212859695,-19.85794207620903
3.4592382306149445,-0.2284428375682026,0.8094617590396551
0.0,0.0,0.0
4.030273642919346,-5.729050771240473,-0.692083793644557
16.278243981809105,-6.904693902432493,-2.7910180713139674
0.0,0.0,0.0
8.864820797370562,19.626533365208914,2.094717614035943
1.6157823272712717,-12.925759865526311,-12.86587926577419
0.0,0.0,0.0
3.5364893189536595,11.248542976295706,-0.30295287454657327
10.894991661977532,-9.852184192641399,-1.0720432340729857
0.0,0.0,0.0
-0.1356564141474692,17.00450476662862,-0.9272546815158726
8.001572032576263,-16.119286945119566,0.08681560963084323
-2.0060000243899214,6.6749734763599715,1.7390165345408803
18.097833584008022,2.733751335472718,0.710074417218042
1.3451118640961326,17.08061661640321,0.31415581701657613
11.818730451366477,19.890448796225,-9.407120797858855
1.7743252168179957,17.832687327706907,-10.69518373140207
1.9170006546989242,-1.3260700019354665,0.7847664314090679
0.0,0.0,0.0
12.400123785917032,-9.99428459625694,1.6962682386565646
19.47434810588051,6.014197134554053,-2.7892510786359628
14.34623704837307,15.091916226028552,-9.251748031662318
0.0,0.0,0.0
4.142612535433999,17.566378896919375,-19.334313202711208
0.0,0.0,0.0
2.8786021404856683,8.53764927905226,-3.159860667275243
9.087766852541463,-13.876798412870798,-1.5647940203329718
-0.9250069268657519,11.001620730398106,0.2696220039196042
4.3223554534635085,-8.434840976756307,-2.9836941597191675
-0.28849885134831244,13.728874062039996,2.5733388978064484
0.0,0.0,0.0
-5.166063235437517,8.776701873857647,0.03231489946817456
6.765202623764355,10.45713248257341,-10.114329342972429
10.047652724047518,12.218566776503812,1.6694838644480976
6.45525276229928,5.443277632406816,1.6436308559055401
-0.08789563559738856,-1.89875710364785,-0.3424392160728189
16.008109181977566,-5.043066985006009,1.0821581564425315
-0.12303103785241021,6.160520340805181,-1.4677885452149724
13.84470112671891,6.643993708199186,-2.2258567815208607
6.042738986706684,12.548391115043437,-19.106557745239385
4.513823131990449,-0.17755720823070753,-1.0317417373251139
0.0,0.0,0.0
13.334145218207027,5.791448092804439,-19.15734136380998
6.8326057291181606,18.893902499084085,1.1475851714186014
13.717413527885087,0.2957993941244723,-14.317168207323668
-15.16080456991969,4.447116162127438,-5.097448995212965
18.930819388817156,-13.916317322918598,-14.897577301476886
13.237633659732275,-14.010311981963238,-0.09896163624999588
0.55917915621826,4.4363380606884775,2.436395151563824
0.7273543534375868,2.029863892217358,-0.6620338116956308
2.206781970067169,7.354541222240005,-6.557142276541844
0.0,0.0,0.0
10.006837341372858,3.685881241152573,0.7572347139922648
1.117096215329484,13.030891655641167,-0.3661810144943729
18.24360103513223,13.994179279411235,0.023832799632682367
4.412924767471456,-18.690217232621507,1.2002446579988302
0.0,0.0,0.0
-1.1601197728515906,-16.138480886197215,-0.35601179498341295
15.600079008412544,-9.335803524403978,0.06794141786889085
18.25241394889789,4.552962673188677,-0.9393166198833285
13.357029130796898,-4.824716264245695,-1.6799747803988363
-1.9526545600981429,2.5323689598415235,-14.245830677717553
-4.484502554476691,-10.715200440293971,-0.3242513069253814
-10.040581275535134,13.288222502591516,-13.31935291224401
5.515976936419246,9.445113344036296,0.8753007508775532
0.0,0.0,0.0
0.0,0.0,0.0
18.183831177824267,19.781844652337853,-15.922459849834993
-3.9854494523894752,-17.667707888701138,1.9798498522172503
15.60503150122372,-13.105516259807747,-2.583698924869445
0.0,0.0,0.0
17.317262216837257,-14.067974634783166,-5.9344317907445046
11.662032259493113,17.100707637446902,1.4172098424434836
0.34945478030834354,3.587658889277254,-0.9130421363343153
8.282334328042595,1.5238487917382173,-14.418355043373754
10.77536190753709,8.834074864402552,-16.52184130766902
0.0,0.0,0.0
15.82285928563497,-16.167164042951292,-2.581749939928841
-3.3027440644346946,-8.596608694978098,1.4399535625891602
0.0,0.0,0.0
-1.7030524312189854,0.7292634587561615,-0.5143145449368798
-2.5951877398835386,19.45479321820632,-2.184258059472839
-1.6382951972549282,4.83869779322125,2.4244188159574236
13.454215733764848,8.823971362894156,-11.518143859553698
5.3231990536185805,9.300449813505278,-15.484549497925645
0.0,0.0,0.0
9.700188297584404,-6.02738005145423,-13.509002007970889
-5.208137840029691,-7.417321223598789,-14.334006771254716
3.223493840618122,11.7794702681914,1.3990140765979042
9.705483449276915,-15.64208158262322,2.0900479142702473
10.421573072362705,-1.1248870990985314,0.7810581874588678
-1.7738986851057703,15.277846201113057,1.489985545989871
5.573030920390584,6.433488050370335,-18.404582640505797
-7.828972344456121,8.693643487488789,-18.175936909838043
-1.4335535749171555,0.814325799195661,-16.352158286594722
2.3284088638102673,3.8544998278364133,-6.790397674953617
3.9352749643355196,-19.88989504796776,-12.445621415807583
14.629368807841395,17.982641795874073,2.1388508379020834
0.0,0.0,0.0
0.0,0.0,0.0
15.929737693577692,16.751848875995414,1.2393401531723747
-1.221610636680698,9.022873474360939,1.2916380399223293
-13.44796519875414,-19.89815300137939,-16.173359379994157
15.36671780780329,19.238373544355824,0.8526485595948792
2.3458874667652196,-2.4121981141340747,-17.993469035271172
0.5403952508891554,-19.85584935910247,0.7064830161505071
17.178241274004353,4.065160715478042,-11.669497157302821
-0.1502194005511861,13.434892797425878,-5.8777517791049245
0.0,0.0,0.0
-0.03300129430791615,1.9766605681236362,-3.4176330601739444
10.921586619871558,10.071516276345939,-13.116422068871533
2.4598009404828396,8.906632964865992,0.2540300744501849
16.32779966306525,-2.9434542138121484,-13.442137355723403
4.439772552648318,-9.70720947526323,0.15730543651853424
2.6715918349762724,-19.643931732818302,1.7833858235867979
12.199348386673087,-1.0619022294327145,-1.3296716350061537
11.253811841254574,10.989552127599238,0.3916130096746464
-6.053491635923438,-14.891028222140212,-0.6417581821347476
4.347099918975346,1.5571491903798922,0.8582310979185337
16.677707739901614,1.2075980979966339,-7.127191315913201
0.6399702771633962,-5.239951765092167,-0.4669024446268839
3.899517886329889,10.68411545599514,0.14055259269741427
-0.28505811434885686,6.126364318135913,1.027209494839088
17.458870343442044,11.220484231572353,-1.9613253108290856
18.07976687104436,6.822637227938019,-4.671590993510787
8.84089834491762,2.2451912591287124,-11.146578497018345
12.50853583747753,-12.513046741116302,-7.750815530740402
13.840349060198385,-10.26451165694931,-3.1557253041689606
0.0,0.0,0.0
3.3482215211404394,1.3780930361778285,-8.598059245114142
17.075799481332787,7.962925879300144,-11.659291619503815
-2.5517460286968365,6.619385204472032,2.5772434539539013
0.04049311084442575,0.33482871583017015,0.7439997202982838
2.86770892826949,10.973240958818032,-1.2014369803986256
6.967562940252247,4.133065051397214,-1.2483445617242444
6.623418380383004,-15.414096813515574,-11.267657939057388
8.191266228109093,16.857371864962587,-0.4719358629117991
18.819103128270818,11.012171193914833,2.8547439090326243
18.84171370940041,8.787975632452575,0.0956045290981411
9.839455700206802,-18.16217107766412,-0.014799782087928648
-9.055897008565557,14.288015305948043,6.197626838496742
-10.599819372301654,12.938600161887436,-8.513866895796845
-0.5910534416536735,-12.023039066323864,1.0825409799135328
0.515403449077271,-2.828494197139043,0.5903724223547897
0.0,0.0,0.0
3.9593935575046366,16.691568809149047,-5.758918225295298
-1.9504604452103464,-14.00326683652301,1.159627816911847
8.32038011365254,0.17368906358179004,-0.0282622760334732
-4.160709936692958,11.336966534724628,1.8934328145912183
16.503861282937258,5.085335873011491,1.799515049093042
10.398425408023863,1.4225762222964597,-5.472232546929304
9.335968062203484,-1.2125584846022832,-5.900291697349962
0.0,0.0,0.0
5.88461873730849,18.868448115135774,-18.271476216130978
11.851927903450655,-2.1081600296118626,-15.433418301172445
0.0,0.0,0.0
-4.2123764357564895,0.350801944397773,1.3245721967805686
1.9817794064807828,-0.12619018311907837,-7.500077422783775
14.662744787548853,10.469208480991302,0.6454108942352832
-15.812218429886837,7.404701573864671,-19.689807869466186
-0.8919944799680515,4.786231694065261,-14.107574257529311
8.440634462449864,-14.580354820574351,-14.53112990433412
6.779817545176815,8.656982713641485,-0.4740534796383038
-0.00385628232753632,-12.474550052005537,-19.79275883812089
0.22484770510351382,0.35466600204269483,-1.0724487808954457
3.2068418246543073,4.368565039449827,1.1111471048724724
0.0,0.0,0.0
-3.362388420276426,-10.331210779939491,-1.2889097767860846
4.740501439812334,14.214042284269446,-14.171264686970591
12.209626156267333,-5.636832949075588,-18.51985725867554
9.992059157152386,1.081274142453669,0.44965509632011447
-6.1965260666185795,-8.887035979545004,1.3685340988436492
9.153972331983923,-13.937822127266005,-11.984844202805117
1.967442878024329,-17.42543029597788,-14.962154528140537
6.5854746502675425,-4.6336013995873415,-18.553927710420776
12.235114881482723,1.802065610533937,-1.982150931058598
0.0,0.0,0.0
16.20037420937031,2.3638620560069334,0.4355540155912767
2.065168376050045,18.229635703053834,-1.4108104718903949
8.322474249239345,-0.7769739183162372,-1.2677810587831289
12.29353385820508,2.9505523279799526,-3.2487989455178816
10.54049340646625,7.192162025035881,-18.83804328708364
3.625291258078886,-0.7241938658194149,-1.1016414004727975
-1.340578260701296,-12.531629340751893,1.0734951490723148
1.3207260625102535,1.0422033362848944,-7.5194527558267845
2.956639802540689,8.939475555799426,-5.439591364878861
2.7979865938877175,11.43878894445253,-18.56231770770452
17.680398925775552,9.6378681766215,-11.300579444437473
6.73650783085902,3.6770895069893776,0.06271513686436947
19.772072852862987,-19.95820833443812,-1.3948755300552893
2.6832146134349557,-14.615693544389455,-13.722988777835335
2.6147430559545555,-11.879370153971045,-8.480359808312231
12.021081898105379,16.179957312486092,-17.573307429461448
4.090257501588022,-7.389029573130003,-10.463690582405034
6.524295536226248,-4.293075867722523,-5.011256590152726
2.5114961132800637,-1.0942236024287695,0.14906592408890518
5.4035591638785085,11.945461999752549,-0.3012930297810925
18.296239773131752,-15.217995407387843,1.9694802465491072
0.0,0.0,0.0
2.7318250277461154,15.78126019757162,-10.041508438692695
17.7771787652353,-6.198823224094388,-0.30422301663104534
14.019227008910427,8.471251769906026,-8.04489141093351
12.06843220788041,19.400999826014928,-7.859836153332424
4.532852718570201,9.21754662375592,-4.197854908138526
18.33424419003355,7.311041512667202,-14.221572293189464
18.869051125180757,-8.772258681787896,-11.6956945417577
17.751706480497063,5.292241558722278,-2.672512886245187
0.0,0.0,0.0
-0.6953916011298631,5.830374241229492,-0.15387762320007425
17.26976078975339,-1.9039671208458842,-17.14689215759765
9.162011614365731,12.751239644656813,1.5704320610886278
6.798167176471511,-12.969925769725728,0.4096545516729524
6.744737556484672,8.625504542026817,0.9701103977108829
9.643946381112025,11.64550076455376,0.567009711323756
-14.635550160454468,19.896278240453924,-19.076419862063783
10.900438929944384,19.141320300821196,-9.13487907795918
8.877941092078228,5.6239786235122615,-0.16336484821263042
12.731453207048698,5.662414685509503,-0.9565990272566127
6.988594573325333,5.991690790290372,-6.922494190255122
15.126557121374116,5.348261642166543,-5.924577145054352
11.309355483857349,3.916946434962682,-7.059980400923669
8.9432319242004,-18.290787265729243,-0.26249648787577895
18.760204037704696,-13.353988530406323,0.9956100231446072
0.31146922597234905,10.097251367536813,1.0951245604425566
17.574951781200923,18.113723114952727,-5.498204233583813
3.346080872512889,4.856058281737349,-4.489842305019361
6.932153580617154,-3.3301082047819928,-4.241148013310214
0.23334606644030131,15.657916596342389,-13.90150698961661
19.30006151027072,3.7779072177987354,-4.507623631430863
3.495023734809326,-16.632382075040958,-13.942974021386068
7.687224479249203,-10.805557628823252,-2.971082587269919
0.0,0.0,0.0
14.3184535860292,-16.88279924220597,-0.03606530805404873
0.0,0.0,0.0
-0.3029266086722373,-3.154966144281598,0.47959527210266373
3.1205675306097866,-1.0734050916937363,0.7035151694716304
9.211899927243564,-6.892385722394623,-13.47528272029583
5.1794950167557765,12.639510377988115,-0.9531413375119229
10.98979552267506,18.12255408246829,0.31570835037328493
-8.894872355329703,6.4510123370051495,-11.901613052658842
0.0,0.0,0.0
4.57822728266202,-9.711909504475848,-10.063871981487107
8.092274695298126,19.882316289566624,-1.3848401467409879
11.062745521666002,17.115793697156327,-5.887878844923506
1.8076915660701722,10.977788507859273,-18.296309304527448
-2.4993769708594975,4.654899990499953,-19.217373382564688
5.819882868163905,2.4697114983866086,1.6647560788631672
1.650270378821297,4.701711749618453,-8.607864225869033
0.0,0.0,0.0
9.315365349388868,1.1466774610729722,-13.603045116337306
10.732332921476761,16.34505629849208,0.883112465485576
-7.522397869996546,-5.856146655048917,1.1514382582539084
0.0,0.0,0.0
-2.7150605008393143,-19.42525456875389,1.436799365290686
0.0,0.0,0.0
19.365883628945625,6.114440486110819,-18.44215257297639
-16.56027821488848,-13.578372736137693,1.3386894052143616
-19.141228827746055,4.036647590483518,-19.622184097411843
0.0,0.0,0.0
-1.5030119603337795,4.76522999449395,0.9826921928292904
-19.59159989378596,9.057476574793185,-7.762255694310959
-2.047379781495273,-7.330607556399434,-8.084932682018415
1.6569678812347615,-3.951801579313912,0.6172216270746524
8.862258387676183,-4.379536725778828,-9.959916779214499
8.945087097097453,-2.835021923840859,-10.217947254918805
7.011888001145609,-0.0028086285545452228,-1.0135387298865304
0.0,0.0,0.0
-2.442440331795069,-17.893266405923143,-12.30583917539532
0.0,0.0,0.0
7.998265641419501,17.482019434574852,1.7826700604479093
-6.881972587245009,-17.80478652126508,-0.6971154015472152
11.99015718843565,4.493829743798749,0.552005264425933
2.4524753456154436,14.01494548494177,15.572552154164221
0.0,0.0,0.0
-3.9537604534501867,8.111149434379342,1.0227314884607495
5.3956407257127985,17.918629414750015,-0.04162925213509183
-17.34504573494884,4.657652325678676,-7.805915648529179
0.0,0.0,0.0
5.2678748166416725,14.31043204019607,-4.980634237945708
1.8273135259362832,-3.2266737903698477,-4.924334735001903
7.950745951144867,17.70408936343437,-13.652829496528522
2.7538331571130072,-4.499667468533357,-12.921028941798395
12.973610981490724,-16.703744621630463,-10.364341600308805
-0.28351781074721316,-15.978314835651348,0.20596520952161512
4.975772318538038,8.718151720245984,-1.8452813305912805
19.252000919296115,18.087583917172118,-7.420397746365445
8.669866520384193,4.550297638158227,0.35735767470785973
12.407193596710698,-8.217312530438049,0.27601205648543115
7.422698906907712,-11.662728534187137,0.20933947614366133
0.0,0.0,0.0
0.0,0.0,0.0
-1.536396112424687,16.859044937619874,11.935912746218568
-1.2691266499798726,-4.458236482584411,-8.285654886400387
0.7339857521673459,0.7566824665260263,-0.16572939523031494
0.0,0.0,0.0
-1.9987484208751645,0.9612778426259325,-7.68211607124136
16.887532857323155,14.398885606566498,1.4505768087754944
6.465234590887026,16.72329830753099,-9.214493125618134
6.0279545901782825,-14.831967521385387,-6.609686108806846
0.0,0.0,0.0
1.5272753155961993,-9.908009209278609,-1.36167806139715
14.88937112450669,-15.587866315796749,-13.529964827812577
-1.4115274150858426,-4.724500871224386,-0.6440547021281517
4.716981753920649,-18.302142839902643,-10.544846240591344
0.0,0.0,0.0
5.813476446672066,18.739339519815125,-7.788407726429934
9.461294528776138,7.555620054183823,-2.1930941683626406
0.02473316722204899,17.312072912056657,0.18540119693707524
5.5671250183160765,-11.069713378826497,-15.434165678759078
-4.252086643715645,-2.9967202771867427,-14.009487879238309
1.6246450343885819,8.390024657084968,0.46946069886078856
12.651118859587235,12.111125458269491,-17.229636498710327
14.639278316020889,7.923935037480488,-5.4499805583623555
6.4986999618975645,-1.337969173514356,1.1339174534941066
17.903208572060546,14.631036872387519,0.42919152664808635
0.0,0.0,0.0
4.597026591619468,-8.630647917788318,0.2916673791969089
6.318580416234724,3.7279570452022845,-0.09660404201129325
13.244201278144054,-4.842732122956399,-2.0792228326491227
4.7135567816855755,7.1075099221518485,1.452891752624275
18.32907191968092,18.820952515730966,14.32217721386612
3.046336773051811,-4.334243886744493,-9.54260591087288
1.27430647654865,17.093485439352996,-2.5549887815284116
-3.82472023900079,14.046317962500403,-0.5766404705885897
0.0,0.0,0.0
15.973922228372558,-0.9983554743379379,0.6092787168790181
13.983285036784238,-9.108715629479446,-17.05921038100005
12.783057275915894,6.2822159394317225,0.02813457103852457
0.0,0.0,0.0
4.304027513241948,4.254586926855808,1.234348953066906
-1.5836026347581758,12.430257507774563,0.5022499698912313
-0.03610730412643548,1.7237269462073415,1.464927198967633
-2.179628158994989,19.922125038379566,-0.2928348843422697
2.3333306036693493,-2.704588617675171,-14.212729442080668
-0.6148844984799844,4.106489093098311,-6.328465438029715
0.87734423177114,-11.009312608045766,1.4284699277107151
2.541554538384192,-19.489315556755002,-7.899588208888275
-0.9825503483963294,9.384013952656847,-4.390723005345936
-1.7366534865599892,11.736077796206416,0.7812628764749014
15.779964240526324,4.136079077797863,-0.3795467127318597
2.5312322045009523,14.642704963356117,-17.76340708601966
9.281162034572393,12.667371489507687,-7.145105539776205
6.781246277081606,-19.751956380694644,-0.6164543452790392
2.59732366995917,2.964364065337726,-16.88105332738183
-0.5488374519081466,11.548028316983409,1.0972679192058568
0.0,0.0,0.0
13.859649151851237,13.392911059057415,-0.4811875418293603
0.0,0.0,0.0
15.013429470670797,2.1142013059302105,-11.08338320444475
0.0,0.0,0.0
8.87825017424063,17.679047578877224,-6.443859457506612
7.066804368191637,2.8560634729073975,0.11772715940505307
0.0,0.0,0.0
-11.034884462145286,9.838294854893384,-8.251934935768876
8.80251227890144,2.9691950961005142,3.5145601547530188
12.064556083727119,-3.2931506799194707,-5.990520788467986
-5.0540107912373085,10.42036094522756,0.7943299202240635
15.286956427798039,-18.77808743715931,-10.886934019710305
19.540084404612088,2.1990331228837716,-9.598580423788427
0.0,0.0,0.0
2.401092603566064,-14.668707077410343,1.1544218826756998
5.376219717627446,-7.389202138811113,0.01286823112890545
-15.073005923505427,2.4438530905575817,-5.84173272380453
5.844498784590682,-6.5574331247318,-6.4193307022353405
0.0,0.0,0.0
-2.6420103565356285,3.859181026185219,-2.703952249716302
3.5401465224489286,0.963883863024833,-0.3391522297352232
-13.397694990124783,15.713888431365682,-14.659711281112681
6.357916914491927,-13.228452126578043,-0.30810784470279273
1.4668989826278818,14.07345015030618,-0.43664446317227146
2.409491405399372,-15.577367590141582,0.5683092349318697
-1.9890200900223967,-7.466503968234063,-16.590225291750677
-1.0097882332508163,-9.965586967444729,0.6081714223104306
19.2316887344992,-19.45743978054282,-4.885436716118781
0.0,0.0,0.0
0.2278511970329662,19.149334582086134,0.5899406343323186
-1.028580934726083,5.291778710419223,0.16772870926267558
0.0,0.0,0.0
0.0,0.0,0.0
4.841440710770314,-1.8428723051575833,-0.8847661827015303
5.298967691139712,13.318592235271225,2.1561556368289096
17.36657878848108,0.08643273910341165,-7.264446346027523
6.1084659684650795,17.541654578438333,-15.849770941124675
3.3059463004912573,4.073805525019235,-1.4443529092702718
9.714433154524903,9.206180433819892,-0.19913003124278106
7.541129624728821,4.343843164361317,-12.794172791725725
-0.32470724299455966,-8.667209129423128,0.0025404479888564424
15.429801986255384,-6.488410776495456,-6.963699766416802
0.0,0.0,0.0
1.3646198430106835,9.792360212625578,-5.109765254171027
19.367758668021363,16.411834780982257,-0.594148703954076
17.83912971152514,15.246618063508066,-19.05143917651009
3.727912805381628,-19.599929467267334,-2.025452080652723
0.0,0.0,0.0
16.356234546294715,9.190546812787394,-7.474046227501544
9.082844062784005,1.969214676656808,-1.586552908930173
-7.159472328978614,0.7956031767164902,-6.170425182791067
1.4553583851242542,-3.2290181067851,1.3758807408159655
-8.001303327595894,-14.11109476758542,-4.300390855864677
0.0,0.0,0.0
16.7539802449855,13.248268207215574,-12.942917266899268
0.0,0.0,0.0
3.5547016911552545,10.575772182273633,-3.2114900881336297
17.666255575954054,8.547191575584566,-8.722343831908631
3.1721216566262767,-16.045647471966905,-0.8936322573294451
0.0,0.0,0.0
-1.4128931473178206,1.2214834584642045,1.7108477712327819
0.0,0.0,0.0
7.181220107375953,12.343660115647431,0.175018662572203
-2.187256493591839,8.782667350191879,-7.666007183293683
3.024350332690691,14.722814745595933,0.9364979148455461
-0.3219596232472064,-15.30099614636006,-14.132401638216098
14.354365356526614,-13.44047773602322,-1.5933997361402454
7.313235856716737,-14.064997845847682,2.0313830016068373
0.0,0.0,0.0
9.946672479802874,-4.977428346926267,-6.17806441930845
-1.825847441991268,-12.31832099549969,1.5367955027019624
0.0,0.0,0.0
0.0,0.0,0.0
-4.979605789041516,9.514117064723248,-0.1262929952182681
-1.2254502911456768,-2.1085543887144476,0.6369590508227674
4.739970509095489,5.139464327298526,-6.70082604173723
13.960836644094364,-4.353843493774056,-13.490197380441561
-10.052613783224398,-15.176794794338527,-19.448856409277777
18.294847155988215,5.1678952527095845,-11.839151942063188
9.927748940700042,3.038513951842596,0.22127781323902695
1.1513652192447168,12.15325167342099,0.04249980335154646
2.298710313186753,-8.512792029958842,0.44954682063713625
4.690472297997713,1.2513478768488036,0.7613001489898554
1.680311795326805,-1.4793702590565339,-8.578407512518005
0.0,0.0,0.0
15.923742154951462,-4.9946265425843475,-4.34747382416387
0.0,0.0,0.0
7.704018895393119,-7.005661091884527,2.2767775451940713
19.79883435194745,5.701466756300939,0.07180424458520829
-1.1008897858999411,-1.410298056692163,-1.0907397960996654
12.170902456015462,-14.069592675692846,-4.452397612460218
19.245362303321976,3.2905230789857,-11.23176095638214
13.89859820267195,19.986779012320966,-12.55294926837263
18.61989798223066,-12.695950686199808,-11.72994929996619
9.754419777553434,5.305142958420177,-2.8383848426516423
4.467997001818418,5.632702550136418,0.6170082297627388
0.0,0.0,0.0
0.0,0.0,0.0
16.08739836630803,-2.66982639128344,-1.532253734783727
9.388953377693044,-14.146935902621262,-17.873447605430933
6.672557035750682,2.5190272936714244,0.08234245742058732
0.0,0.0,0.0
1.7994220144441613,-0.28334279363209447,0.21330253919990128
2.150036669131624,11.46249815339398,0.9509338632799889
1.7634743897772083,-12.254871103312507,0.39630974600435565
0.0,0.0,0.0
-6.329113119880894,16.543312435109712,-0.5199170505301645
-0.5606167364506476,7.967923886091597,0.7095978984945503
-1.1706591681757068,-17.15185259888643,-0.23579987783338652
1.8951159188647893,-6.864762567846816,1.3827341857029758
9.40345126934309,16.101215647962178,-2.7747879117726058
0.0,0.0,0.0
0.0,0.0,0.0
18.53287287688636,-12.610283196119559,-7.348069156190046
-3.599149044279116,5.679918775438514,0.8891106014633685
6.492885800562268,4.288062303525187,-0.31842156432424673
2.3647117067340346,0.38270378594378585,-0.596695758841264
5.883262958489748,-14.35876051964821,0.9490938995134144
0.0,0.0,0.0
-18.583531021087207,-10.995075173714465,-6.8321049165363945
4.50052449858407,11.814833846231785,-0.3164554121100167
3.291589943242311,8.76372551182849,-7.676187602364138
-10.694363300424103,3.417809825357782,-6.14976953431381
0.0,0.0,0.0
8.335381237942222,-14.410144737794097,0.4300619748256125
3.517792011018134,11.409326037825021,-9.548047394979776
18.144753502160388,-3.156348288419771,-17.377737114237693
0.0,0.0,0.0
14.482337549664138,17.160162062830395,0.3071860425314874
3.288289223389756,-1.1473471285085484,0.22646663115197363
16.521531663137274,18.114096728481904,-2.638006068879122
2.141176966310173,-11.161043637969494,-13.530574584677714
16.162692073871327,19.60992832810841,3.348264772644285
-8.309035565421189,-17.70522104323424,-0.565270396349618
0.4348516928309216,10.52618757188953,0.5290543344977543
2.096474528178863,-1.0873149767854464,1.2804210543038863
0.0,0.0,0.0
-10.43004016772462,9.820370113359889,-13.410951035586962
13.245318383606786,-8.037419537385826,-0.022117727463168535
0.0,0.0,0.0
5.1061389093499505,-0.42229128333794286,-7.235149847902604
0.0,0.0,0.0
9.59674817653899,10.040878750594292,-1.0010177650144882
0.0,0.0,0.0
-9.348845138760716,2.134824300164153,-0.623905248027941
1.8392621730647516,3.998311631274807,-1.899640389553109
0.0,0.0,0.0
-1.288124943876543,-16.810363212844745,0.1449557091199729
-13.658220577148576,-14.151935437226383,-17.82914774097152
-0.7465739424358937,3.396011104258932,-3.9693743214962787
0.0,0.0,0.0
4.673230107714295,12.954989313731286,-19.967807760919623
16.545547963848776,0.4477359936301717,1.4655040351434678
13.816540634900747,-5.498437437274543,-6.65197710539179
0.0,0.0,0.0
-19.282718308553328,-0.8239773450552788,-4.691148618726715
-8.619296243883962,10.89705319664176,-18.479596068991658
5.488014669740437,-19.58440510551873,-6.1805086836174254
0.0,0.0,0.0
10.98258237928836,4.347137657200635,0.12213416602851268
-1.7788113462475152,15.172371863853408,1.247088339209995
4.789620267120353,-7.48063698871544,0.20784648716658283
-0.7442705793986981,-14.609419081346456,-10.015425704856211
0.0,0.0,0.0
0.0,0.0,0.0
1.263583578144516,-8.695863773574917,-19.311818094778904
12.516291273543622,13.964737745612538,-0.10643889590382827
12.598147842900623,-12.897990932483927,-3.0362605028932954
0.0,0.0,0.0
4.667917327425121,1.3497952950745844,-1.1075583797914508
-1.0847613039939745,-6.13798149502869,-1.6296449006868876
6.46689498395693,-16.44918408901672,0.030952087256110872
15.485535283317459,15.765219629643665,-17.130676914508967
1.1917067825739984,-4.108424671747581,-17.566160257319638
13.661232144499643,-2.4037758641465707,-1.710001281523958
18.40394430081399,3.780856967435671,0.4330412431332995
4.078769131081465,18.42091393938248,-0.42965258633487124
-10.756916981322263,9.488772373598763,-8.802509208758519
9.966577566366352,18.846789782355188,0.5101672369608723
0.6581026180391518,-17.46464597719266,0.7876146304899656
3.626007802434148,-19.745382960271744,0.671105575449749
0.0,0.0,0.0
1.8650038239865836,11.437458978015766,1.6170782701326596
-6.039528292846039,-18.103777316244024,-19.855051063002904
1.5133790462005212,3.618190940684954,-4.82866389487814
10.022325294356476,7.6309030561382905,-1.0063367377073114
-1.5299257246969233,-7.09262457618299,1.590472792607855
4.068419624069588,13.290365824878108,0.9069140992413125
-0.4658411407181875,-11.45633705997221,-13.11455313355335
0.0,0.0,0.0
17.67155917621612,-12.21328245806022,0.3840005926894321
17.838042201104383,-0.637837512451636,3.004949610378969
18.09446984721945,-0.6499958224448861,-11.235219831144692
6.979946334225048,-16.074880475164257,-10.825209165391328
11.387766869789374,17.789160531517375,0.9436362781718977
15.792549730884657,-5.260089756044671,-1.1450281257032016
0.0,0.0,0.0
-9.743254560745136,-4.583469866490901,-2.5031767550355664
-0.1807540377308996,-13.749459321534761,1.1077424213473819
0.0,0.0,0.0
0.8747659985030758,2.108798502316688,0.2897785384771385
-1.6712694993608643,10.093249348863708,0.7411227460350815
0.0,0.0,0.0
4.2322736299275165,-2.714549176086011,-0.23259587180527852
11.982772782629826,4.54589094149954,-0.32639091375977713
15.612470515576803,-1.7251365014505353,2.2617234822972705
16.141219516224762,-7.414415153796595,-4.921768942312458
18.951001078432625,-12.103396909528268,-8.734470643542858
13.610388891852597,-0.026014951827786348,-9.142526688013007
-0.56976107708347,14.894511706448602,-0.337485273623475
0.0,0.0,0.0
-3.346459646747846,15.866563252005765,-3.644046421169717
14.373388313951395,1.1740877903827993,-0.5095011215965286
6.110976833432199,-2.0548034856471773,-0.5839513344634426
4.255345704397769,-10.230729771331946,-1.1143840534766873
6.361353097749664,-3.933589531606412,0.8615549120784749
0.0,0.0,0.0
14.613558940107973,-12.302345884558104,-12.50683246142062
1.9867287458109626,-5.247758711940541,-0.03424556917207511
-0.2038423040347901,9.281226649592028,0.6566524029435854
13.216448498871571,18.000903347896326,-6.518935636521661
17.122596151672717,1.4413892858910664,-0.31436853971659673
0.0,0.0,0.0
19.877851930947887,14.026632339068236,-0.3797345912077361
16.771567500932214,-9.810800121563668,-5.24730747065783
1.5632855306111413,16.66705761394831,0.8467357033320972
-1.2961153876404943,-8.76785630369667,-8.338615046003255
7.427059249539894,-18.294948923044807,0.5107807171230014
17.333003468256287,-1.0373428137428122,-0.841278598516638
8.864852357708426,17.77719676763231,-0.6420816369234132
0.015294777290803196,16.63402929029935,8.029830255705164
14.182320301461983,2.4381766832670415,-0.28878046850058503
-18.30436135709637,-6.895493537362698,-15.693405135973736
6.795134100978874,1.4625439882856313,-3.077658276154228
18.504488693925836,14.957504752611513,-0.5824634755794675
0.0,0.0,0.0
12.764957765876169,6.65462490117539,-12.69026735132614
3.821322326103388,7.870235908283291,-6.590186118751481
0.0,0.0,0.0
9.405459411805982,-0.2522281675065301,-11.299554529164523
9.6882814741274,-17.183987733940363,-0.4775186588699363
11.452960850063718,-4.451779491249111,-13.122802297262549
5.773404351491607,-11.794818052761908,0.3413511157916336
6.5183772394360275,-8.844810804694134,0.3683977237836361
19.68842928623295,2.211492452580112,-2.870038885992654
3.6830012983653795,18.41949065652576,-7.480033185614998
6.5926675001716415,17.6369307325309,-12.311341624666236
-0.9155179533553657,3.286520375564667,1.193187462146561
