0.0,0.0,0.0
5.513843344405844,-4.668055766656385,2.0004839369540313
8.94112947557399,8.458058880979953,0.23658271217139326
2.2972302365995727,1.4321109141218287,0.600338703476968
7.852780128115985,12.0994744069449,8.218208183272953
16.333896511926433,11.036910012124988,10.904284936876772
-0.26140716785324614,2.604422848102706,6.773898109271137
6.5069226121426595,0.908338613661126,-4.415403281075191
12.190665039148445,3.137461231559401,1.8762683888036378
2.6899662256680195,-1.9904178060516138,0.31927659917620277
10.914344856016237,-1.7698609418335138,-15.681066713992394
-4.0339051849291,5.009292327628462,8.278027865896847
1.3380837480703272,19.00048899970196,7.262611211313171
11.827239724383318,1.4540367921968276,8.067395566368912
6.388731078890643,2.663654790113288,-0.9255747234546483
15.18863198217813,9.538889089171139,-18.320753202769513
0.0,0.0,0.0
10.27601789313542,16.834505116574427,2.630508458698999
9.66753765545517,12.712830936514251,-17.870219170360294
0.0,0.0,0.0
0.12311281906182137,8.016379394148181,1.6124325592757138
13.148439436991826,2.375036945792015,7.487255133361398
0.0,0.0,0.0
3.0954406178907536,12.636004551104797,-2.626927826719939
-0.27595481337088756,17.049297696120504,2.5548769978040866
7.253524983790289,-19.249675160872858,-5.038993789803053
-0.16569901031801137,18.58998747478948,2.45480487619624
-9.247270899099055,-2.3770444075420194,-15.308678237850174
-4.1162291936948705,-16.585569486824546,1.3218149786260511
4.9422609711576335,18.179113390463435,3.2241105888653507
1.846679210782554,-15.63104966836812,-4.075114047197118
-0.05626040669632815,12.508806909626058,0.9571963389060425
1.1936531896453184,12.253053777136644,4.217774135762313
12.413421487166445,3.25400080369341,2.48690073182406
-0.06472754457390906,0.04695967808760315,1.875581007545275
0.0,0.0,0.0
0.0,0.0,0.0
2.8652677875287917,18.18140673326976,3.217929598885778
11.63326136199432,-19.711647944645975,-3.057213069987798
5.42857407186767,-3.271696252592065,1.627481124375949
-7.6620480496023475,0.08149648800540632,8.060801831056068
6.055158646708366,10.220414649551508,5.4846932481593935
-0.8183804751386066,-6.987056556201725,4.958272945371414
10.453186120038515,17.66703220381099,5.507815191957512
-3.0137401962587678,15.479633603214147,8.468652045233757
3.4932935524531903,12.794793800497773,2.1410169536150168
13.607636717171951,16.206819572203656,5.2351136882680995
-0.11329974723291514,0.6848693014910125,1.7753398443647086
0.0,0.0,0.0
8.106400223874665,9.510537156677703,-0.644699972569498
-14.904453195020952,7.181269855259224,5.429108183241933
4.952295966578186,-12.494635405767802,-5.941000821127796
16.203202148895222,5.610251323039874,18.840382798608445
-0.15361451376095658,-16.860786068585586,5.479886960188299
0.0,0.0,0.0
1.3183203731755384,9.97510188633403,0.9080197078296237
10.481570893223745,7.5831254958326415,11.800544884779232
3.77847961815592,13.980121714823598,5.652470145623406
1.8613682884220175,18.787655718651788,-15.74320473624664
7.376150207632103,6.9049299902236125,0.28567668799372115
0.0,0.0,0.0
0.07048239247689381,10.277224005670249,4.811358295165572
11.864976122632608,4.631951515359589,2.1748965310802575
2.300119290843626,0.3796424288224767,3.573005176564255
7.18320739290337,3.490264116712712,-18.360597738118813
2.1880538013004327,5.4641676284518494,7.160214736891532
7.481384761575218,-9.208624174749792,-2.737668082696807
13.313328648899052,11.066126918799757,-12.864736533165903
1.0781507363530887,11.0893702769194,11.357512581338579
2.1838811616261182,13.600620692798536,2.5290653368641287
8.81357561349101,14.437462438827588,5.851887647417279
0.0,0.0,0.0
0.08833296096820842,2.895497175126074,-0.8640764308907687
1.2552029391611126,17.044494267988576,2.7279734859666895
-4.216847670894997,10.785887421928386,3.6965156932720884
-3.076011437542533,-5.593404176315262,-8.591192684289737
3.363526931091303,-13.79576979536461,3.733837052406571
7.654827202922583,0.49906627689486527,3.210483902244434
6.644215685390311,14.67195225172528,2.614975444994429
4.419127555148515,3.625199893468965,2.4458795941110445
4.327607783670976,0.7308181148600852,3.9148613548444384
3.534775148543546,-4.979703253823454,2.2818986165115547
7.244673388141662,12.3362402831028,-3.9767478837022985
8.559628979036791,-7.83598427864038,-0.7448754969149647
-0.9809654770461584,9.681717700615419,3.7432184664032997
0.0,0.0,0.0
14.888713777062172,-19.957950437242516,4.720082032137668
3.0767853674802765,-10.888816200102157,-13.772318526624023
-2.295762570544511,12.997770546483359,0.9854053978306574
4.643035843565766,-5.643949767970357,1.804259205606698
3.410132590223853,2.4485482213579353,-5.811625853526854
0.4743160026336919,-5.403491751492352,1.4197278919895533
2.640406988988501,8.505667211741795,1.6729457810332562
-2.042676575564487,18.81725729946075,-5.41226593462093
19.974080597329152,4.955529361846768,-1.1682491918370292
-1.8057207725821525,-0.5679330513985636,5.360171745149712
-0.7870010790215893,17.09868629400856,3.963334076672897
0.0,0.0,0.0
13.311452166296846,0.5469198258541645,-12.96250710041431
6.222878820414174,5.874436578708867,4.6596117160591675
0.5351404812323075,-3.0956536011856617,2.5440009023386696
-0.5747173954048286,-17.3426678069125,1.8655650064959346
9.935764745628648,17.039467719884456,7.040707272771076
15.919318835664885,-9.561210300038793,-7.422776747088383
0.7108971773154202,-12.070987973409594,1.068973017737406
-6.188835626902154,14.519723547926013,19.83414886630095
1.3359027713730267,-2.817269471621525,2.674839646963994
-3.4684275688381287,19.05094571404986,6.8656905817213865
8.283747150987512,-8.663327389843845,11.752453453202701
14.340368002286436,2.58701328801519,2.61768066191511
9.26537290039165,7.723298911691762,6.187922852986077
4.9617764429376905,-16.919532065285054,5.251348894225657
11.371595858010377,-11.422076958719787,5.94185869164826
12.339246253483905,9.185167739274256,-0.5346836157179862
12.221639738592128,18.56342067739375,-16.784722088908893
0.16104345912130855,-9.948302432452463,2.695698507333617
4.576299590080527,-10.73347501479789,-0.0022912992676893396
-1.3146833320777778,10.030323679238743,5.60629814335436
11.13992428376989,-11.231633058781645,-4.957348853473082
7.775429753811561,15.263024680967693,-0.3951813624378602
-17.841542053432597,17.433694293215048,5.402481390391138
5.2915734750955785,-12.837377825832803,2.1048940753440384
16.752670825110762,10.326747623882897,2.8234657806605448
-1.2294055393943566,-18.195632163388275,4.090895303601908
-0.6359961571440031,10.108577086973138,4.172740125455736
-2.267945844838607,-9.847999717219738,5.567512792005519
9.271231776028074,18.868042784498712,6.283075997292599
4.979348339989508,-2.1652294379647437,0.5882892108675888
17.754400907756885,-18.986884551501017,1.0142789144159465
4.386949562838478,16.21779652786494,9.191711519310061
13.11769074670979,-4.849870675767402,15.511542651105856
-9.137212623642228,8.950907976198165,-15.180668941586484
5.647642609951092,0.29961385966426235,-1.6345238320351463
9.606101259472371,-16.449980245883424,1.4127249085859361
0.7155313697856185,-1.8639208695915812,3.0412838077440423
2.723297932134301,-11.77730095730223,1.0259748999790794
-0.8624383851726998,17.192700922152206,-0.08538070986658064
4.729467860189687,7.960614017673112,3.3292266003057094
3.1041428070675967,17.986627188320128,2.2376300713312425
5.538203612371129,-3.4032975039767073,3.2095838937623444
-2.8711766870085143,-13.000171690225457,-9.395522110376147
0.0,0.0,0.0
0.0,0.0,0.0
6.631017084635544,-1.5445763979367548,-16.627903623087267
2.1128942861952176,10.660923470215732,1.077719057928392
10.927201921490969,8.441019549329605,3.7148770574484686
-3.6236558357229,-8.28241615879578,6.430958394853727
2.154294395775512,-13.114854747592037,2.489063845106738
14.345306991647448,4.072622497996434,12.630582699860861
17.962920459313867,-12.743829868561491,7.7613518276633044
-1.1737590722074844,18.415636225651042,6.794040862365175
19.93519262217414,11.968241860639246,-17.90103287430747
0.0,0.0,0.0
14.141258395552015,2.196280717983541,-0.13586987949597074
4.069825125762932,5.859812754632259,-3.03072269832305
0.0,0.0,0.0
2.0043603950900692,-10.876614590818486,-3.3174724673943867
0.2096827655587239,2.7622695122849006,3.2530294919049147
-1.0320012474621656,1.9965952293118692,5.399426750598374
14.883031362616592,4.734418207392952,-17.881823021920706
6.2176983960464804,4.136929311162069,1.4315016388236863
17.468132451161022,-16.63536986700044,3.715036045275099
3.616519264213535,17.399459198737507,0.7033047471480405
3.004479896020947,-13.888119561061448,0.8697332865561558
-0.23693452612142707,18.89042080743613,7.037296512608663
2.9119856973929616,10.57912933870876,2.7773219799195177
9.851944228268657,-6.970153610454624,-7.269656459440739
0.0,0.0,0.0
2.156618943620746,17.288694215869096,2.1585330914089527
18.447843841500926,18.50234593648161,-19.379908080259575
8.176540755320982,-7.071757054220799,1.0026654877281835
-2.476354265509501,11.991942929137613,-17.83319561109462
0.0,0.0,0.0
12.40143243221636,-10.806477403218073,2.4036379903177405
7.123500699206744,9.909892102049042,-2.8996727618875973
0.0,0.0,0.0
9.743293471180397,9.684272317092466,-1.043763850283149
1.1112957649542103,4.297068854677635,2.027965661533271
19.601303453751342,-16.998179914460795,5.941229980261262
2.843982112639903,10.981863107245154,14.943369243769062
-2.672266807829449,13.372196180341687,6.861558643049596
16.932938598311637,-5.310517046062607,5.795702802658672
5.068830198952547,10.70412779204947,6.180487560727002
4.961890825989446,-19.954681464347395,1.2913827238434905
5.132669336288511,-14.191931917171711,5.4848880649884215
-0.3421635426092049,-16.85802501934266,6.060813162838088
5.818041659610817,-7.168367988945455,2.199682126324286
7.205686981959346,1.254241767591271,3.238666731886596
-1.7726245190093408,19.421473237853114,-0.46610081317418306
15.551665909850623,-11.891865808526898,-15.74339428621529
0.25155530565026685,13.885669084064446,7.10086062009207
1.1334767159232406,-8.390907387317869,0.3471435473794813
10.166916862820873,-10.930004615963906,3.1325741190892438
13.070082348341451,16.599037194602715,3.9542830291957536
-1.8475326821727727,0.18492123773056157,7.2461845486819865
11.731149023888637,-6.02987857182201,-19.51103390184389
15.075729657972662,11.307759460965778,-13.148395214492457
-0.8236680104626259,7.819571899754309,5.934948792896108
-7.295643399969949,-6.923470920877008,-2.7118798139305973
2.1349692556308355,-9.198988932604044,4.47794114174819
-1.0776711687866616,12.999207463165241,6.578717130428245
0.8780099353714981,3.473368288706819,-0.37169943874958733
1.2680740426852228,-15.30323596224447,3.897429426980593
1.4433951809012924,-0.5471671321311113,-2.858368355989654
0.6352350483611655,-16.789081880025584,2.657628777402329
4.607378953016537,2.03308798503787,3.5214620273191373
1.937438084784631,7.13335416179984,2.0674064032173227
2.4019990599704943,3.555268177824715,5.834324617940349
5.482193559797003,2.337306219483737,-9.035950441316071
10.476558410731762,-9.904684869687593,2.495210413873318
4.05062046713368,15.887096837424949,-17.348931676059934
-4.808387075838333,18.224537297708874,-7.55333829444174
1.8381710264459485,13.246417329478334,1.5342211636839784
-1.34330669485748,10.948347004393048,4.135771339421267
1.4363530518615515,13.978043373379624,-19.66875541697367
4.593414627946517,17.414368722044717,0.5167379305966939
0.0,0.0,0.0
16.219879067081653,5.249821363049108,1.4551941832382909
17.713879082238364,-8.259342808857754,2.188759889392127
2.9446681647314588,7.266987302129083,-4.740272501783507
2.380525604341643,-16.357126955817243,-1.9084936237277024
9.336149280544404,-5.263670389377438,4.605601443217086
11.244069120863589,7.390011155046862,-13.01604677074143
-4.257516631258712,8.860327948184537,3.5986703174710986
17.080938802841096,1.0152226622471119,8.386504304485953
-0.9459470637920502,-6.247743068491769,-16.833318995989792
13.04667606653327,5.323941331629154,-3.0578019691238376
6.866944946416467,18.565421106318098,-6.259075668492805
14.611548392146595,2.5921914077261086,-2.431497245931439
2.714031574293641,-12.500579772260009,-1.2587404035530874
4.277914141289901,-3.68965534813002,5.738758844052873
11.373983726276627,-17.17576045239538,-0.07353410539725225
0.0,0.0,0.0
9.95079831963766,12.221255211617247,18.991966552681845
14.835712336174531,-11.027447588999792,4.221234216396585
8.84726036707131,14.38102777224613,3.1131082904429483
15.052914745807058,-12.426335837793328,7.966848745367436
16.579411946123876,2.5726649017072205,-0.5716511629951855
5.213105322943318,10.772812452891742,1.3316041375292378
-3.4635369805884224,2.623131278901962,-3.1957299929082694
8.869433814968094,14.171348790160962,10.664802358241184
6.471006566818977,10.343501890274855,1.099986736064329
11.02995314966787,-1.7483745781649,8.46627436316788
-2.5691502909700965,0.7764292004829443,-0.17223348621458356
0.0,0.0,0.0
13.965149267794501,-1.8139119433306483,-9.232324074757493
7.565708682457808,-7.388041786965951,0.5425501395265717
14.507253032733857,14.516875673140781,6.2421083659685515
0.7392152296997878,13.416941491458907,6.595472269831884
8.263226506249447,17.622839857856725,8.566675762215205
3.56802590022253,-1.9567176621052553,0.682680403377816
7.52379210534103,-8.698943246715821,-18.50533469725526
3.8535955912000546,-12.458796878065248,1.7231036138771998
2.2408349970666777,13.328349213068204,3.32710530398363
9.971585497777832,-4.349632544625427,4.641688057811217
10.832098079606967,12.267816930409495,1.142709757994674
1.3618529744141412,2.049398651830714,2.772288732079957
-0.36817444191375515,-11.320691354857196,-14.090239391313105
3.0360431119311357,-0.018150918286057305,-7.535727834182019
12.21664289643531,-2.3498907126983717,-7.714208581886654
0.10897025382682557,-3.8115716857670385,5.166546194864213
1.988194391253959,18.51194018049889,-3.2974767643621576
4.76549591791067,18.45170038089772,-5.622297494452342
5.3760724514520035,1.3090031239828441,-0.43027052464506
6.495699739733668,7.869460764085556,-1.8745803921829873
7.3678988732747355,5.072571894101316,6.652950913817392
-4.478257194103423,10.130397589372581,-5.9677749012740575
8.60496744849598,5.111856966332368,-5.788397319152107
-0.13508270500895847,12.636001325404088,2.3642895900476333
0.0,0.0,0.0
4.09224767430733,-10.143540017783625,0.15675430935252166
11.252252963047559,-19.666919435262844,5.585400420203356
10.60702168619364,9.106448269389702,-0.26307914659709564
-3.3273156193454874,-7.791558986762105,9.686400050238497
13.446392597114325,4.066956881732201,3.857298323501057
-1.0072111924734664,-0.8879772286095822,5.299561559126751
15.13200275327242,5.322420797556235,16.714631021521264
9.956381921219435,-4.533505042140707,5.88983229288802
3.6062057568073804,-9.304262044641476,-1.6351482623848188
2.89587310256643,17.47648467851407,1.0604926165013246
3.6845255989670065,-17.942497091244807,3.0570652083291883
1.042800937354693,-10.806495915391562,4.687760286451677
6.5709285478132955,10.149250882371616,-2.9149143812061444
5.346188951993547,-18.07241967264736,-0.20221033254318854
0.0,0.0,0.0
0.0,0.0,0.0
-12.20106459992938,3.910187175536233,-5.006107648071624
5.573770613303264,-19.31335616854243,-2.9681720698008434
0.0,0.0,0.0
-1.8215786927327735,1.4129675429523738,4.99816550806819
2.0598364263423754,-9.331973776184135,3.008211184105015
-0.7593830850399641,-18.74744568601293,3.55532812534803
9.979834581790731,-18.067198640462266,-6.651126284034308
2.3606053985334854,-1.6236074401407343,0.3617758660895909
1.5220315612792632,11.819812587323446,-0.1611428872643783
7.387268870341131,2.8127830596022427,-3.2959207670109265
1.5453591525993104,12.398161059257832,-0.5760197015727213
14.48232546408667,-1.5785785484970205,6.693399104481445
5.120809230099674,10.520617466616455,2.1559407624678286
1.2242529350838545,-18.77868339989796,1.8674956040084822
3.763147754121473,13.68869157624496,0.47612475671298604
3.221263839934317,-3.4237335710377543,0.9805216819317408
10.81223334357752,7.0084355317377875,-3.0654858800707827
10.050670909213725,-8.86904171415467,-0.1805173113715588
19.172496622960058,-14.34200506359014,1.9812033737960513
2.1796196927398928,-12.128589706814594,3.3925905479047116
3.2264468173431533,14.750608182368826,9.924291152239466
1.1768991428347293,-2.4653304556190747,1.423490661304659
-0.6833361342111175,-13.56291264027502,-6.746606837287196
-2.7215935075841777,10.469855441159018,-0.6316323868671674
0.0,0.0,0.0
-1.6791747030571824,-8.348457173960307,1.8960981770187955
8.76245953971174,-16.786720139059785,-0.2930997747481481
1.0919306169600524,-17.523956930808,2.962079264124956
2.9464403448117906,7.1353859409494795,2.1586098767654907
2.7809290148606536,16.54048111437246,-1.0476872179755148
5.364670001838725,-18.153209531425123,0.7816880031818272
14.130416413992053,-17.808474975112716,2.9279844695064234
0.9798510093513677,-8.539483727405198,0.006189995511824975
2.743514337548774,11.37535634246802,0.2988260007769483
18.31726098322555,-2.7468576478104616,5.326954754635044
14.286415967488674,-7.588581535396914,-2.1980667047514544
3.378416073421036,-4.927458242247791,-2.3418729534418485
8.948006731408674,-6.900322521070374,-7.299124885392131
1.603719108854822,7.808400745846589,1.7308355653383614
0.0,0.0,0.0
9.464711879130768,8.625856347830602,4.475326988543243
-1.843056138729839,12.1429261039524,4.880947700671923
10.415403227654782,-16.18738005205093,-0.07903726819224133
1.7269338428724055,11.561360909048686,5.3618690652888565
1.1798218751157883,-3.457958732162331,2.1042977247309533
-4.838551243242636,8.174078695728504,-0.02501651953907391
-0.9927918044062141,-9.456730237267669,4.6707950095617505
17.294705507135554,7.9037855823768295,4.038999236629625
0.0,0.0,0.0
10.732672725536432,6.881147713819388,10.442910533075718
0.4723674127233437,-8.76327962811259,2.403719060345999
0.8575101023977711,-2.165082594017928,6.038822073752014
0.486952838908592,6.097241994687028,-14.949216386406313
-5.3027425074472365,-13.076757373355516,-1.207461576773178
0.0,0.0,0.0
1.1096547899778813,6.22706172953329,1.486845619923855
3.8821479172903874,6.980806320286748,4.472491462018077
-3.1008265531900996,9.14005815445296,1.4507716313107621
0.0,0.0,0.0
2.4214138136847296,-18.64021207819444,0.10863596876954063
-3.0096085123871354,4.192914178260562,-12.708005087317105
8.294616404367112,1.3227390260195442,0.006846416675246658
2.9888715623867483,-17.669660871651217,-2.979459636497694
11.778456909633157,-1.0566681449680106,1.5235168291758683
14.954451602048353,6.297701228151047,-2.4128961724510996
2.848574266891415,-10.800048328100658,1.8168433620396165
-1.7659244149239584,12.846188505253398,1.5551404608320682
8.834477246673398,-14.779909366571012,3.639004366060982
-0.1256478699842205,11.73008817632611,8.014024977687448
0.0,0.0,0.0
-5.363558205439661,-19.26874166085783,-4.783405430766537
5.48765463864728,-14.947144019327864,-2.64946870699627
5.77945511125782,9.455984590544487,1.2810117283297089
19.920285760612167,-5.772468920968897,-13.212072169792627
10.040151376680347,-17.475578678019772,3.4401329539246266
8.883028149718111,8.16486419767621,4.5158098138854825
18.20815454086816,-0.7073366232651486,-3.6246802472065927
0.0,0.0,0.0
7.658990149098578,3.6716916177675856,-3.1051066526888453
18.201027206280394,6.740811017049904,0.7853145043237078
17.786780375019003,5.9348355665599275,-6.337954698136475
5.6362959886389525,4.728149420959047,-16.547409031995336
-0.2251029597501617,14.67605398778326,5.525460185796626
0.0,0.0,0.0
-1.0012882798860758,0.3967839902073411,6.318571353303598
4.057743468330763,17.15227292995094,-2.3292223843933044
-11.600343662882706,-11.589812595160582,6.3496220685536535
0.17630751387740062,3.834566866526572,2.303416885884271
-4.2395192351043445,3.717423842534714,-18.73445930387003
6.723459432676888,5.748291528506277,1.350457317237165
2.232922119167153,-3.284168411663728,0.06998743306919408
11.251686866236788,3.8800839831823133,2.986280630448441
8.191435380301971,9.89846185378451,-5.861681579836823
-0.13206955241007545,4.01143956176207,3.565682728118069
4.2850553616283795,-12.959665573917782,0.37249100333052043
0.34824556945673635,12.790163222525965,1.6891874432641458
9.373743023316338,10.933218767428956,1.4600501503311065
-4.162693236406209,-19.24210673955701,-19.30301741701675
2.3778681367650627,-16.82811279402592,3.961112754861336
16.6509885096774,-6.219568312109863,2.0548817849342225
14.967498665916839,-2.85360856692282,2.323823724782944
1.3773218166207073,11.366091862307986,5.032577411947035
15.319273847542435,-6.679532894326165,3.9765774732424743
5.177419836892367,-7.749282606690818,1.2577119641064733
12.577578411412397,10.810494427741832,-1.564992607863152
9.047074452677668,7.6856447704653785,4.085829207557753
2.9371017260651513,-13.548946658436714,5.278348648361765
19.814003423273103,9.343826895972855,3.905394383404669
-0.6573549338715559,-16.544400355775185,0.7411983234184412
0.0,0.0,0.0
7.045798539719954,-1.6602837287640355,2.4772348399322404
1.6957217744513926,8.793305687130108,2.3444575292653678
5.581731455361933,7.469102162021539,-1.497565296526453
6.098143481721781,-1.1436269036261884,-3.284645018051293
1.531579661966005,11.09031072495372,0.7018134019044338
0.4697190597100551,-5.4460770437418535,2.0776597328418256
16.098142510072364,-12.640052842717068,0.23705656990617996
19.406936368435225,8.017111341868493,3.737591793760245
4.151069093207864,5.714246475013672,1.3654773078293667
1.5395285365456886,12.672442586829298,4.585424056707474
0.3526239456129616,-14.818107039758665,5.634220971334379
16.47883710031141,-10.63532337573786,4.846366875205145
17.939957355103274,9.983963707598862,4.258387345665085
0.0,0.0,0.0
8.864820797370562,19.626533365208914,2.094717614035943
-1.479044567701063,-13.558904662720693,3.99599132744018
-1.8902131199874574,-14.690568772911782,5.494311876646602
0.6280556160728246,17.008432744756202,-9.587538504573672
8.937298233820243,5.383945959547326,1.6426721749500857
5.039180300950292,10.937450225195294,2.4785472613276767
-0.7076140836795721,-9.772129206695718,4.032356039238721
10.534228275311921,-8.583401158453484,4.897378620643664
-1.8999465895030845,10.372492862189333,4.985404307765105
0.0,0.0,0.0
-6.935852412848856,17.015362739502777,5.889785718993238
-1.3704155215677254,12.309984550747068,4.711164862763113
15.603467054596955,-13.060284472144579,-16.520373260884114
13.759875095691697,0.9864224205520582,2.8053561373515468
-0.6066415095117144,12.40339349075317,2.7977822531789176
8.77128243165243,12.140971158580433,-0.923077396135513
0.0,0.0,0.0
2.6105559220388272,7.849810582341098,-18.935945741351592
2.5940399052310377,9.112376071979687,6.356081605162152
0.7432746439077853,-2.517327251569043,2.588841855055044
0.0,0.0,0.0
-3.12815603708264,-0.12131634008101244,7.889513752222687
-2.0565478149364758,0.6771778973680398,6.177622452535633
3.9676515678814965,4.505864453587229,0.3161889693900566
9.89748332846807,-17.143424406840705,0.9658204526173826
-0.3161161497518158,16.7233384011549,2.176720346726185
-0.41391110531855047,15.925010677471994,-17.285124149625336
1.1992298069757603,-7.792238461641837,2.6560244677326423
-5.901783547787204,7.347287237165211,-2.4177443941938215
18.846365476699752,-6.745284682394585,2.9721796117411152
2.0220571785190273,9.935778300687033,3.8633650003909175
0.0,0.0,0.0
2.0254042839589594,-14.531980400735822,3.1340203452129822
10.043415710365366,10.632150692581986,2.50171082292822
12.395216031256673,13.657617884862894,6.739870892890988
0.0,0.0,0.0
5.265451730716219,4.239762441128439,-2.4889451061797434
17.39892143857479,15.29832876528214,-4.134536536062307
9.21017699253206,13.481125495888357,-1.4053750215949066
5.955701640629868,14.965008718984748,-0.8308373301812289
10.374644573406929,-15.67815988117802,3.3054587687704853
16.560220173462767,15.300827016474528,2.9816221361568616
19.10741356799732,-0.758955196494723,-18.79169568408883
-0.3707405045914989,-19.05086279937928,4.420705930428795
1.7820170106193722,-5.918715389877162,4.0295817201147
2.2682112667232808,5.501032007987757,2.7813202201625735
11.849836113441793,-6.370384153769535,-8.922589812384853
15.855268985795828,4.163271446677793,-8.394768097757995
8.335184809349332,0.03249123125943498,3.426972109840616
2.0699604355007897,17.042354101928684,-1.8065228255763712
9.894936881681602,19.799008204580808,2.6955432591315507
7.358655738520515,-10.19753233019989,1.6666653125979396
0.0,0.0,0.0
-1.1601197728515906,-16.138480886197215,-0.35601179498341295
17.128653366222867,3.552623066971543,2.710725935392876
1.6231422492793417,-10.683842878700274,0.6244427189323147
9.06200586235139,-1.2841119610493514,0.15580149707408975
8.47576797697748,17.150479423793968,-9.239850884873693
0.05083805767542504,-4.3088605345456825,0.6764535941316581
1.7488467126776923,-14.039381762673237,1.1461976103908786
-0.5744306504573018,-8.159968623394105,2.52173214040974
6.396278986439441,-12.543775176084996,5.20614131043407
7.587211440988511,19.786058212767806,12.539004620320377
-1.3342537377422712,-17.930512342009113,5.543942425028142
-2.3335856293710817,8.89485414144413,4.626830366705224
0.0,0.0,0.0
11.619826585529111,-12.070999090413377,0.817205893166405
0.6120197343088876,-19.716082547720568,1.2081601854702022
13.71727192298642,15.043471163136367,-12.64947302003027
12.159728743621082,3.6353678837942525,-13.544627044573389
6.745642029433039,4.18097511475402,-16.19530824895201
-1.2073857317509926,-11.558929710467211,5.552108359508519
0.0,0.0,0.0
4.7750035389436505,-1.6962670682532301,-1.7285221376825533
-2.837342974368971,1.5643280404444369,1.4936452100146784
0.0,0.0,0.0
0.0,0.0,0.0
4.348699228611761,5.305937818117897,-13.353168574088498
19.14721562624962,1.2728667207567135,0.7771054680479637
-1.9686380386435545,-7.49734230978512,5.498261252501891
0.0,0.0,0.0
4.3366874759385015,-14.696662347275618,-0.10691232190156708
5.371551799855747,8.99727431362756,0.5585957807856499
3.6887522148261915,-8.545289250639549,1.5351703491412088
15.671542654816626,4.959887839945118,-5.9205266573363104
9.705483449276915,-15.64208158262322,2.0900479142702473
1.7571342640688954,-9.709099272837058,1.5294107545218658
17.229692065216998,-11.736175756917193,-0.8958500984502296
1.8686979292583148,3.6772040087907207,2.7906419565627534
14.26336851445685,-14.930879292193456,4.097514998590725
0.068310828823968,12.96197838427593,3.779310526128736
5.5109798166410355,13.493675523796977,3.156130798490903
-0.9760828243835427,-15.193111337214422,4.503779103856846
-5.605235617692614,3.5245437464468985,4.366872584657408
4.631846927047221,-11.815401572559738,-1.7008295074289492
-1.1298185851440898,16.459070126465008,1.5122296775194677
11.985778773148036,11.108981205970693,1.938014194176894
2.878988641785675,3.560010831889813,1.9147566594851906
2.2200365943539957,-4.980850239183626,-1.2391974314294423
0.40417799734936244,11.433085673235636,2.3363884736232414
5.9372166067564836,-9.78711896419184,-0.24970591696913935
-0.06085991466261831,9.691845468276341,6.524257580419739
2.8493369016359047,-1.4576350389146633,0.9161753182586132
13.44327819113618,8.062568266070514,-7.092695308976822
0.0,0.0,0.0
8.98554213915246,0.23071282460474585,10.293601548613651
0.9185981198784532,16.589111302016725,2.0389833851146903
3.8254175278274136,19.018110074519377,2.593336298123258
-0.20533232953917135,17.53577605443077,-18.78505343678412
1.5269407107662611,7.957677922895975,3.862890098472734
1.6032297211693471,-15.294606326861826,7.3814035516378835
0.5708949656087503,-3.437409370688437,2.512369914084916
2.556009567765706,4.602368096452722,4.567018068746563
3.5651079093769837,4.9391446209633685,5.843566748054727
-11.054332129394846,8.659668066654707,19.781736014574754
-3.8427591239887207,15.48278510662653,-3.3547355166649613
0.23596238459664676,1.4152105642036137,0.5255763754591527
6.053634541240478,-14.565933455760597,-3.683357283068486
19.827060892242187,-2.18895181123629,5.984158339855557
0.0,0.0,0.0
4.789523724503951,-6.357178105890284,4.762815020078104
-17.863560880094326,16.233607077734227,-16.000017106744256
5.168306247888902,8.726175040041841,3.2448168240569264
0.24479121873827703,17.73956249817092,4.0581234744421035
0.0,0.0,0.0
0.25011909862078596,19.173423209792183,4.64492929424854
9.035158264993328,2.8038774807350815,-6.868233370032309
-4.8008016142286785,-5.537169983086086,6.018963822467367
-12.212622485846936,-12.565071920149133,6.7830886886477515
3.4102759310771535,13.242268629967167,-1.090774026027253
6.695901985021045,5.599840063015275,0.08382787751844134
1.015393905929443,-10.8221765682813,0.14738211681693691
9.882664360932116,-19.702106874712594,3.279708983531272
4.465183993599435,14.24436737157933,3.7246018023162843
-2.7919302447182055,-0.3089663296534688,1.8239757562331036
8.739954611394271,13.005185152896313,-17.526282762071233
-16.458940992090255,15.116398566231448,11.860202840311718
-0.5132697121550223,7.383826759173491,5.113313295371867
-2.057019569713214,-3.29612345919247,9.003487469301849
0.573401371657237,18.186414865868734,0.07919349114863916
-0.9843196780135699,17.15001567324829,2.974456778886829
-0.25736391404932135,14.720305272682275,0.9919660835684105
4.058484466120735,2.01695232727708,12.312135506912519
-0.9343379324122942,8.525757023582875,2.620258372012426
-8.736716016607387,9.991007221314959,8.216515646991176
11.208497253532952,-13.878536400605062,6.0088317376465925
4.331147540677858,-8.1038450793268,1.3433799494388303
8.600292160341446,-5.968717962437443,-1.461121323482022
10.360440197963568,4.379150166715929,-17.36663867798111
-0.8192654827413648,-0.10149834282298187,0.175892408634705
9.254358169754301,19.47191613079923,1.8111341487773904
3.8308726496335304,16.42299046483143,3.913395221918524
-2.3166708746215168,15.48467026463077,2.9577911697130475
3.394629356517429,-12.488109215290535,4.037177235704357
6.784173436170315,2.0405595424310645,0.622293264088241
1.0717664683748793,-11.395520059169481,1.715012502203816
3.8665701485712503,1.425375285786747,2.0379454571752547
2.2001263925515957,16.135047720889695,2.746181860326706
0.8167593138464646,0.39019507395694797,2.9175102626070935
9.310956695752333,-19.924119692718953,0.15139188431019335
0.0,0.0,0.0
2.592668265567779,19.626779181150248,2.338583265479813
-1.3557772021267382,10.697132492844652,-1.06203483484758
16.48819223810277,-8.500848812072523,-17.25421342384744
-0.03239589783938923,2.1325231207431465,2.0072539781044636
-9.332694528961223,3.4290975058766406,0.7608163914464221
1.1373015389711334,-9.09188516377506,4.126152557011229
2.494015821376445,-12.992773990592053,5.155920936824598
5.091519334070675,18.037791522473768,1.282642649115455
2.670985204784211,18.286780952831485,7.5237075070864865
0.5786061056227965,14.506146984247998,2.5925219402424515
4.126245377761045,16.327369828260537,0.7133374097886396
2.248907593356874,17.964302220338283,-2.802442866720904
0.7292972871813923,6.842794886061152,1.8865629489702949
10.479384715989083,15.094549268142535,4.322472184075387
13.480314338525856,12.570694317822845,-12.024463988899218
12.058739700328132,3.9824706273095956,-1.2993885074264178
8.209896474054469,-6.650022412450866,0.5177251199477393
3.2371321148660037,-5.863657727990221,6.988549274383054
6.522902225499788,-4.294368024023617,-6.3546749654861205
12.385869970154625,-0.13806714336770298,0.25062313033908
1.7653204798049114,-8.044129914537514,0.6805595155225399
13.322979569572533,12.050711802645765,4.009580029939868
-0.5526236723052307,-1.2990665485636654,3.5462781967831525
3.640565628976435,-7.86586310931855,2.964938797633291
0.0,0.0,0.0
-2.344703912897401,-1.3132660250910526,-2.264113551604744
5.780899613073849,12.876206797881117,-0.4841050450690245
9.864548221149976,18.53497769367641,0.5278913585720941
-4.548998276390273,-9.406608071897312,7.708665503717247
4.057960736543155,9.824354830259665,5.135388846753437
4.7644955860740055,-10.485016494631108,-8.099583298331885
8.905917464710084,-9.984941296641768,1.135449669220943
2.0947028586213374,-18.109303460950905,3.6830927913221174
10.864075008659466,-19.690389797744334,3.271963466778817
4.579565720196751,9.018461542947328,3.5547389715873052
4.855851386711045,11.904986865844467,2.7688967243833673
13.034691786794163,-13.42029378933371,3.004271332596687
16.203988999976655,2.0079414160803815,8.663405567791285
9.611717627989082,15.815625273137018,0.059376902378297736
7.851025139848208,11.706158619027462,-14.733600909614992
5.8280654469773765,9.375775756370139,-17.753833619381204
9.602669395158394,-0.41315757455206636,0.9627637320913358
-1.0272732143360095,-2.532139143053481,5.6534451598643045
3.2486334588326686,15.566854459028349,0.03798539629690367
13.832717840342353,17.49771400307117,9.163637312341535
-0.7277798016689028,13.14186399750072,1.0304929563490233
8.643815721190728,-5.835590727797233,-1.8457151317805822
1.470676886318099,10.498351936185722,5.885639772551736
15.367423807124148,14.166176278733587,0.2898238160967388
-1.1143529101024545,-6.058011308605119,3.9452847542979956
18.231800943811322,11.255389953510306,10.275252043490454
7.487277145080467,-18.002274189920964,-0.738994706132865
5.30001176934112,-8.938104678803347,6.490151149240404
11.59193638009598,12.945347262273158,-9.837417487573358
6.353918155291437,8.851974435940134,1.6869632481155117
6.574581938986796,-4.504350745676339,-16.983782926966043
-0.5296623317418292,-17.478719923235033,4.346066303006868
1.2763548136558285,-6.499952783032281,6.708587617865309
-1.471457397565974,9.393185441095724,6.183200063473773
5.982818711154702,7.590850934037935,3.554570439744099
2.1069034961771784,-10.928091212193031,2.3075690039373207
-0.5576771511217533,19.619258344175684,5.198813057834489
-1.5506112897783773,2.719966559366828,3.498235848213838
13.579789109875353,19.02718808309219,-0.6655499051032443
-2.287153578316623,-19.125053096842098,4.825995599531048
8.792888774643421,-16.827448110473675,0.19147917785653767
17.432353907741472,-14.645432350846251,2.1149986577084086
-0.7055534231029679,12.264868275850034,4.462616534463072
9.399441290109806,5.011381821135927,-1.2522111461889374
-0.21301967129544153,-18.044456404426896,2.7705234683553046
-3.753169455363473,12.735948866384803,-15.188061893070582
1.9158326404772978,-16.889404616992547,1.4391485037151028
12.661338943566992,-17.92714131985174,2.6630087326416767
13.600429343752957,-4.286721669043272,-0.5865565530337786
-12.155296610709541,-2.1898995495248563,0.9835400976400983
-0.7026981590615269,12.840385339338829,3.755697453897632
10.598761262308905,3.958558222931366,0.1266765437376236
4.346580095428397,-11.554101558611977,1.8619986954567196
6.385680189287646,-7.733802328863384,2.3329711567476172
7.383973763986759,8.842830648805037,2.231542913238167
14.783542330456546,9.471071948429717,-1.9539600398180994
12.207491993524386,-4.501210448846679,1.1329037698297348
6.953058102570465,1.4103438159468213,2.0996355910702125
0.0,0.0,0.0
2.686863731197323,12.123552087424184,3.7996383476406983
16.263336895579506,6.436776145784925,1.2168532510569845
-12.324101721655786,-6.192687883663824,8.110855134853182
1.1539247599499216,-10.279539386424934,1.8380514107363055
0.4845882293837107,0.929849644692105,4.595324760615001
7.451486196219422,-9.119276548239338,3.5053254194592762
-2.052555018745143,-19.14243631404752,5.470961697123162
2.536956972093141,-10.040752814799653,6.21923926253333
6.759751273214945,7.871768057568211,-10.55316869230527
0.0,0.0,0.0
0.5213593236139589,-4.034231751456951,0.8359802801872593
3.355102309573894,-1.3772623775597062,0.5944994596246538
1.0557001321508233,5.6799814006889715,2.229015940432447
19.172146084751915,3.9256953970949233,-2.79805719239881
13.651341463839664,-1.1575582002132556,-15.71806885820429
-0.17913129100709568,-10.381329337241711,-0.2401507597182153
11.320456753292067,-1.4490635492133137,1.8163286097169848
-0.22134594745680758,5.58189473537475,1.1013333910718153
0.8393648992180616,12.471431857766483,3.606214811646244
0.0,0.0,0.0
-0.2525733654754583,5.255594053420381,-0.7978140350360601
0.2158419966523195,-12.990939105803125,4.13063725167099
19.220449764507087,19.58896436543465,4.038865554227339
15.904479885485058,2.0101566023458237,16.23915334383174
-17.9304418303566,19.26234583035594,-1.780028822874291
1.931776743141556,0.7010472483060632,1.3133789976547585
16.095301446452815,-6.4395234645695805,3.0632245411257237
17.785057958402867,-7.270913017997318,1.3529990459469694
0.0,0.0,0.0
8.376901639942881,-17.07887492050434,2.448711189806991
2.990677241209397,-17.791196456630384,1.6825101385200516
0.7084852443060311,11.856487769273254,-2.9349367743429724
12.87180660684816,6.5069814728254585,-8.127563189426931
0.0,0.0,0.0
0.941570051290082,-11.80554669845695,4.474814615201225
6.991392942255512,-11.852263539581514,-5.958016783507681
10.845754428584634,17.844842507149064,4.099623396860215
4.2641331454876426,19.167487443166248,6.444311263979195
-0.20110323398129348,0.753895843363452,2.9653556581874945
0.7949160165762672,10.52191498825582,6.167612091472666
18.958109906023118,6.0210485638731335,4.24786118614081
-0.44077192546291144,1.693781711275978,4.304952602278561
-4.774746135674132,1.7033544544935229,8.59585171398339
-0.8712731592472487,1.5839909850928642,5.053187511907197
1.0490656674374539,7.289184767114022,-10.994886036622953
15.452791805294572,5.983445640603374,3.374455593631641
2.4455949364979723,19.82695757460546,3.502570499950611
16.616866338543105,12.4462375387279,12.959191065718471
-0.2983146246332158,1.4187616153614115,1.8054098609239801
0.0,0.0,0.0
2.269640224839029,-13.821760815775065,1.787375919271259
9.89339939452682,12.085649459590876,2.6799922283940667
14.868457590181642,-4.642318387810416,2.6922356681713104
1.8678069821851668,2.4364757635152117,1.8903556999833726
-0.5874774080836183,-15.816096759620587,3.927905031276069
9.886240040342248,14.683725788668522,17.704703248290418
4.985312341604116,7.9620633002032815,5.557803416508257
10.082370916512367,-15.250907707960291,6.7416897863625564
4.693939114792039,8.26527138969441,-2.808943373679714
6.322706992557293,4.324294966719943,2.0994762061815955
16.39905027973797,12.153871409738166,-17.960492191914334
5.600995691424541,14.615757619709562,-0.3716720141759735
7.542165166830424,1.3264700488464385,-12.602567344550476
18.838171223268347,16.94611454550318,-5.774278454745476
1.4572987829898563,-15.708100713770817,3.4590012004607074
16.460516250473432,6.138862939071208,1.1855991869939633
0.0,0.0,0.0
6.2706362749950415,-10.374398981212622,0.2613532087526799
2.477537255306119,1.1447511641527026,-0.5454807824885051
19.29012897000285,-14.419890089210972,-3.2711571304350624
17.359336455220777,7.568673426090044,7.3659245414515055
-0.10440500387028706,12.831546164276858,3.6374445513270786
13.374196780665187,10.257018172683402,7.651325339429935
5.609598782789626,14.735641955292913,4.782775218227631
4.189821059523492,-5.615529356305771,0.06766613325870452
12.001068992362363,14.354576681360584,1.5644796192424977
15.973922228372558,-0.9983554743379379,0.6092787168790181
10.329665963970047,7.953117643017934,6.07147552365361
3.056945188364705,-9.203705016657274,-0.5581928974714561
0.10952629557106874,14.465570141616993,-2.173636564949163
9.038279212846467,15.04749810435669,-2.186425984489523
3.257389504360293,19.46720710938711,0.33153820648656485
5.064171575795884,5.042014225207662,0.4148762256482108
-5.288991532503428,-17.881577011999806,-1.1743961134019267
-3.013625507158224,3.876925762040912,-18.465557073830986
4.8203461402925445,-8.805306518357389,2.6068020456326195
10.763701140295586,7.652200783696031,3.6506999690800725
12.121243220621057,-1.433309136605425,0.9972245296478564
-5.165200597758098,18.240234250704397,0.5629784712532953
11.694547599845421,19.2420986096768,-0.12744226712032658
3.0557176148414076,11.427215816426767,1.9213998521682072
-3.279588777472487,-6.424900451599349,-11.65748777184692
2.6715256912914533,-1.117009902060806,-3.5709638319103387
15.861431046769262,-8.338978537876297,0.7097514659059101
6.6840278421665005,-14.468405658343517,0.8347940536993264
2.2068504359171603,11.682850229383932,2.8875840727621904
14.547786065505413,-11.335689365027626,11.467113489080361
17.77275843617962,1.4453413945267357,7.749943749959875
14.100957231169225,-2.288915521866981,-2.1357868715101733
6.677289246196012,18.533270074114068,4.806150635667472
5.193270850611088,5.040986419901657,0.3358458876631145
3.3789037858669637,3.210571198793968,3.6019503911354183
7.937332696382761,13.45782504650061,0.46998709958789164
0.0,0.0,0.0
0.0,0.0,0.0
4.44885454654025,1.5642233088277204,6.27847830760123
0.944792090790556,17.973126288719946,-11.136784032074992
3.691701014461998,-0.282583203580856,5.176918152417844
7.36434486282358,-13.015690774491425,0.32136582079508
-7.734286488991865,5.0193686248488145,7.660820635348978
15.578388918516652,7.11455005869958,7.582617272018252
11.259910295072544,4.211466926714771,-15.783445272813594
3.506115883643176,4.498018693010113,5.029740915741147
-7.911957004506725,15.699785900308122,0.5050944167385474
2.54191286396476,13.753745054232049,-2.7305510619699156
0.0,0.0,0.0
5.659517400645839,-0.6182410479279383,2.15839781047055
18.204846866622344,0.2114320706721312,0.09794388923990072
0.0,0.0,0.0
2.1587808004776505,15.483544506876921,2.8450490375916013
0.4612211302970096,-13.425030561328303,4.277642610984575
16.57634806633925,-16.981168859854648,2.5508824311604634
5.950317697872292,14.094678169232978,-3.6111175156054
12.269477961718417,19.887283943761894,6.742412066770394
0.8498312433039068,8.228820923709106,2.0303489544406954
13.100021482026516,8.075393249732869,-16.70265773353454
0.8999156085781959,0.0033346655312547213,1.891473634973238
14.475566535443889,14.773449290654135,6.85002690095196
8.35837949438227,-1.827044933656044,-4.526452134402277
0.0,0.0,0.0
5.395696288108269,-17.295695116988632,-11.443796562611757
14.024713550247546,5.227468251239802,11.932273974157273
6.012806853781367,10.88382673761068,4.491108026704211
0.6821588502441371,-5.026477073334511,3.710312206700185
1.2161024778273166,15.450164850054868,1.6586232020412517
1.2022190858481423,17.226671919296585,4.937809414392234
8.054265468027548,19.43508761880905,-0.12438697358039352
9.466240241911038,-11.817808789438253,5.597151791753591
2.399516455478068,-12.895531480629671,3.0002758674554997
18.091442505431814,1.3565129565950875,-5.034922263843974
-3.599231506002896,3.0304865332586886,6.606651904581741
15.932394017080242,-0.2992379839358641,-0.6902280119000581
0.0,0.0,0.0
6.576838749747381,-15.75622510259237,2.327310225611556
19.849748037832782,16.155344732229988,0.8029079123203456
9.196156090617656,-0.5967997596250427,7.404627146374413
7.655293206081598,-6.888904223200122,0.5108275436773582
7.443848255180214,18.88555658448604,-0.5657576750459503
0.8449819704145991,11.414826358927652,2.820996191726632
-0.5662394045558621,16.519892826312272,2.4841441975641914
-0.9852097621307632,-2.227975959372394,2.6423182802968395
7.892988582060482,9.469365064667874,2.5825581878861534
-0.47283420507739393,8.448352213807446,2.1453788716981492
2.932283269921246,-3.969367303134863,5.362830719006208
2.74379645730027,-18.196804890419834,6.258278034549438
2.7414593703229997,-7.026652452000107,2.974491126097206
-0.5330170422118048,9.14356998626521,7.066344829751168
11.252769679944533,15.094473958122526,1.098818123829501
13.75433974786996,-5.935803479403688,3.86888711211941
12.268353496344755,8.061941927108142,2.9264113162429535
10.74631900210295,-14.570200628319395,3.827175017964148
3.024350332690691,14.722814745595933,0.9364979148455461
-10.591136092760445,-9.187477634050929,-18.543376874575397
3.2856636029089046,-5.083654855243516,4.383587786165538
16.401029536132047,4.297110801469912,17.198872036893096
-0.5955436217597239,-15.958951611522647,2.3868843075801927
3.2047954742689377,-5.872598668587804,1.1784554197512644
-1.7118034293274285,3.903675270022692,4.0760223757476695
3.701939030703805,-1.7344097073064226,-5.288616063421795
8.364345384387498,1.5902443331866989,-14.345320130437681
-1.8886527539655507,-10.609222932616596,-2.871035881008881
3.8965197311251973,-1.1326193408726635,-0.2877097498820582
0.5810105478996803,1.8565238376849074,1.6639380050904422
7.723637971272698,-3.5857833474334386,-11.866394144470835
-11.971692506106088,3.4973135220265448,-11.33501745635949
0.03934681391073713,-0.4547973490437567,3.096346283973606
3.68674314652748,15.637975088803133,2.836917771421149
5.159730650127765,-10.810901122977585,2.8861887767375043
-0.6208902587213809,10.590181849064203,4.349241141790081
2.442798383531244,-6.095231724475951,2.515062629728117
0.37596736153295685,15.696836246729472,6.132758694165428
14.53623842381127,19.432521721052716,-9.705827126881559
3.505066040437722,-2.4155570496548577,2.043177543971016
2.343681267342963,-2.611437300255126,-0.2430469692519246
4.9970769008059115,-4.537021705200061,-0.8719727309355143
9.512294927029945,1.7797401351499271,1.5773572949992207
0.9093372343169968,-8.172687933122045,7.120292049252562
-11.260409934930781,-5.607180171287975,14.502468825549673
-0.6019889098749331,17.16865782516494,-0.18107304535461832
18.387516388164713,-8.19820476881656,18.359416242068924
2.855523093820679,1.738846907443051,4.798882634275287
2.433298597927847,19.86464138177061,-6.47613203766762
3.6895752621704307,-6.55106455035161,2.770548597490503
-2.936517122987162,11.96048728531116,4.106329953502673
-11.851460217311613,3.7234297894776063,-10.455395284355232
15.771252918360759,-3.0812510318597752,9.377852648226973
5.448620891138839,-3.1499333140389787,-19.680500030563973
9.523338314444473,15.076155201560208,-3.288899087328584
-0.1642228741627374,-0.024022318773985418,1.3874224029227396
13.177595529196665,8.255906172952953,4.9903842440666395
0.6946548067157501,4.472754337465958,6.893923313862166
1.7634743897772083,-12.254871103312507,0.39630974600435565
-0.5964341445274854,0.21086795880740206,10.57865969675683
6.552434510215512,7.18194961309637,-9.8040098796881
0.6286887994065533,-1.0518713565641757,3.14498070125185
7.685801527925851,-17.277413379336615,3.857021692017611
9.147254866230824,-10.971699370867308,2.5932306597918
-2.5158122543170194,-11.908576299079435,4.009131980148624
6.584745423750476,-13.130142244773925,9.136291093821264
-4.241137905099735,-2.040385303607632,2.4301599552475643
-0.6668021527503498,1.1339340897309063,2.691718236804833
-4.378660895023037,13.218348920637155,1.4437568191909531
4.137716843553702,14.641736278471903,4.244333053650339
3.7048535086529206,-16.161763318078723,6.900305142266252
5.883262958489748,-14.35876051964821,0.9490938995134144
0.0,0.0,0.0
6.981062078566405,15.38601288764351,5.467025475880437
2.546930513011347,-12.00647627601079,-1.456228609233154
2.678200571004284,7.504739749839969,-19.77712730319703
-2.8793589639651103,-2.1446822392902263,-9.031872229642342
0.0,0.0,0.0
13.517393330654878,-4.332905435540541,6.995632405442433
16.51005021171646,1.3754429645645523,-3.3895947931307795
18.23244036192065,2.72065907396755,-12.920714992941807
0.2721769448376503,13.961014199953865,3.687217440817
6.266648433691824,3.544049907340405,1.0428386875584845
-1.091518145370575,-1.2448143511976504,3.5771708629083534
19.569540275696625,14.59247217265007,1.8002225165692143
1.165872146967434,17.646003223784,-1.0677094788171413
-0.09110666188597882,8.716876233456302,0.7288164319136268
3.3928954358263503,-3.4896985505529994,-0.8293954887331196
14.048083324652785,13.742442431629533,3.5078607789488125
2.096474528178863,-1.0873149767854464,1.2804210543038863
0.0,0.0,0.0
5.027526349273983,-16.456804993230918,4.047015469564462
6.025347300427246,7.05490700350639,1.7481702371788828
18.438112344450758,17.85284808820211,-0.9742378746620193
11.914540156575464,-0.3495130364486414,2.5083538621376023
0.0,0.0,0.0
-1.2915505320416782,18.80240363550722,6.9689228019149905
0.0,0.0,0.0
0.28134101429023994,-1.5973642163857589,3.3587971948771784
-0.283104612582175,2.88198783604021,3.211004865484405
0.0,0.0,0.0
18.812589346620264,-18.565021053187742,3.9861894478281954
6.020941428641126,19.29600067336967,4.733824488005045
3.551591902808017,3.8286648111169423,3.4705383050291747
0.0,0.0,0.0
10.409114693779792,5.300407617652688,2.2478781052171577
3.9276513941239592,13.928819900723589,0.7608641130082248
16.79976078931373,11.334396663267205,-1.8036360998304026
2.097885777603125,1.7256111877842724,2.684573322030916
16.108884753287487,13.250527921574562,-15.436639801087013
10.526195435405523,-6.299380134105185,4.970722040048058
12.49129909548855,3.710849250830322,4.5701223129976665
-0.7961283288794831,-11.258097402958334,2.073387364242649
3.085529663256324,3.0901546610216037,-0.6627276927617309
5.085104783752087,1.7775339930491967,3.1406306064173144
-0.5255217587185399,12.492828551115473,1.4833279776336816
0.0,0.0,0.0
0.0,0.0,0.0
0.0,0.0,0.0
-2.3116069316656533,-10.311023611507718,2.116742581639354
0.16576745084585198,-17.160553658644552,3.95587250703883
6.575105616937818,-19.82465859254722,-2.5500853933941876
0.0,0.0,0.0
3.742922184790044,2.3176160739766694,-4.766446150004583
-2.033187762177164,-6.13798149502869,-5.0133761394701875
6.329690738758984,-7.392732745002011,1.7120234282364777
3.4827442963121356,10.36356462217364,-0.06589274307457282
-0.7642189232892944,-19.780079068443815,5.244560507945559
7.484723248005533,-7.524891635698689,3.462349145257541
0.6474584168667903,2.370560254632803,2.75880628848903
6.96873456630431,12.401469494921656,0.7235453221316619
15.072259205193568,0.2735056934092448,-19.20917090694428
1.7202557472554343,2.6959365850171224,0.9156798321586699
16.296491957227346,-11.574964736404853,2.0773778968026186
1.6600597729564122,-14.585781543228885,5.7770635203602865
2.4776606955892504,-2.27338880328368,4.8390206206882596
2.2546193693088163,1.0383120898641578,1.7464118541854248
-0.024877215659703467,18.56626219066549,4.986477383515311
0.0,0.0,0.0
7.762281922458875,-14.480694676822377,3.2924960142269573
0.3770997385413115,-7.270126864372554,4.375704604566282
8.283141914816532,-17.944637060185027,4.625993788554666
-2.360053927600589,6.212499745192119,3.962597626672398
-13.596077093975662,7.7342718555102365,6.370732818765026
-2.468115118410184,0.9540417175416174,6.851251980537577
0.972314491656638,-3.920582890405763,6.7444249030859575
0.5199008069066489,19.10075055086,1.3736023283911916
19.1616314406864,6.6173186698762265,-19.550996023713992
18.173685647559417,11.554737189115672,-2.7171058837608726
7.018933506837733,-6.215134772237308,6.34032834058657
-0.7540159498270949,-19.882288627459733,4.314951262397479
0.0,0.0,0.0
2.1501507556369006,4.329697130550869,2.818694115674397
-1.5907781764947138,7.87988080412962,3.7471589476221414
-1.4897396656666402,-2.5463957043271126,4.6781159526124725
2.951682648874808,18.1005790987454,-0.866269734483101
0.0,0.0,0.0
2.106188425832057,-8.063824146313392,1.8828511166792197
14.309649311853157,-2.006167314556805,-2.817793950425383
18.410456076480706,8.781568613519404,0.4014699835938256
8.889242560256392,8.23528719323453,-0.9215405133316281
1.0394448287403648,1.964054178653953,2.555626604134588
4.181203676930514,14.607237911343649,2.0964788698292356
0.2608731200570194,-14.219087129941814,-1.203555452149926
6.976124089449117,-13.644067230854793,-2.692123808680008
0.6084583142534647,4.4418127163114285,0.9694021089192049
1.310730922882609,-7.790921471152535,5.458449523891403
17.67280933594607,-12.610711528583828,-11.069797034358169
0.5020415792268675,9.123436277348384,4.5731967303117855
8.830953947525042,17.871082577316006,4.919598774239434
0.0,0.0,0.0
-0.2793697357573919,7.097661970337693,1.387013129580958
0.7621134939236143,-7.728643813592825,3.5756774694101843
-2.4518261592469237,2.6592777774016767,2.35279825442187
5.719626938694138,15.55456546935848,0.9593505649355201
3.0669590046919524,-3.7486056442391913,-19.744216424547727
7.501350313241156,-19.7567396112874,2.1903502304800946
4.863729463166715,14.8660852029924,1.0936522443068348
0.9051150273100319,10.042964561355149,6.892627524977264
1.8020748584357413,-0.4656755703316313,0.03542749690145941
18.651133560290805,5.867739652100619,3.6728320438596818
16.04501258553805,-7.542439865352202,-3.424922231117229
5.499256378640283,5.09014512756054,0.22185451194724592
-1.272419249452378,11.640480435767934,2.817042759138474
18.189788938035218,17.339934636762738,-2.458104371475873
9.933773962973726,11.53930079513198,4.671687629256969
1.62440788588194,13.938844714345743,-10.795821409850031
1.5489680395505907,-2.416506112968529,-6.128583962733229
0.14133193763415264,3.4804697193486627,1.9533734829065672
0.0,0.0,0.0
1.1675663225463966,-5.312767178733985,2.194319080244467
3.821322326103388,7.870235908283291,-6.590186118751481
10.659191313813336,2.2324952342523874,-11.646125986329631
7.74343114126518,0.5241346349683091,0.8808768904661823
12.19092066883725,2.6405755116906278,-2.7730822587559665
-0.44226737855923304,-0.1735107270624786,1.0597337587425457
-0.49541923851510283,-13.750512919001098,3.847720602517377
-2.385821661013612,7.180755822852014,6.776757706620749
8.862198425270153,19.96372163081204,1.9369745264327851
-6.067390711818277,10.679390813159701,-4.196814659779475
2.0811002100035214,3.6115837353441913,-8.050897665164388
5.669376784620908,15.18978059065045,0.7005494573954465
