17.652665288089228,-5.9925284740981635,11.906648514595627
28.695381628956504,33.77613421589987,34.14099964217843
-3.79407555934831,-0.2817173124793779,10.229255331468647
37.49944685161679,4.653843556626457,24.94414329878135
-2.903510500710225,39.16245062640495,18.115293001279632
33.87870902932659,16.551758805087093,35.557453135960984
0.7081414450262127,-4.1072421039366045,8.769376616365054
39.45748523401083,30.47825022619471,32.21280526169377
-4.8158566497190485,37.543611781814604,23.994386869048704
8.128759414377663,-2.0239295463515106,25.76227463273525
15.629275230981314,-2.0704340092137077,26.55069008029244
6.723266717941339,-8.387666210893544,13.99142652252039
-7.9202820871846855,12.24804469096916,3.1838215881392733
-9.833413794351038,16.98488526980048,27.256471062614395
-6.216595746563,22.655810435375344,27.819232138502514
24.417266188205474,-9.895490925847932,18.849559780570456
-2.0287196878287874,4.90543930369015,38.32810040128822
22.44296885387805,10.647494509675102,28.358557337657615
-6.809002471378213,-7.277022211652106,21.603799495737626
36.7065959784542,32.891408111421,30.93005138503804
22.590551636019306,32.02455801870263,2.9550441645250416
24.38858461672882,-5.484209397369665,31.55564032507252
33.59958890888633,32.286782760053825,20.831676722116825
31.024774239754777,20.157555246852006,4.402370138918652
15.446675396025391,2.1043474353219853,8.261729834882683
29.82876055899061,6.530078129470999,3.9516501863655993
28.26137547777455,19.254551186088523,36.738900532550566
20.51705080705833,14.556750020849524,17.5743988782392
9.85471350788141,-5.731961858530681,16.652268723282564
25.049068514648773,6.298074334655304,10.566438596083103
16.557586049041937,1.8559699079908665,37.90234686521937
19.469313328762613,-6.3559216600540065,14.185679879758016
-7.577418042749252,-8.264707389891049,8.590944591215358
23.534889958001436,34.317944127910344,35.47267982890223
11.555743224520189,18.02910885390334,14.917018462952921
30.645435166899823,8.657176692018641,32.09031813287514
27.101866025571155,16.677896439962993,9.628641078584753
33.269588277763646,-1.6839429764106164,27.960559418953956
7.628469968431695,-9.504091188935815,28.68805984140107
36.93987499129578,38.39158248885928,4.349945817103639
37.67969145559923,2.141611849319373,36.68053759589588
11.722831526139153,26.352568943757603,22.777094292058273
18.484630549443615,-0.7323182128423156,19.97970647298236
32.6526649101628,32.598636709265975,35.560645710661824
22.934863736188262,13.817048652269737,29.99335038806391
16.690064188197784,6.879438805112007,22.864765827970327
32.53478625389782,29.58460806763103,38.30036269247258
35.08719201624324,-0.9012103256654131,31.675098713449472
16.111721033331715,-2.556013463994544,27.04698451978534
12.624202780356567,0.22824817761569882,10.37112040926035
10.734785112385204,17.568554018366044,29.133052675761938
-0.41344920202936564,25.375265498935278,27.00552490722839
34.385128278107196,35.62372901553961,15.88510741958303
19.65166140444793,-3.7126037573277753,18.12515346562946
11.164209070154566,25.949852045723354,29.917617698362648
26.683585443761512,30.16115426280051,16.586011639079015
1.4125522016427743,-2.2571737224832464,36.961601566415446
-1.751387210822507,24.08278071784105,35.84817711733338
16.552029276587458,-4.574446160210954,29.182753780625
23.760351111535954,37.276412260607785,13.044415187833241
24.466537165791927,29.649317534154882,26.19984998902811
16.88017262677269,27.846530007087807,20.49539645301291
-2.6908475133855703,2.6375733504089425,27.328935967551452
3.1894377273738748,25.483816070680625,38.146788487630396
6.346054962422457,-2.028704533899142,20.832239794341373
-1.872506628184178,-2.056109290849741,7.753710812814699
34.87742783139172,37.19326193365962,12.457252636461064
23.5792227906321,6.942465429234514,27.696933136872914
32.927610837228336,33.969876328428285,8.491733332861667
34.54249809263843,10.207854411960412,19.597956442757095
-6.58130783791654,18.548739956110996,22.025525187024854
33.402797268867786,5.699690647888161,31.381064060123116
-9.1525744110862,-9.903908648348366,25.51965860716711
24.912649871731823,37.31836988993842,9.33271810001423
2.442535755797403,-2.4609626130935283,6.204238145848997
36.11099063447003,28.931403309430053,34.400224690311006
22.842751686187377,27.323204132104607,35.91358514602859
23.06552183132009,25.118649199876465,26.280876814655265
-0.1414666653335548,31.375843754601917,21.13870342669772
-8.995004259034605,15.685857788779842,20.99058492668862
-7.355748087064861,-9.131073503728583,26.85854756093802
5.711113197697756,15.037338933397791,3.1436879948048837
-1.4301259013564032,22.333143742398164,30.4823042539619
30.490010918184325,32.66663850070546,15.238769787300932
-7.05940651430136,30.728263531345384,37.45027711097747
12.386608590624714,-2.594926610591303,13.445797493162665
19.7864702248246,33.72660344002679,30.758546415670196
2.4766349913896093,22.708443690619617,12.021681466100812
13.016645908769824,19.063715141248036,9.814008380836885
1.8524288622883915,34.47438848289231,37.7282303183722
30.674446861236092,36.77515142079745,34.215763143456485
21.97835744659141,39.65972640262822,37.4824733367415
-1.6815811755332017,20.37072994878422,39.50987401923871
19.020687914468937,24.808551148799417,2.1688586694915086
8.536574462079631,-7.18899728552161,28.1560506859809
18.541945109442313,21.31146667931221,13.8724143361555
-2.322907023695353,-6.620242731424798,19.918708260844017
32.4620495079109,26.702762253598927,27.049107115250578
-9.029521259877352,33.75702788034287,37.834142323438726
4.3279164490360955,-2.6854656992684207,12.821380170076658
37.96881109390947,25.318015071496873,28.70479292045095
3.8679791881076486,0.9491955271715504,23.492976218952933
2.8944321136877598,3.24651123294886,24.268487747664835
20.93442220165646,-3.4213402875979204,15.216703407909016
16.72807657017203,4.135615679092652,28.82627400528255
11.129473973698865,2.007608453193905,13.080498809250514
-5.776962073727656,18.639404992170416,20.914029768688863
-1.797921188004576,19.519112676154165,25.326778614599448
14.087659209349955,23.538590957212463,36.007833966637776
36.89558521079542,18.498413119521715,9.178835381506506
16.488260422527595,6.349726050263087,23.979238491461643
19.543453765582466,1.74112928609612,35.405038974537355
-3.5928027574766377,38.939685232318666,25.331407507025837
11.621693469940102,11.631732918266813,12.741860227529402
-9.469688428808999,-2.102411924049288,15.255227587438565
11.080347597227814,29.978359836156358,33.512790139867775
24.174946238934574,21.64193975778227,22.659572471855846
8.935613674809705,35.247024222012364,22.35543752076667
32.22998341313897,10.75702025380388,31.24196557833237
-4.218225724999892,-2.762175088999994,4.26046403509139
31.60558554544655,3.5926432437846607,25.387283205746627
35.71893641844726,36.64991600785095,2.696972731439221
-1.9549345602283932,10.643581403680201,4.5544679384563285
37.909916779734885,33.37199941153869,34.37412738159787
31.05599280516914,-3.6685809378197174,3.9610507444017102
0.49160474065235427,14.361001167312569,15.612728363244194
23.330022168886984,2.8408829389144863,6.299482436082915
39.95376951661953,7.302605723628041,9.380355668796891
19.360774554975702,6.961319864224315,8.05884738029938
-4.627271406872852,12.524161105773192,8.617294576563783
11.456204095578311,23.104026854895807,24.33971517039476
-9.550410667380545,9.01225713860565,14.442602717795246
35.05777725912006,-7.291016738662989,25.307157228120094
32.60705635997065,9.255869624366529,28.741709561321912
39.31838517257072,0.8342665566243461,29.774800911218094
36.12252496224875,28.701054010748692,27.754951885596782
39.81703063848244,37.67105894818901,25.36988283005941
31.474859494044892,35.867762520720476,37.42704608412436
37.860177831206585,-8.77676359392568,17.736010851164373
31.70399278132769,3.485809450788325,10.582315416284167
16.42771282192394,31.96760908821475,7.456473942197988
36.45120565479496,21.951634247871617,35.286129525715985
23.83079446715916,-4.0001000341339195,3.5919435241544786
39.09718004805875,14.193456090076022,39.454962945152566
9.014796160445378,25.273467443689825,30.318181386007602
34.57913047798176,19.16273422637882,16.332861434467333
24.233860670503866,4.766621678193063,20.6603184084279
22.734250660163212,13.31894407444176,6.869020061456503
16.895243693651647,8.422302902794002,12.799257269341757
38.377654110174326,17.014552776431227,10.088796176454029
27.202867693475685,26.0387386296332,39.34676855338156
36.07630880662804,6.3160381484747425,37.719085517691575
-2.3199911943736584,17.00137965021211,39.56263668018342
31.930003562526096,32.2090911829973,24.301214237949466
16.3515606799394,17.96300129806973,9.453230103577855
14.212949500584006,4.9214754689327656,30.385279228424594
3.6157790362393634,-8.537028632899267,33.06793920095145
-9.186928032271044,38.399679885882136,29.204834039049153
-4.039195136721352,22.26217550802192,26.638967343854382
24.393909404951145,1.7439463375653137,38.16575354539472
24.426031223316116,-3.5196969580135384,32.04202048145435
17.153839120319475,27.74487647584725,35.517037438852476
3.9378686360323663,23.82765999641473,24.236338844060327
-9.127461496109731,1.198720307668582,7.359790951457409
23.075362887396835,13.733749466510265,27.64337994122136
37.24221704449926,-0.13177478002346632,29.73131061898208
-3.640568407269063,18.05003357635031,37.96580305897184
-9.413477956441705,31.44548417354031,27.405145891569603
35.536699411288104,-0.44324049045268055,27.957324796485132
21.183239957367352,-5.269049685039265,35.760221913752275
8.357033652288525,21.275309929829035,14.839269053347312
-5.2975761591230075,15.742056677258635,10.277087943652418
39.46256934293051,1.08455215358941,21.647514175626736
13.800390878357014,1.0764087784646197,11.553818683274939
39.30825514822113,0.9278861585528606,34.52322603140041
33.8601040171072,29.739947616987266,23.207932757504565
5.171284248530142,38.744962790053464,17.297140815986594
36.272871068491405,39.54748029923955,32.811824737404464
38.33597316787706,9.880044362051734,38.35699972987124
19.894544037340008,15.572087913142763,25.111517879680576
35.44126329557401,2.9228719159389343,8.611403572260958
-3.6826901784885937,24.454725551151483,38.36659979032153
-4.88164293877619,11.39980142610315,24.411702568204312
27.962870732989522,8.523353119934665,3.401716851858975
22.139616505904854,28.151195513111873,10.191419957115265
39.455141261426995,6.672265621310743,31.218758063927687
22.544954386124935,-9.210802917229104,30.09268929904431
-5.8341273588662,0.05970889413099911,11.378855851709687
19.210478265864705,20.842914549965464,6.198846587721754
6.60132559520488,25.481396089611994,17.249058561670225
33.96593697247121,7.968561790171432,19.637753940447222
25.999572977509906,35.213929127464304,29.873974784855683
20.745861083963817,19.856231029251312,33.816390448716405
2.2394917702786015,3.2302668633250704,12.647025322317756
5.512550287920312,17.331806548556894,28.97128909986732
29.60635571226458,3.9113075101196966,9.925151503990854
-9.274176495776599,-2.1152733077264223,23.268813002538316
3.4527936411755826,-3.5688980840047098,14.937807489549233
39.372114982929524,-6.213260927234395,27.870587572555905
-8.355495171746954,-4.963002764056547,12.315297788413208
23.599958756505288,3.540695622824959,13.39101181034227
12.711573283250281,-5.866548930315538,34.347264164859915
-7.539988769489645,9.048328140836382,9.121377978651395
22.214047059410476,34.39638646624403,39.94278394514713
10.57652868979893,11.323085179503304,27.93368179623547
10.555480157042648,28.97618200660608,34.46806743934443
31.83805185465897,5.597100428843323,21.595844177450125
-3.856539919386778,38.734709184464364,12.062051234995373
-1.3707601454670755,8.796359216895851,21.925081028469922
11.685524274678125,17.766321625154546,21.947373674341407
13.589748289978843,4.88380839236703,28.66523662257793
26.25400314986292,-6.809833268398803,9.144353093252548
-9.580994377469931,-8.275549456577558,29.984927000284685
4.997087831368603,9.236019466697332,28.59502447890046
6.540176059587646,13.034726878957077,33.974073170506564
32.61158753006293,-0.0017298943790375887,30.272512789049564
20.380741836392552,8.645377455932113,16.33716197585542
3.348557875554322,-9.30727481086722,29.068807361292812
13.158925601299707,38.99834293357004,17.735949861740156
16.951644292971274,9.611178478498298,31.7513729559098
38.71208441431669,11.02185861790917,19.416008450152365
31.581519183540795,-7.266283473450122,37.08788938291737
26.866740508240696,5.714021672771461,25.99184696343476
23.405488128410052,-8.11751848866799,18.009045841239722
13.841640284265445,5.783727364631332,1.6442863981844305
11.77391000770356,-5.073817650673372,16.493006289881627
20.742417090097245,-7.277619444385218,2.511889184131027
19.94780282587299,5.555472103592152,16.352163817557475
27.128290546041242,3.070950460159775,3.2857247114745114
37.99865204435785,10.920602632897568,29.98547770523456
33.57873479514119,38.16115484317508,4.674944398875417
39.52465758592194,37.085694591024314,8.084676981560868
24.548240242641512,31.943878251732798,32.18142608225151
0.9962752267009929,16.109408634520754,23.299875901207955
27.928302954856058,22.277864881663785,24.69928112141618
5.18339407336741,8.323301584901888,12.285944126853037
-6.0315490597268875,0.1829012388448259,4.882441982258552
22.10365644156373,34.8774571731065,32.18236959954397
17.6752131662938,6.969955298723171,33.90213868114174
-8.770417765565673,22.817879607113213,22.856033048251096
12.962627144769534,20.41767593298703,25.853768360329376
0.5437534518182385,3.6449593203475725,18.020467582184104
-0.5881128779598971,-8.934902529353998,22.527719441771737
31.10278278893918,6.899512473924869,12.19981822522414
-0.9440128718068177,19.834404742193318,26.247584343137014
4.779863947774396,3.7594633173653964,29.771887548573243
39.36582149772409,6.617277269398656,39.219498191760366
16.299803578987905,-7.587442593068172,4.539688097184712
37.77237676178419,11.119755858321811,33.79738758921345
6.614219074442413,2.166136654324049,3.7860798344196294
0.8050376785246787,15.448998278129388,20.362618053054334
-9.89686078837336,10.331906065006038,23.185118284427496
28.54238932828308,28.52797486073035,30.22817195637126
4.240284327388606,5.743262197716206,38.61086198935177
39.70092927505173,5.318988517031973,33.32060151655969
4.103256158670135,2.3861597358837745,17.777101650254142
1.431017649859332,6.050315727691586,33.59982079547556
-0.856772602575294,33.148784321862685,27.8642499431001
25.382035639901012,13.495591946302262,32.38274068462683
37.75798684297376,39.813758800489,4.955891057117871
28.267389848355137,3.8673680355232047,25.661416723620246
37.00504401197661,20.495032258823198,19.305322664739137
26.74512357079227,-6.681448406171515,11.087236105635785
4.871663548141822,8.255422479936815,27.31386577500202
3.742694850988446,-7.66542456498906,13.539151276333886
15.527253880398789,13.706585941425502,24.753123501669624
-3.2601312556442217,-4.802571456439816,3.990616344006465
-8.841726605448471,19.735967089864012,38.76893535162491
33.48270991483914,19.59607917345979,33.68244207747284
27.986200454449424,-1.8127206418287969,12.2315450983154
15.004281554403548,27.193792548555002,32.44459385354097
23.873912429672075,23.65813277637583,8.350856575626047
2.038062068889099,30.76828222419188,37.68578439400607
35.30686162369913,6.8664842528512615,4.959387864566571
32.60371424572728,-6.189389227947097,4.661253959443915
-6.595024318242782,3.9295945988781984,9.69234574520009
20.704716302575424,1.5168661493235813,6.159722831679616
1.977590294224271,-1.3864079757259589,33.88757785341331
20.879148691364904,27.15527926979444,25.725114972184194
35.37028769016369,-8.018175008323125,13.452421684735292
24.654104532083842,5.166913491020596,34.298641911403585
28.802562744375187,-4.768041196949424,23.42737835818925
-9.148755357766312,16.503085311764977,38.23726633442531
-8.060079577719875,-1.7603610642907785,12.749200893468021
28.51466353694363,35.72986875743751,38.02039183634022
26.239769165081086,22.996902743660833,32.3417727957598
32.73542911978939,39.54598179961993,11.315072966406905
-7.704584094045122,12.410268008864044,17.894438157445393
22.34008296058981,14.445152381257117,23.13654511261143
-8.877558428668673,-7.901289897821635,9.949724774606548
-9.226529345073883,14.522202206371617,6.797417185782276
27.24300202198743,17.809044268525128,14.78033861623329
30.202280471291814,26.619391522306017,20.797521670041338
32.87923474249355,9.09920888392876,6.168797012522653
-9.795624621216383,2.9600096916345215,3.054481660536622
35.21494360079665,23.78396894157565,19.587311337247925
39.49715113113079,13.666120313772007,31.31125558015861
26.49743340997032,25.59973627969798,28.05742924746889
16.854554862707637,4.875507576118246,12.352659876891755
24.14617296169545,-9.418205010229405,26.071878044724677
30.243049738877083,-6.661232728891014,27.275196956344367
4.941871267168722,1.0553992736791624,18.47675750739328
31.07851867610067,-8.925676567357232,24.94064900651546
25.980573689194564,0.031840932680752054,7.225019660370624
23.541013734461107,28.75574924852963,1.6422169800762774
39.971616792887055,20.50631548377812,38.09652537712334
37.862942700517046,-0.5176511545575888,36.51727854077229
25.128950401028174,32.70583433649055,5.141195503031518
-1.8368416821885525,34.865528973522565,30.197069222370224
-9.446357815065344,-7.81535344000872,38.49625967717838
3.29938622165578,2.5990300577010146,14.803838059065408
6.615520564088428,39.2902537964436,37.18506704402669
19.080532238472966,27.76977803214097,38.89924543485499
9.191287973516445,6.744716814657102,15.73472438420256
-1.96875981045552,11.469324978782243,25.603172819133135
-3.0959010417197783,17.559047314507463,17.635462191766972
-7.089848581746198,15.109736702695862,5.723828460203787
7.928192672698884,8.747951019628921,11.25819288260451
11.152603045194748,21.84070797596639,37.44018002885043
37.01637848494504,-5.456305368121291,6.973228554333026
9.578081297771579,-1.8701054559085417,14.06104053308335
14.603205592705363,15.62940159011783,7.155048038373503
35.38858598853704,11.664547472829277,21.13350233118385
29.272412370602964,28.845857694466204,22.7162873592427
10.4873434844366,26.889692050607664,13.257923202771984
4.54451490824639,28.279499333766793,29.099868853876107
21.94178281324809,-1.3078450665126846,21.524022057224755
-8.064936346650688,13.745444662098553,14.350077110149389
34.4972188912064,28.566731515371263,17.64019138149887
-5.893999250507162,19.19689987457511,33.57461674732688
-2.148724569152142,-1.1727518356897848,24.65267306768519
33.58886778010266,7.1559910670714135,3.0196569167117193
8.752939037839841,-3.885417296278983,39.374972959891
23.653991384962815,-8.4050147898704,1.194616071117359
26.248959834003372,25.06893273402212,10.311387803175492
-5.84711290720091,7.6086284448550074,39.709562001144036
-6.638673490791282,-5.435218507058808,32.55763131290798
10.367377949726073,11.035350253619907,35.21039555005839
10.554168064033554,-1.6888971624106546,11.912276805611821
15.749033199689418,37.19880571393096,22.147531816919138
15.771986679896713,10.701934712844402,30.9368781586138
-1.7558255730399903,12.466511214150831,9.762364113843148
34.68579969795858,1.952454167887426,13.23584186530141
32.13948104309583,-0.3294332962697357,21.26850443574339
21.759982729742738,-4.682501452311961,9.023378921507085
17.433796568136046,26.638373729881256,23.996749631201517
15.133811966790834,-2.7246074109306644,17.900865046405
32.342450929477,4.551389314503684,16.678961195915978
-1.9109150252194151,-1.2125922409202374,13.51548414783284
5.2359116540627095,-9.92335635073309,33.64203424911327
14.600606377994804,-5.4417185102593155,3.6322535869078916
21.66615578654818,-1.193101944338336,32.03950815507225
23.221254954015365,10.71418742094734,37.13008372842631
23.471784983940083,5.836897568251871,31.90098476884036
6.905010747766293,9.62468365199583,30.060639274375703
35.838047992895774,-9.16355413711863,39.657136429696415
31.767260441503698,14.678985753586517,34.50785707400554
24.03976854337215,20.298512696304996,30.550209612250473
27.86411941849188,39.401680186206555,39.93482837388558
3.0511433801642376,20.906595243958176,39.5254926319351
26.549015234002518,39.247513885076486,7.383059808325264
24.233452222450843,17.586980012068576,33.60538522399584
33.264495774736666,9.831936252575964,7.840119877460541
0.5512015426742707,7.09443334670393,23.703497487416357
-5.84173454002967,-4.940984040956503,11.434655058102646
33.56017766939306,30.171972418986755,11.22771351140931
35.23196679050546,4.037665218788735,19.607457890481417
36.60802518354818,1.9927780273075673,39.26660689780668
31.03577074518291,-4.328163571645792,37.1199658246641
13.188441528522599,-1.0889242903457923,20.02422818361597
-3.5654743390917147,0.6751344410045128,12.502643082926552
34.479198788306135,17.578966855089188,11.518883739119783
18.20204502403824,14.131810528149929,14.37877467263781
24.164802195165855,27.972363767295967,19.401128940919378
-0.36335421180836747,-8.566666038103602,4.128403962027587
-9.94145923159133,28.301474294452827,11.778807812955463
23.743167133579625,8.588688089292678,34.85653059757917
31.084268541471406,7.906913506922523,30.5936023209321
0.5852425769798018,15.57433685856093,37.59124645992059
37.87183967330739,11.04610078095963,33.89379764331929
17.028255002734248,3.4886688028653214,17.430344915324255
8.068703624012956,10.533091454501093,36.25828535611461
15.455338242503826,-9.076124246736626,15.000092546353056
-9.315798678033165,13.499814650632988,5.36821037582877
7.515663674437549,33.463084200273286,14.708721591165101
9.204779584681848,4.506528676230605,23.818054126584983
34.836092256713535,6.295362009097797,36.32689183176612
5.1604464976768,31.647870211255643,15.751835473097977
16.657048368728724,34.76133236430531,36.005852300598946
-8.614365585538621,-1.8553411299430262,9.150427927783713
12.092476732347688,32.374738974344154,21.97647125815169
26.522828724810516,5.194902535933904,4.976134842415588
6.586417974225416,-6.656528432153393,11.996119107526582
38.969736246977945,26.357629245408077,33.110945186448554
38.738413254055565,-7.958390049396095,26.170468054806676
31.011072324226745,-5.827686481076393,34.98802105962846
37.44719952521457,14.433303754162225,27.109277163946246
15.236668974572037,14.425005560528646,36.049212278218164
22.402208834963574,-2.0068797859780436,23.656184149705552
26.914540990850853,11.301716756761923,4.259552901061559
30.732587004969616,17.53864284689781,9.164730228120781
4.388511340739957,-8.473335365765596,29.79657798075316
-0.5834089224210253,21.54047274110922,35.97092297203247
38.01308397586944,38.05857897109851,37.55499228293415
11.31186819669679,-7.529684288171342,6.640315484748427
16.924410670682107,30.840553233536617,20.73178007088434
9.135249472760123,16.009771934701615,9.630877945978249
38.59174954867719,6.838841372291881,23.318267951597758
39.478988904421215,35.47806865567539,11.521453784466578
5.6240647316858325,12.025993557788976,18.673405759359767
3.074846983051085,31.758820941861767,38.30566249475569
-8.225525147294864,33.25644226481751,19.513396773334186
-8.77420800892111,2.727753016621195,14.504229189649774
12.633543729048288,5.326109024016969,31.91357030395917
19.558210184977916,14.859743787119047,27.519322415024895
-7.156686774398954,10.031499265551565,15.708683999643455
39.351349970957834,0.2645800714839286,28.30311046960088
7.3610156296456495,5.328290289445279,3.3268954422251333
0.13075633893798866,26.506941421013494,36.53222051036321
26.326724221223923,29.816230992069283,33.42098646672894
-1.5026044455094762,32.525338983613636,32.43489355395766
15.379332871463092,-3.96155288163075,12.310656794813564
-5.313964973890705,14.0569579087583,37.32928339634557
7.637060058387597,8.886298886432087,25.86957378188609
36.138792536673975,6.432742690534931,24.554700861803013
8.194858378850189,1.6454772946059277,5.978512837056727
-1.0431553691328705,27.800764539900918,10.864807665960821
-8.812652182256224,-3.9314339788543675,13.894424600947495
-0.1941097872581361,-1.4323376987300822,31.308305855598846
-4.120827966301165,21.629405952303426,36.17027851074867
4.997230723888038,22.24350162165687,13.652428128377103
33.44570921935385,5.223720344440586,4.98147243742954
14.379504540241875,-8.961564923459028,37.65885412979031
29.41888807337507,1.9340243518132727,15.220138573253049
38.1993891352332,34.10158730314543,12.201595732325305
12.782704377448894,-0.3937807573073755,20.698705062646177
-2.2021763705096262,-2.1013126890201317,38.78864436331712
37.983330553012664,18.6391176270506,2.400185578053929
19.145574891303657,-6.025819791474985,10.158754876744148
38.557956845874685,6.568394147006767,18.715224514676393
38.093647447772284,3.757308902719272,22.70783128637368
29.322368752009133,18.657927283555228,36.84403178855534
31.81820838882032,20.393728940878262,26.770161518585848
5.784489447305534,11.6223050281434,35.15756081952843
30.49402003907084,23.162099108025213,30.343054339827162
28.944499026071654,28.861171158289924,29.977098601284094
10.322899486023363,20.408227703987166,11.695928916100566
17.78748725915678,27.53884044549615,20.976477036189355
31.667681522758784,15.560518927832067,39.18878374317644
29.381282944305028,35.84596433090686,37.30680823639583
25.814595934053326,6.98503335942205,24.282206661138837
1.4571338604401127,13.610702811387746,23.38791594099359
1.9508802216800802,24.427862138507912,30.09566454848515
22.80519963705892,17.94483122193963,19.408081720907116
29.538100520503455,5.37307655007676,15.949772902582476
16.56758961266076,23.60638003023761,32.45761004502902
11.946104014564465,32.144159225545245,22.964606905262926
-0.4772904432176084,18.556003301070465,36.193121477447335
31.940588157047877,24.109427044343867,21.807713409071116
10.650200074719628,14.206248342946942,28.829424914478928
7.455137612397209,-5.124975009390227,1.7270554518658212
18.79854592144788,15.892443444270398,17.95183751048299
-5.030999973368506,37.42594673006596,33.92737454558139
18.165067518576887,13.660516072372033,38.31196575264655
31.17938686653033,5.878006139987857,15.648408302905036
30.095449547243362,-0.14989113667834886,34.40951564704154
4.271254660098236,-4.951104734957594,28.074577980515848
24.927184141374415,21.667389974261518,24.996978693919765
3.926484178667655,-8.220510666554304,10.131432095021314
5.455363090569074,-5.624821915942349,35.36426940931124
26.721687731065607,20.242843944533114,3.652716648754506
22.995348733049298,-0.6797189701062436,21.507676638042586
13.69176185859336,15.179019749173094,26.10574770953668
28.862028850337484,26.74331606805567,11.443240455986114
2.703284710589333,-7.356529602274103,13.667557665269761
35.581907938196416,24.190110779100973,20.80223616874492
24.917971192238483,12.616023435121043,36.431571033294944
7.901008278801282,3.573887779235559,14.678976657474543
12.639184147851486,1.6065883613674776,29.151336676109786
22.200479601062476,37.02203342686515,33.191740808720894
7.264485992517725,21.334886276107884,27.919290696557383
29.53539810429333,39.47137888329923,14.446013900554682
2.047117654607983,31.33540260601827,31.224005870898253
14.233177980556622,22.47729465788786,39.59084254288397
20.514025569773256,-1.2587341087103354,16.6781278919983
-2.6206241709992506,10.942401610331217,8.133910676561506
13.961061838179813,15.168801277132228,33.69638933165909
2.8790840445412087,-0.610178430991553,8.410086533545126
36.11389906557808,13.1505233908178,31.927666208553497
22.983670453168557,35.344925080728956,9.761860426820448
28.8125789752652,38.97180252370337,7.340276612640519
20.686111593441588,26.76158389322148,26.333599068293193
16.5132148058857,33.01110924787865,39.472745286095304
-8.3276194280509,-5.45752364023715,16.287309058337122
3.44104427447747,-8.648136582778855,10.072497548675937
2.81579557800978,3.9141596809554073,6.446170824181163
5.470738367333242,35.99523412307826,32.238409914482645
12.782626643617785,34.09730775139132,16.862481932487338
10.51060909297119,27.1691853565941,23.890377796516717
13.623960554730171,4.222560724173052,18.882585212017066
25.56920468009077,1.3874882496603593,4.804247207309931
31.648977446548116,12.435628875468993,29.138633312971123
-6.590343371272464,21.430104319163277,19.82102465785248
14.855570111150158,36.9017095955887,33.02113702475573
23.484229913293834,-0.04189188320089521,19.486261785750983
-6.033436679708016,15.017897342818195,39.48028124156333
20.520901300770298,-7.701892691565862,39.32370560794832
12.283227723225618,20.716404358029706,22.106084765146164
-1.8395135162987533,34.331848016661255,16.037664926788707
1.429797721734957,2.4328240243507793,10.677968097672547
20.003252825136343,15.7039973414157,29.9956518444396
31.528951428893205,3.73320848869404,23.932881087305176
5.959816720194306,5.771814192475781,1.6160211347669264
2.5161364426633703,7.910417024787023,38.41457675485765
29.30869801374915,11.360413127258457,33.08560219446174
0.8681498286032454,-2.585633017743766,24.815274086091925
9.193726799917226,12.846268524919694,13.835702563838684
14.009459718596984,4.280884640100414,21.725173942915976
2.1752794432576312,15.976626549521182,18.112721414598077
7.428353798764612,23.105968308196616,17.703189479544697
34.276770516738054,17.32010558220768,12.64597074865451
36.80389404774928,7.956300059895646,26.523877525607894
16.240210198759126,9.900876542418715,33.93106053589469
10.718343618310742,9.999352790154445,35.10373916350137
16.54521759158861,4.318574195940283,30.747153570538522
34.036380352049036,28.76265692339767,16.87840655478325
31.67049090979562,26.73190226914037,20.1652704161833
34.9927919539764,23.81486864424204,14.271908302959943
20.099635600419695,9.38876531094553,29.586381608287418
24.911452234465628,12.164566939554806,2.9382496555277484
32.34021970458354,31.037702300564355,28.47500895548927
34.32867097013731,7.589758106052166,16.96059388892283
5.805676266471346,0.7618912346656419,37.400051707877424
12.913700079766373,-0.5790708994695191,25.168710421640554
35.50364804832042,4.593311175198105,5.970771700417899
34.56991206411955,29.291576544649093,2.9867789540731877
37.19949482076285,16.219444714851825,14.094862679781588
16.10743649769652,23.093173668524038,5.955630273295082
8.081932333830238,-7.361939318816775,16.681705771197883
28.64604894795861,10.313543603445812,10.019301726733147
9.764490758165115,21.935088030073135,22.548291567319065
4.972562587618821,19.93572238760016,11.072548003812848
-0.8798424966095038,29.650379628291866,31.764973791359104
20.669009098099455,26.288325214644626,29.60760034974716
32.93469619421633,-7.4229604409388,24.928518800691656
18.713740341903417,5.598058995530833,7.247236712986751
-3.139075390637961,3.3258539982968127,14.6098454711913
6.851411709871538,34.94439432165913,27.315180494206864
18.307445058750087,8.057726399221696,39.95372001498918
1.1400254281891815,23.70017279437041,9.140480396358164
8.007506152967487,33.53471447957806,10.85815960504048
8.552208859986958,2.310187763311953,16.87869412618022
12.561924443487065,-2.5040835456537627,16.449534771139806
-7.936761744281343,31.13497055430578,36.832858010752595
16.61098348522842,13.818947558464803,35.70628412324674
35.629826603671575,21.356669841264363,17.2493938113663
23.524721346930626,38.3372484410432,30.230343839718373
16.50633242606428,-5.343807472053733,8.589006877054842
18.916937423984848,32.032655867131325,33.055575249362434
9.902740537144613,-4.376355175857892,16.993659302886506
37.39934497539489,2.6186144318041205,3.7553982261162275
30.53282472588835,35.92397644912471,4.255307503683169
31.052658278373446,24.012124421922607,25.878507147708376
-0.5845782930154915,15.869650109083032,34.2979369763562
-2.0103208745252505,32.047966325242,22.565173989898426
34.70581547298884,12.747565523442983,15.762207028199882
24.430688892191263,-8.336401754544537,20.41277752813162
17.561754433664778,2.478179189844179,21.57087470153319
12.01145521131306,14.7400308010818,19.071110353222263
-6.04620753890906,16.09835965999718,3.990233728890429
17.672194449440365,-5.783654801216668,31.800953046091102
38.29739115471983,5.798202273815797,10.143102738812537
-8.589358321287625,-2.7989581816786533,34.30018400372447
18.264615498138948,14.083234786422402,11.199347245432747
27.315297823662686,32.13951278096982,25.606274068296138
33.58418463866492,13.19279739471454,1.9379005965851324
-0.851724842629638,33.80018752785922,12.91751657732673
-9.918465293581308,1.9522104058470244,36.93072504886777
31.751098056847937,4.223923380085624,34.95628878950264
-0.031071154031835135,11.069992735065025,12.711963201863789
36.91494378385858,29.859115249713035,10.018451914880831
-9.918386992031097,12.729400929432778,23.277990034095453
30.889846191824617,24.428067956172185,28.4003499825819
-2.8845718799930795,4.517877664189669,5.0573517273108894
26.292579933847485,13.330837915415673,13.299635742315726
-0.053187476039898485,15.532162717314264,4.762810281498195
5.424313292248225,21.35046098250781,34.22692832500619
31.559670555286118,-0.839922664025746,5.941876510675059
-2.6608107097879525,31.537880064222655,9.009650931046188
4.051301973352308,27.328928953529356,32.57483310895389
6.656496837573641,-2.3394725700911474,18.469851260077895
30.049880983977914,1.9938185977889944,33.8431351885489
22.940038922708574,8.312411006296248,38.89834497934251
10.957459219035659,12.440725001265271,20.629158605453377
1.0927701815875324,8.651975925712494,17.970436520976634
0.9080274264998414,28.561550458650093,23.492228009741705
-7.528360105754681,6.298123459141998,21.778837788811735
-1.5060946910292845,5.671461147820855,29.721833975896608
13.868878144439773,38.08250009208543,4.868939786907426
-6.459457281940655,39.904165107648495,26.444973054089786
7.316541169294171,-5.44631057080993,30.799940717195284
22.978874664512645,32.23450757005061,10.9202519351003
16.19142429092519,30.177453823164903,30.840671150669415
20.29077569727903,-0.2987347833227396,26.501932701456525
30.605886353611282,38.81399530761245,2.6019287833579714
22.613929489479787,6.739689050435519,25.222732750443527
-0.5885143972624576,35.036581425899996,38.17188786303162
35.849199719994964,30.568817371671592,31.097992628686008
9.057621050768795,17.709159312139867,33.51552669748625
32.810916957671886,7.208472434349872,3.564018767335515
5.487984839048538,23.96418417863217,31.018102745782777
12.627670823965893,-9.093339827075656,37.386368698848976
13.998075423482955,6.4494682638387175,22.348796550894136
6.249508362239087,36.22800454084093,24.181077065233993
37.58835522977822,7.152478213633781,2.775439203647762
37.75234838506315,35.784966787120155,3.0885951800897207
5.466503916898187,29.409316304428444,32.156422538325174
22.72061504408056,8.090690812645011,37.320041182919404
16.83834610789762,24.983205596063556,38.15353021522431
24.03866704460127,30.55865853756386,10.924204294928817
3.9757744443658734,1.2290364811303256,20.040881979434662
31.211081546923886,10.987029102793379,6.651120136054438
-3.214061809954944,-6.143752912452369,26.84106200811152
33.14559787940824,6.115583928434319,31.314609210779132
10.58266506668876,7.791553777665188,32.76837596793254
7.205192663282581,5.072853277699464,24.079833043454357
32.10483602610389,19.396554518812806,22.986595456535245
7.486354014869974,12.883807528535723,34.33040617251805
30.400037109365798,17.382416668891615,27.768327211561115
10.880469607134497,-2.9832312532142424,4.305255538874086
32.42180496867174,13.785969529966188,35.321544384056665
27.548255565073468,2.7454195126300753,37.907079325512505
11.19684647837363,-2.235196537047379,13.220679524880623
10.689858967522294,32.61678674456516,30.888425498091912
24.45866124230782,31.208584705816385,30.951135301696496
-9.558226221050145,3.7289422561659116,28.85833586332553
1.9469845061819129,14.037852665255066,4.142646780464054
39.92543640850762,32.11757213962961,9.440381036270889
-0.7185272873072663,-5.427986118175836,1.7355981718821156
2.912340698727961,12.073962039695594,35.69157207779333
37.94569972531198,24.84284763925764,7.84983670439175
34.25706766575945,-4.5487971599268455,28.46159760637772
3.8658563574971865,1.1392464270883211,9.129265599998051
10.28308085006396,4.95077394910896,33.60607775939825
12.62062520977977,-3.856411978435549,33.630242348928064
22.682308819425025,37.893630017557946,31.51578097321803
21.836666088587016,5.001591575273602,18.248624481615042
17.34336158592246,29.28102757371758,23.41811621719843
32.1698989386213,-7.02974381340918,10.36465679887149
16.817915735408135,1.4557973766719634,5.216386028455325
24.076643855504052,-0.629778281756626,23.884841934614833
10.848267507048753,2.888131983880154,9.813209062501258
5.967967824811318,30.93472169652024,25.109094180121843
34.18182175295987,-2.7141508867987723,31.386577478124376
4.341159288475451,-2.645935884023639,15.731527080739337
0.33961490646754555,29.851361066209442,32.058946210478716
29.143218839982467,-0.920274070356152,3.544420175894155
-6.340869313001015,3.0197429692753914,7.52337882383868
16.159614849393982,23.22500348290434,32.372775291824155
4.53915161168845,-2.429615745108868,37.53698233759203
36.99546822034627,7.163989109403211,18.533979013870404
25.330972795029403,24.829618844649566,27.172490794854937
31.78614524348761,35.040272734443725,16.655016463253336
8.010389316940852,18.685331751845055,35.12695579792551
10.07290673163141,13.902011232142264,18.509929941179482
25.03790144154947,-3.8524669504053435,30.276965507130903
39.64266157148769,-1.0423076175416277,24.22669277359315
19.230976415823363,5.836740554500707,39.754217886387934
7.001388699202028,31.25925141217914,15.658025522650213
-2.4082699598756916,-6.57481050274753,27.223361949753492
-6.661439604452017,-1.5784984120709602,27.391919674406346
37.91264209434438,29.995691797311736,11.88234483409537
20.593933414752662,24.92302748828375,25.650431753718827
-5.543443721887893,26.960177886938382,39.465231576036146
24.70013289591197,8.083258901316103,7.739166474881522
25.184147220992642,22.75304348226792,23.502882272497178
33.53137899905703,16.912995494780233,32.491848867349646
8.602517233249717,19.705518577243375,20.913064516542782
30.858784591490174,-6.98272253347646,13.327778046256622
17.33267553475386,-7.044486446301898,33.83602411036699
7.561115395353195,29.541969654137453,38.80231087128938
20.26839140416257,14.742054401952208,38.30844066017998
5.752234121622244,23.752063339571205,15.055986017154792
39.70601464288231,15.608051444592103,25.66015590590677
39.72696131129089,38.849025853984564,14.31106501787305
15.658760367129513,28.18997231590231,23.00572010393205
9.707131233801302,36.578689085455025,25.937378243161675
1.646186519268852,17.909554827248698,29.393973873318153
17.881328878245515,-7.5903483060393055,30.757640982733356
4.5701270274983425,35.64773643207431,15.028038928339564
22.741696976618343,-1.201241973442107,18.581361177693285
-6.415520790312015,3.882187551219568,16.55097040776966
1.1306350464712267,-0.9515684904256112,13.56915837576129
11.865585970487018,11.04745200176378,37.04047821333817
0.8165298326047932,-1.129828205807291,21.61009266292105
-9.304432692085895,-2.0157262279721095,6.580698177066108
8.9434291469791,8.138900101442482,13.913142360074023
37.23931795135474,7.652501118127681,9.620424574706764
6.761673151536321,-3.805345498960005,15.057569663214839
10.281567577782658,0.616685558305532,38.96471252406095
5.190966372933753,11.752155583339633,7.2933028039098176
5.613039278007429,27.074144047588184,30.34564704156223
19.64582126994662,-2.2185406979236166,34.527780940413585
0.6466773363692386,5.007036578539214,14.763869485597937
30.17558061187445,30.12759689256648,35.37573610325131
18.777118535179763,-3.075156020750497,29.092344548238856
-4.751372922855182,14.879057904307627,8.024468757091187
38.62182081935929,35.166886057574224,24.542984867098497
32.62946273725855,33.36633162998462,6.227338489280243
-1.8143924056633,17.94837468536584,35.408906539677815
-3.3057526063683653,5.230122453186397,34.80966546437967
11.078390127681327,10.446985248376592,18.87895988510642
34.33173633720349,-6.3410101127940255,37.127220502165095
39.847614904953,-4.006122292498109,1.5717211518054075
0.669853242510777,39.7881087733831,13.930064108548523
38.84443199655475,23.601134884879123,20.150983201183294
38.45014900154302,-4.840318633446488,5.291677786044701
18.68881699804822,27.580576757605805,27.538385276692665
17.777519587260127,19.672956073941172,18.155012853600727
30.914109285978647,-6.726905312813148,12.408208429664004
23.059205917049205,-7.382811388875962,20.973949317677583
19.3464469580108,2.661485348823645,31.769419836565397
14.366194764285598,37.46634164620188,16.446844318075108
29.316450165462427,10.641435740700254,38.06549721920463
18.05351957346528,10.226128945663614,18.24872935176252
35.08915098262384,-4.101297200099778,33.60177420249776
-1.7612450560358113,25.182322506501308,33.97897496272367
9.022791910259023,-2.1150093921017037,30.265207401795053
15.038311150342821,-5.312723506347001,12.026083620142991
14.102777968414362,2.4360093810705408,31.23200558850254
33.556453015138885,24.30693828652062,23.139491751672146
9.271439131297683,14.748286565373673,39.94463637863641
36.779289689750165,26.937023067904533,24.931974284292245
39.710003475947296,15.450873749780548,12.650138015666922
33.806268658490794,35.91740972504844,11.984684025290722
38.59050805403235,21.36392385188578,11.622197177021972
-2.0039132028181523,22.412641035109452,33.183721038046926
19.706447608664565,-4.637723048367295,12.393881432650783
12.095359013854022,12.726559304573755,15.753261676030249
18.902097880512823,-6.31368951238022,29.70892223720419
11.164073511247778,-5.076685710934246,11.906759188037952
35.254176701996194,-9.932194915586143,4.504874260330352
6.711723058043059,35.07246177285459,31.104358960027824
27.788312554804783,-0.6816489690005305,1.774065843935814
30.483734862508193,30.500349010145584,34.34994699260058
-6.131197266820614,11.258284933944179,25.105505440771942
32.95601561846155,10.476760264588105,17.001109973914733
29.958137501073686,32.42691857598366,38.45103356888209
26.49407535075789,32.2897092175925,3.459742833523208
19.55017697451583,8.000616735825027,14.594062846607613
28.845574120931687,19.57942105310444,36.52915714369016
16.434668108788962,19.72699088136586,32.982437972311835
19.616918880221277,24.70688051299549,9.449704765442469
38.93244550331908,12.339682429211265,39.76584576638104
7.244512185858736,21.01841929854096,30.552962596997368
-8.728651289789001,7.715043035052894,36.561310417484535
14.315368161701851,-1.3074328495527316,35.52404643975621
16.030287333324562,7.13527280306473,39.34353257941876
27.004049209707993,21.179358994241365,38.539176239274624
-4.280979539013538,15.362527954754768,19.37856590759807
25.039256782451922,6.5396804707502945,10.035747029711157
-2.1911486120281696,28.59413232417785,28.34957899477375
28.30327996027536,38.1040671554067,16.878145049441535
18.81473384938737,29.802797299847256,9.497888851260978
15.995542727832206,29.052994891106366,35.88295507615107
-2.529095056026228,-9.400459160663779,20.8657573905663
28.16293512088866,9.767088928219266,29.79387590674674
1.312817010297655,35.5137789200198,7.815623993154251
36.83574633331056,9.080567973101157,38.900369527891506
29.217067222664642,19.015473438330922,29.960397201337884
32.01140537726449,32.87948685082315,12.332794078447382
-2.950508339352986,22.38868188548455,12.97551550413192
28.04989587247456,16.932472930622588,22.177971921472544
19.44403348650593,28.19709962797198,39.317930288522106
2.6720755741757367,6.7713648683437455,12.522853345946068
16.159275292015998,19.52520201821476,16.051068864569473
-2.328691738720921,26.095061306473966,28.309030118453826
20.973470904971226,-2.10593785942058,33.51790725391617
16.236652312562757,29.953684231488012,29.690415077587758
13.967920408541039,25.87350806741912,38.03993179919198
6.413239049743545,5.007982038706761,8.098266975898703
4.131754034439522,30.73007746159628,14.622163316868473
-7.300578303832623,29.256221033907572,11.988485575143994
5.024703388790272,-1.3388424391784906,19.732674013605152
14.657948303053166,14.19136437351567,15.511674782329937
36.2836916628861,19.50380242194589,30.782762143901586
12.046311005108038,29.78853135329925,20.244571797309433
-0.8844661466029979,19.903275590035612,22.086417392724698
25.497720580644867,34.5453103643047,31.67497206854584
15.946127088399628,13.04149628260214,35.33956796000562
33.124713431873275,0.9894116885540815,29.83364899409248
37.3853874091173,24.868930131632332,38.78063462804221
13.706096020558574,24.991735906589874,33.20795341939779
7.522188242511859,2.112769862906795,11.358054573227257
1.9841888817422983,-4.688059798902615,37.27392091776711
30.517755057036766,39.96596498768487,19.78654780214846
19.760566937786006,1.5705800953527511,32.18079428157501
17.367120727322536,28.406802867040348,27.98124792805519
-2.7688102231540093,35.348803084711776,36.44593593572895
34.889749165415495,23.425160290793613,38.62152481652075
18.067889089515933,33.253178649755846,32.4925256353695
22.4675620100286,20.40291849992134,24.578991920992994
2.458641178123578,-8.424433506677492,38.35117485103649
35.821155842005226,24.911509199640705,36.815103644304195
36.968683133389746,7.619824426139988,24.31576894476636
9.633989250663824,12.50229084016632,29.462436891237395
28.61292788029875,27.626940715031633,6.967215313478238
11.175937279776193,-8.794203800423519,32.46681608459039
18.665354087401557,10.038290871081418,21.703538398757757
0.04734207307326166,-7.9616675804950745,19.24003951098286
6.068027759446178,16.441249394693454,35.176177793860354
-7.1994148696552696,-4.912168076471456,27.42479630855487
38.29133958261638,32.07422311614966,35.85418614280262
26.932383211338227,-0.6013595235608058,1.682810151105997
18.508522837578973,4.49378580024641,26.837254056073164
37.11661739778972,18.93170424171079,33.92509632444842
35.650973210095096,2.761217409603333,22.186794058473666
29.61912581327843,-1.2895137127554435,15.649361112598838
21.227361135981006,28.10426121127928,11.004585711934809
31.22379822944658,-0.12707882181613073,37.21829011822032
31.98204779971482,38.825414610779276,21.596248618336478
13.320849828486441,33.003071393641214,5.73359817612576
28.96554657302094,19.199541331514983,37.43842220261366
-1.3741379649660228,2.314946128643509,15.055298022670407
30.36946402009447,37.73887334571341,36.298410985877766
-9.001418109953418,-8.29653242285697,4.360975969388278
-2.416636441561523,23.361411278552694,14.208926675875986
28.597394128561447,24.18187455714274,3.112751817551093
36.16856732769404,28.846468970054563,36.002707399396606
14.954583348219682,27.012462503018867,28.59256394798786
28.747410296149706,5.414262235435155,4.991439247228891
20.84639150624668,9.320279867196351,28.59955829177679
15.23985305000226,14.532436015170262,3.878019247654972
11.638448595288096,4.547938670045296,30.659204403998686
-6.945658120814047,12.21005677660113,28.503740317234456
33.34591820675759,-1.7838953074828972,3.2675870186820237
-5.658736629885404,7.700377769269057,5.297643877626186
12.07525868269933,9.500866949948303,28.969270699063742
16.174414702097568,-1.2282751108517882,25.18780694464987
24.758041866832432,25.230287211387413,26.161907728765293
0.5758062306082437,-6.464942467060662,10.933407717227244
22.631154601542548,1.8636876869965864,24.914824695381917
7.08161095917486,37.484315193382116,6.143750884269828
28.674416045223452,-6.065921513591915,18.74284059892367
18.13583785501507,39.625541258903404,31.775694208786945
-6.997103636387448,3.3363800265389756,31.943220220091618
3.088549191276109,17.282205782583336,37.2798760917348
15.555244449275254,0.517945848472408,7.732775232057908
22.991798743146557,24.37397464135289,24.76448545770038
14.496047963209211,17.403408791508827,35.28458016102823
27.712564901910504,29.460671998134288,31.368499718395483
37.68751167913887,-1.9398372909867057,32.09471724451776
-7.269891537429641,0.45781894534042955,12.362929058820288
23.05393774904355,-9.84093591753923,16.94475389343676
15.675740329905008,19.9169482311747,16.965135353116896
36.09270796220222,-5.578366572806678,7.855248916094261
5.374445552571709,10.179086062092164,6.583945569026085
17.059647248611277,15.198096265933874,10.239773691884533
-1.8825438415011249,16.18645566208316,37.42278639746462
26.514797706185618,-5.521648525522322,25.85167448020789
-4.697746080349183,-4.078139966898855,26.61087001939999
-6.132471534525781,27.360512277498543,28.62198956764003
37.10460922701287,14.725499763358751,32.44502061295604
17.308258143786464,18.59203643767843,31.428258291821606
11.585023384413184,7.508633344253727,38.857027611422055
37.71578581706752,-0.39493914700257804,22.988865440065766
1.897192536162482,22.642227726548125,28.49233800899995
18.121385550306545,18.57993100218623,14.94825881464883
16.30212293129034,36.85456673938869,31.680254252088076
11.277931534715215,24.075456730098658,18.36756862430864
6.016993744570659,5.185734122979463,33.94012441782921
13.146083430478864,36.29427874909215,18.51900940641112
1.935150478076812,-8.217272636999157,33.2552857192573
23.15090843316856,0.8270798572375799,34.14060063563217
18.17944515039278,2.9224378185850455,23.917604599044132
7.237913709931645,-9.766749335189049,31.759912579416177
12.513474766703762,39.00642533588284,21.90089152250192
-7.9199798406970885,28.14997455030435,36.012461400485066
-8.781659142342631,28.80675711149648,36.26282611497732
34.98296179704876,31.826819595009624,23.618797207182084
20.841716391567974,-9.369427398230236,28.41294051052239
6.47490670108316,36.969244095256485,13.869827641642345
22.87165452621948,8.164388058346574,24.063706083213233
15.811071141903856,37.57365243341823,31.311612631913036
11.743958162634172,-0.3554079951592257,3.3424946520816246
25.502707785951714,3.359907551176052,6.638920927299196
39.43616610767126,19.649913149812534,39.82759905500784
-6.0984397456497925,26.163101996116367,29.337948003433645
9.311016018052202,11.776425051415897,22.355498724991904
20.399629091850777,17.25853312558494,12.341963408824746
39.107863736172405,25.704671570173105,11.041104761495376
0.5418604521200727,-7.0409310384722446,28.009612609458593
28.77648580460886,8.347870095507671,23.76450975611275
38.42628327301863,0.8109301159544451,30.89189663767423
28.865637419410987,-9.923978720894548,28.222226390518507
15.63904563661561,12.847835870709872,34.12618348600817
22.348547640630088,6.927456067935017,33.61450584596823
32.907898219187494,38.220422988838386,27.80107456237024
29.80176334078228,-1.1821947512156132,17.3523694985646
28.988936458623655,2.947356524447674,28.782655043132507
31.70940579897871,-9.239371815682395,12.122678471271481
30.833855766723488,8.06471775088583,23.596979339497786
15.068993305823941,36.95411665810305,36.06937116403658
27.66994497002885,31.487676996930617,18.58409421338476
13.90334492361108,3.6494387209692167,0.887927873529426
-6.878557483400888,38.773569364477865,3.9704720464552476
17.288449119750396,4.488848017388722,31.916467009681895
7.550886084161302,-1.2741595060487576,12.176628740116083
8.017581272978006,12.237700168006416,30.43671857099499
4.2324243015174225,3.215350966515068,32.941024144806256
31.925187216238747,-2.5242922287888128,14.165095198650448
13.022081657394946,23.4258150406065,30.282013928246073
-3.7176618446596015,-0.13032271338906742,31.096046469072892
11.176078205484721,1.035689596804069,34.69322721226601
35.760992355480546,-8.470216855720265,36.65592187320224
-1.710842545083148,1.001530120015314,32.3318756877806
-8.705859485238083,11.157773911004771,25.72818933161549
25.767616063631003,31.580628030179092,28.477197066050678
1.3113563852425791,17.55402805398211,36.096811528562036
8.617910619484476,38.93794750339642,26.620204024264748
29.746453768288738,8.932775990225942,13.346943771986798
33.98648444293747,-7.546860027241729,22.297019190397236
10.272114044022292,-8.239292556427499,26.83931837010416
37.243761457793,13.875347546056013,22.23163819127329
5.9386562458473104,-3.874502689929474,22.913074113660805
12.464703635182858,-6.78129668800147,1.7176349907340842
17.968695105006276,-4.797084571994317,26.725167763379226
11.492241621119494,2.6582213639929577,30.308803957916812
5.2831728506920435,39.87611187206173,31.00572690955439
4.7083511475775275,-8.699047452646775,12.609714349458017
36.94967247829996,3.213613486681334,23.985483805843266
26.103581374055572,32.70248777328636,30.620351506839228
17.716109840542064,37.137352585633025,10.098823361998523
35.94711432804718,21.866560523831737,37.726200964536545
37.203115997225204,22.63392115235972,21.714124979957234
5.50499391585271,-4.87720552693607,39.82951690885624
20.96915051329484,21.61881310918602,35.921858007745485
0.1387904607552306,15.099512346337665,24.662625333635106
15.206362872103451,-6.270259551607804,27.593415982846793
-8.018911529882274,33.69494874531432,15.850877027822378
39.61050966129456,36.567069498059965,31.13251018386266
33.945780259150624,2.198126287066234,28.796583764600115
12.08542381954599,39.782705654871236,13.753499621120385
-4.961059260872646,3.3035407641447954,7.3529172744340805
39.067588601188255,12.484184243267414,15.499960556851757
6.261233431256127,16.8638396514704,28.401383043705344
18.705482012636182,-1.7567659895435632,27.811058353636092
39.3894643485442,18.605344747108234,36.47273531239645
13.309665015850136,6.915861347285681,28.546983270437444
16.25495233578641,32.866893648849256,1.8793046010901144
3.8952831149477696,11.652566407608585,25.2748736603829
20.958607357003594,3.2253676307220642,24.833645667879516
-1.1085429120467545,38.31529722001708,9.060693885815489
3.696164004560826,12.81488489550658,32.977578368582556
-7.810153041261609,3.1448804982665965,11.703184186432054
4.47870973109184,25.913043451310045,8.329936036936552
-1.243290968000327,37.28498419207042,35.36238441225501
-3.089526897202015,6.606243811836794,32.189197586952766
22.981329380533722,-0.6992874969151188,18.31131762621049
12.704982147768604,0.8530123121844273,9.431049624427246
-9.461146235948833,3.1220492979198493,34.01451773413034
19.51770405229586,15.904935166788041,21.571022483532207
33.676889990654004,12.034110903233735,31.878961905691916
-4.904696971410479,7.412703962500601,12.36595690396349
13.619550914050693,22.59338480592094,4.952305074697816
3.683511086685203,24.422979384021637,3.381640045048811
26.323018005373243,22.119019044487757,14.63392840389212
-1.8926075785254428,34.486450071475645,30.673861552820142
12.91790463265674,22.595044893146593,38.27292176241311
23.859069480080116,-4.104097964234335,14.219357864197264
4.4031052596855815,32.83177725881893,17.296629888333047
-0.9997595385331586,7.947368513634359,2.0880363017520143
19.963812838730167,30.143664023788233,3.3034777916672216
1.1971830589622545,27.138606182100588,14.68239316556923
35.940079095006325,27.149835108439188,21.79592007853452
31.83413286703511,5.799055964920175,16.324043363917614
-8.754692325347722,1.4796975879322485,12.223739511563853
19.95790344393134,19.76373210818021,32.255674717215484
3.629777306765563,22.242956707101925,24.56639001099503
-6.440735465627718,20.504062348286556,5.203770326932544
27.8990008725078,-8.853858883136365,36.93323522016612
-3.333778646672548,7.700051554495111,17.0879955348148
21.47618357567091,25.315773774959787,38.69264410106025
1.7838810563681058,31.375664885956006,22.776688560978833
39.795791430344266,-8.539224870591362,16.413638110085582
33.54821869363248,15.885346875764895,30.413485369227317
11.76526980625409,-6.085137739121416,37.857727432393794
3.1898015410664184,11.680552975643796,16.98303211049696
31.31826264604827,4.012140056060191,11.620756164982811
19.776652907629234,24.837794885354114,6.762267351560649
-6.4454413587804495,-3.977069588491183,15.153498797509789
-6.950420343566101,2.4152764389340398,17.06817690355909
-4.500592493990266,10.546382177013438,12.909754354139114
22.356161505789743,16.88876862333433,18.08743794072233
27.980475582911936,21.542793184177828,13.228628744694422
14.813956860944483,27.186836595550904,37.91646526674936
18.448981621909827,20.567580743784053,35.71732627769195
2.2208258707442656,-0.23433036542848384,37.70739206058998
37.84062523176398,29.806170667438177,5.226534320701312
13.85560255830579,19.108150469455833,16.4914843276832
