7.541538522329523,12.162261294128978,0.8471985665488848
0.4134446210555929,-19.050779430795686,2.3351153133559848
-2.9136033253785776,8.756646466347611,4.134584413984886
1.2307445162321775,-16.641037219019818,4.3663124228386625
12.838123911987314,-10.078453227548975,13.419128263898358
3.0832530127513245,-17.299168192073832,3.493458190969104
1.9423650312650742,17.702955009973458,0.792050631474102
0.0,0.0,0.0
-5.815396118684248,0.7682013240029235,7.583672569475063
3.9941449596084233,17.77930831581441,-0.21849423238941768
16.311354889248058,13.266922653530138,-12.076149230048287
4.653268229689004,-4.635632360161582,0.5792452812710973
2.084727111655585,8.73647302700823,4.802502658218703
18.0337907913159,3.3333542399949607,6.182697030079307
6.388731078890643,2.663654790113288,-0.9255747234546483
1.041514774192315,-2.5057885948187284,2.3182412224615483
0.0,0.0,0.0
3.49960879124707,0.1420365273179982,5.724427331410727
-3.0233096104029578,17.343284111767865,-2.455816033199433
0.0,0.0,0.0
1.5699690073545831,-14.66050648527617,-1.6439058439514085
1.9276823557213612,-10.013789818405737,6.665016170373093
3.1440801658601565,3.4763308265838946,0.09951915369637776
3.0107045386098537,7.608708361676982,-2.740813252876759
-2.0517485052397326,-9.51171183862483,-0.9380769270874119
7.3389653972076765,-16.07409725673683,-4.16343729561685
2.3001613830017824,-14.976807224728852,4.559490372442088
-10.383695821046476,9.847383087708046,5.087317426052916
0.7159139466389028,-4.509777015901811,2.1100552805103696
-3.6930690789539184,9.245064710899134,4.53581138765635
15.114592869722003,5.781212854316468,-0.08568605962995068
11.167122845478875,-2.81402617113436,13.203138013283734
0.6001054624440165,5.571551143688428,0.10718340699314766
0.3234604942861594,13.41279137645035,5.050100525391784
-0.06472754457390906,0.04695967808760315,1.875581007545275
0.0,0.0,0.0
0.0,0.0,0.0
2.5160896521553227,-8.531797897667296,1.9336442835169683
8.4448099131431,7.0633436991848235,-2.853087896158259
1.9797290269696113,10.91756838515073,4.208331072438842
3.7585843401314527,13.75978976262818,17.839041871697404
6.077830375471866,-0.43881116517567875,2.10638078566803
15.65455659266712,17.675384824039092,5.364231771811433
-2.912164083947704,6.462956425768507,4.768160999435056
5.353967260654645,-12.238337060194763,8.586358769332282
1.7119075321191453,17.998206787419782,0.9855993243739594
0.020656185613294298,-13.225095737846843,5.22823638338967
0.08295253783430212,-4.7761096225530375,2.626980516076874
0.0,0.0,0.0
6.326179280959288,-10.18969532357688,0.8832100037682267
12.086371618037553,-8.107900890887809,2.0400455730975544
4.965429411486184,4.7040931278438975,-0.38774748280660276
16.203202148895222,-3.6929637366024073,10.576104512483743
-0.15361451376095658,-16.860786068585586,5.479886960188299
7.031619726567715,10.743495335952662,7.112693275141357
1.3183203731755384,9.97510188633403,0.9080197078296237
2.560027359774409,-2.0258797968055866,4.177063003608154
13.241250377033218,11.122162907021218,2.1585014599098606
-3.2503260844317623,-1.6115390556932012,-14.612818916005194
14.559737278885542,3.6752494505535367,0.8268210407286318
14.976238915442792,16.30408821865445,-1.1101306544404075
-2.1365410209973423,15.437061946708152,1.6479940890934657
7.4077034474748,18.01997677369651,1.1835595007642756
1.9955664547756093,12.808111226773654,2.1899767495189297
17.62907679953764,18.718238432912155,-12.5548316299554
16.488855793260672,-1.9033088218306187,4.455386050822796
19.86978688986087,18.71255696348372,-14.875678331551043
8.209294925992516,-9.18540397923484,1.2930448583233662
0.0,0.0,0.0
1.5340646914467015,4.758502809518092,2.4502041343889616
8.123736225014984,-4.075385882213862,0.914016332116649
0.0,0.0,0.0
8.290782612756693,-13.5734158226855,-18.913609972607745
7.825292908809131,-3.6760770247229937,1.5945997913891325
7.176672693048118,-2.8082697795287164,-4.835438480479233
-3.4970824050303513,12.884138646620203,-16.154458837017785
-0.3071434703666944,4.853611560033347,4.601444654675873
5.062901495244772,-11.53031088867456,3.1293816001501873
7.169815506937397,-17.185125092623554,1.8234560132208657
-3.276181828431721,-17.87658466629938,10.510369613043679
-1.8246282089035581,12.913032055900707,4.653041357246423
9.256222057365573,-1.7628255115987095,9.180521657610631
2.0222337014793723,14.385906595285254,4.319844477712688
2.4745719208307446,18.811676033560573,4.433150989390179
-2.8455472489338547,-3.4749301904406558,5.025309221813313
0.2774103478987726,0.23651035285662658,1.3224592692394932
7.036769523067573,14.870975561480657,5.346664288315523
4.3406456783677925,-2.0814756665978287,0.945993932671346
6.805852557997584,-6.874589069076578,-0.9017108313863389
9.95780787015232,-12.387858715223938,5.976560024779523
4.159678732541542,-6.304229950513527,-18.317392572956614
-1.9427382817761192,4.6922754108469835,3.9663008223977574
2.785849910041607,6.604611122420733,0.06820226269975471
1.09119083721923,-15.269369020169423,-11.983503478642161
-0.13152637135703316,11.40683047891755,3.8852393608788334
-2.2655238592626423,9.614195894713355,2.709752860599693
8.695615610032794,-3.2989665642764834,1.386836998996909
4.988532030493175,-17.877519583416333,1.466449684000743
3.7363726535642527,4.179769410764235,-5.416258548775698
11.126107777812841,-2.0348457348863738,4.4586150482454165
-0.1654085583344227,-8.322753566096225,0.9108324921431104
-0.5747173954048286,-17.3426678069125,1.8655650064959346
-2.213171939781688,11.671081837401054,18.1731421808995
9.033633722336248,2.4456725295905812,-2.3531758825145572
0.7108971773154202,-12.81276054365394,1.068973017737406
-1.715344743156911,-16.693576014093132,7.789524592009332
-1.251548150384485,-11.65944934780329,2.9582867140644975
1.603549144943198,11.743873788559018,11.387270138451022
4.85264620185308,11.859396409396147,3.650343205757256
5.142574410027127,17.276966808562854,2.6373007075557764
13.640099053155183,-15.77160058271357,-1.52129973726068
-3.239504464850164,-6.634650744715875,2.755531035197169
12.833116403737485,1.4667145365103949,0.9238057055586282
1.6629108737810405,-5.335835075872298,4.8347611092605405
-3.4370801814582563,-15.670204482429138,-12.232550220211937
2.8069637790535396,-4.127197292741705,4.890125174849555
5.075711922862743,1.6568063031104643,-0.07626606662227475
0.374438870924088,-1.0498938009780538,4.850590865478185
8.380438102248155,7.945508038322679,-4.319717254076867
-7.1137717054423835,-14.529200945445162,9.06952564310983
-7.756481550562962,11.594350066204932,2.738242104001146
2.1967804324298834,-19.153118351018353,4.767129238798486
7.9230201458612,6.9011982902827285,6.60668514844993
4.948358889712269,-18.45037014375869,-0.31237151447723344
0.2135382745206158,0.16795558781755915,1.1206287039467604
17.05811834645196,3.9544613421567094,1.2788585804888655
2.980805546807339,5.324318139752737,4.106900908884398
1.114219631491098,-0.7528409808501233,4.689316562332883
6.803158079269556,3.4358985847481085,6.040510660733477
1.9084777988840553,9.973305651086115,1.3343987176194698
-1.7906314080499897,-7.4680020830276685,3.745052276747572
2.9964742750853457,10.884863156443451,-19.47404038968691
2.4365180750165294,-3.310111992228033,3.896835963722065
-0.14761515845749784,4.058584475848145,7.569163627417321
3.426649270946074,-2.72904974434923,2.2251162051717897
2.9261783729274993,-13.878364819180542,0.32904750924029
-2.66769374803334,15.188030537623,0.022149371098002746
-0.6091905169006502,-16.757845874180262,3.150971757045798
5.869067602667847,15.361289196071377,-0.09780661628832732
7.743298547976436,18.63221112043874,2.1705835778993716
2.9199874085245128,14.189407237955184,-15.07693432349199
0.0,0.0,0.0
0.0,0.0,0.0
8.360610576562681,6.0436390668357465,-7.407413981105788
1.364589805796932,2.3737462460586265,2.794780720954975
9.655469519827484,-6.062852426414835,2.2518539445341244
5.742331575887377,-13.110582611381354,1.1596904642199775
2.237621017842647,-0.13777981673457518,2.9603503592847202
0.0,0.0,0.0
4.613488302290848,3.9761177426387926,5.914037641776398
-4.681405339516564,-1.255574132740307,8.239950996339157
2.4319510628122885,-15.216556604694084,2.781105691747488
3.5117191945783226,-16.32801641017257,-14.55319822524606
0.7871551946085447,-7.0608657599489835,1.9368085660180014
4.132239468135639,-4.580543217306424,0.03818221391128329
16.034472694878687,14.944358150169947,-12.170383675417701
6.58033082260531,18.032648738924756,-6.988312617710912
1.6387876246025428,12.760590391078324,1.3464069562292877
4.150794774350999,-10.017204088799812,3.022770301805025
1.6460629240807245,-5.132530311874396,-7.724897476640699
2.8139564151697662,-17.789972132354954,1.585920470020099
3.1084973669734683,2.855891157582228,4.991899702148028
1.744622108266169,0.8304609818158104,0.5658913535037291
1.6361950749302778,-12.214511797598341,2.0479669574102672
6.907739160783343,5.045177182450486,1.6984795693512327
17.793773635599415,-12.105419824018773,11.785048495185663
8.401418362596022,-17.527679235951894,-4.484340902967276
0.0,0.0,0.0
-1.0419316645710315,5.9121701523013055,1.5560236488494539
6.3658999625865995,7.232507523619194,-15.105032009459183
2.653645583004412,-13.241054809969995,1.9180514058867222
-1.199726537272923,-3.7940854609731716,-17.501859666520772
0.0,0.0,0.0
9.961833302223509,-13.049719990363986,3.7287317024962077
2.3507877499112286,-15.197586260117157,-3.3401318177656316
0.0,0.0,0.0
8.174569705372955,5.229819311072404,8.78269945491445
-1.734249097998502,10.697103452512764,4.673562315704858
5.716653838123843,-0.7900134155315541,1.6499538505347324
8.669530767625341,-19.977656672618348,3.0441863799867046
11.572337201528672,-16.291631006067,5.588763719419429
8.113170852082309,-10.29791710615379,3.135599856925265
-0.7372855789444834,9.599783915965972,8.86904828992905
4.961890825989446,-19.954681464347395,1.2913827238434905
10.278927174500009,-6.599218476530631,3.956350168797351
15.694368806661648,7.762171801768776,3.704359074832766
17.50141087175982,7.3982665613867695,0.5516120307131231
10.63517209146802,9.2810388519154,-2.6119777609580863
-2.842512678052801,-0.5727116672855459,-0.6039380476424192
0.31789238399539765,-6.135471307967813,-0.06543050249822491
3.070551202802794,-9.638928125244288,2.533418587063161
7.887741100915618,14.11958462830551,0.3471435473794813
4.21002506766704,-8.021005124611225,3.840959106679697
8.597386469357158,-6.894093546898343,-18.229823695944656
6.063068712017905,-11.013236830331671,0.3135981250748596
11.516780960937059,0.8533144693471613,-16.218859794450346
1.7902857659276252,16.80625478165764,0.4782938163180619
-4.194384477423142,-18.62552481975315,4.690563588091759
13.0470011090991,-11.3869414072914,-18.620061791770418
3.681535355457378,-17.573337769046717,1.1946901022068666
-1.9977015011929424,8.303257289432949,5.578208652143575
3.7518368345527495,-18.965736023783798,-19.692184599810695
8.118559427252604,10.858907672254919,0.9133504408361084
2.2844400436729932,-4.271970178556245,1.0309049969441677
-0.18129858462270576,-10.538637569997961,4.04031193950529
8.133831682854083,19.399892444235043,-1.8793504081997945
4.524086897834895,-14.60358230184292,3.315317246823021
2.5315920867994457,-14.341817597979961,1.2646321100858415
-0.6350214708042898,12.79591049167692,-8.526911479583926
13.734952798889722,12.610559129777748,-1.3727955786436752
4.91030290019782,-16.13018333592481,-5.654657774691614
2.066247694601188,4.397261569490535,-14.575630539357661
0.6313791814569019,-1.705481889824922,2.4071675143009847
11.39529206259564,-2.545542806874643,1.8147211369004843
7.413824857942905,-7.61722378447244,-17.708961528014264
-1.9817289185830482,3.395859726749336,3.1591287965408164
0.0,0.0,0.0
10.133409967754368,5.832552956335345,6.141037593233868
10.675563855339682,9.565258714789021,2.7522366150909505
6.593346031983307,-13.162181120167752,-16.707859851924898
6.793207578050119,-14.403610349067819,3.1097704150377203
9.336149280544404,-5.263670389377438,4.605601443217086
2.6496966334879932,16.857207075332933,-8.974911994587657
-3.3597116975216132,-17.07486128134923,3.830657089209668
10.666224747376603,-14.39844812664256,5.251896165372312
11.515731105191193,18.21002161275601,-4.374358878429996
-0.8579867845982996,0.3367884895986588,-4.34586823193764
2.374729285906679,17.26087500484451,1.4216943280274315
6.4996708627440185,8.159178479898632,-1.5466522073097027
-2.4687905362609603,-11.982542855772348,-1.3420835357440453
9.52136614245492,-7.978866478433039,8.049765293608552
5.233017486462131,14.46663268022305,0.26091045669599566
0.0,0.0,0.0
17.2644975710716,15.30188091754858,2.689494409545862
-1.9762727130338105,4.566179692735299,1.571786243865576
9.824777089504721,-14.64833176092198,7.63213662040517
0.13791157537428234,-14.938348248761066,3.525528311885001
-1.5468705470986035,-5.914508136857041,4.4932283062797165
19.920322581527063,7.49573098768224,4.741788114735418
1.3433106620863953,-6.660950570562122,-3.5159984332156498
-9.149439419954335,-6.074869163827074,16.30136599270915
4.90453699473355,-14.957122910223102,5.553805112364465
10.74018756479133,-2.5174904983184483,-1.9025989030105421
8.169134724755722,5.479461718251336,-18.316773190688416
0.0,0.0,0.0
9.714533414599153,-9.52996082076269,5.624335556530713
1.8521783863021408,-17.117880773469448,-8.350139317674294
7.498635919263332,-2.38584274041245,2.5384339666256963
15.404352134668187,11.775887994727732,9.733019225676685
14.604456578187538,15.224667073082685,2.16748065251015
18.95113161554191,10.98035262388661,1.0711215784010761
9.81437290888968,-15.249483794374235,-15.600672386471476
-0.9855080781305574,-2.6771301298880203,-0.9731263075032466
0.2238902798624185,-2.641426389379646,-17.704085134568118
-0.30075481553665284,4.007868748307942,6.5308156370476595
8.467115965408071,-18.81265911164035,3.1298135973486048
-7.325957458728308,2.6621246392997575,7.268331568876029
-0.17159031457466511,-3.6966451215972143,-13.574733429554861
13.81831426474815,-16.31489127695263,0.4810767893027261
-2.1178537677594456,5.278706886312698,-9.022974475371987
0.7518945932029979,-6.422305319722815,2.428268667956723
1.0007964604348274,-2.891719161693736,2.995224740842208
6.420452858526079,-9.188622310229656,-6.810586637811369
3.4557411948705408,7.948979246572613,0.908233410827421
2.9313081827126553,14.392503265673916,0.025660431095683833
15.79534192133052,-1.7633306676515534,4.478970444118186
-5.0186816600390145,5.328804465968174,-12.7746465267094
-0.22452522032733624,0.6242504012711194,-2.2239193974686797
11.065399557297944,-19.81056408250087,-2.5251885564432444
-2.5226454189384526,6.809881078235364,5.739715683046246
-0.39760485372310583,-11.347988185401535,0.5519502837991943
9.724972829277597,14.307456394521239,6.430446542348552
2.1125867837833354,-16.328502120845293,5.177504619504575
18.316190356637264,-10.281451991091906,-0.6748166495385846
4.185291448952409,19.48834218628402,4.513233812648496
-1.1777459297090989,-0.06554065285059707,-1.8881978473916803
12.365605739169215,6.99876605508701,10.872382102889215
12.141943233414551,-4.988346902126528,1.6089784400782798
0.6088218881898655,-9.392268116242514,4.5462450695395376
1.3533690951249966,3.3648297621212286,5.701931284842761
8.18086619044018,-15.697383915437452,2.476961685683718
-0.987492031178256,4.372356564133753,2.826323297185322
-1.3000655639695857,-15.078474064451736,3.273942288236242
4.464282640108654,11.165265147102005,-2.845288347310783
5.4976487867321335,-7.181941473436188,-13.02436131654817
2.549974911399719,-3.9218036448652747,-14.259584888956086
-15.640936597042565,-15.723084843436673,-17.122552310721446
8.70813401284393,-17.254092670908513,-3.842656200598771
0.0,0.0,0.0
-4.528796119306053,-17.306390484654607,2.689556652515609
-8.636995648775564,-16.340455505888762,6.950024533864901
-0.7593830850399641,-18.74744568601293,3.55532812534803
10.888267956254683,16.014777943924702,-0.47727264064649333
10.674904594152316,-14.13116190501691,-3.7668640101764685
3.6928928321673604,-14.124301910297984,2.2211826074835774
-7.877048586337224,3.550863422164074,-10.505611526172236
-1.4288904191621619,-0.6448457531695411,2.527511069405019
14.077174878064493,-0.07263062900065087,2.3885252096384466
1.0246173694915255,-14.883783465047479,0.9371680956844575
9.345865779105992,-1.8365979871545335,-8.872053071236891
7.2940823059313,-1.8308296879753527,-0.3798714142665709
10.200294957296393,-2.0786497432989854,3.6983673094130083
12.33426190615583,4.305454105310847,-5.791784209983221
5.31663902991437,2.0955658693146884,0.39685434029204947
17.535639266388166,-0.09643725677714698,2.17967125106917
0.8271343030806307,-10.615036619519373,4.627343490558207
12.621616778724324,11.229128533570009,4.187716997313423
0.7218731181657212,2.7156564917990593,0.2387597015838061
-13.429363640286176,-17.96499631154824,-16.925636671869455
5.383424357628593,10.433259636774553,1.1466942586177002
7.8109931114351525,15.201031904242676,1.5078525231493778
5.389134001986575,12.288822153843233,2.1887568020984016
9.302786486635076,15.46738395388341,0.21089770070144098
-3.0178845909310574,1.1303764444094213,8.110237522977961
0.09104731530313459,8.687591887326521,2.2161086726557464
-0.48598546125397135,-9.949272662873316,-18.495691944477286
4.461304219845019,12.201799723234522,2.818468933405388
9.901568452663184,5.763552022455162,3.93342159736644
0.24788172361677807,5.832437792548584,2.0815544614346977
0.5639353093818116,-18.97847544377908,1.2699697660834524
18.654805639619358,-6.880996743019759,2.2274725316219537
9.008934114581178,-13.813642834430532,-6.714826278045548
18.420996937117362,13.510247957770996,4.767689207948593
4.019978051263034,11.017032275097074,-4.618561624519192
14.739646506520012,-14.182101337411412,0.7912161477974446
1.5905810116832981,11.258030901894656,-4.446099806904705
9.288378233285801,8.748486140344639,7.389957077582054
10.560803791852567,2.228453568464019,1.2579907511425041
0.783532045460472,7.946905915657947,5.803235438948028
2.3281169177045626,17.292802021997453,4.244924718019309
-0.349101425956027,-17.897378740258134,2.1883609386771834
-1.2174107196706494,-0.0453103513472044,-17.502623592162504
10.245771728198545,-18.889337686864312,-12.021524995134605
4.835416125700043,4.866089807802869,2.184628924359213
4.294597158192562,9.400295204378207,1.5220147206507662
3.961107576827388,-8.283877401654602,4.762440389452819
5.650957235536245,0.4263067819716184,0.5105554646324606
9.35903676589653,0.5773607303002404,3.2252345219119967
5.044091357337972,-17.024501105300203,1.061194195928806
7.278508262339189,-19.183233530971677,-9.878142901626424
9.719357141269132,-5.18681596281084,2.5670837118785386
1.1096547899778813,6.22706172953329,1.486845619923855
6.606307986792263,-4.3529278506383005,4.0099359420877505
-0.8796477701141328,7.621502769071977,-0.07493332062713165
0.0,0.0,0.0
2.171207794980054,-17.142339783584696,0.40867512243486104
0.0,0.0,0.0
0.8822656054537443,10.104822314112472,0.20589961188543793
-9.754591645663508,11.536025700744865,-2.827229056644407
2.8433550057906416,13.68976377428401,4.1112385275387915
0.6558389001069571,11.686803526261965,-16.420844313345235
2.848574266891415,-10.800048328100658,1.8168433620396165
-2.6543426609701157,-6.706626402347139,0.8332098263339596
-0.4327583901243095,7.769152581449689,-0.5379165430357205
4.279475703210281,-6.874048062917652,-0.17111331021066434
19.259619716375013,-6.778257378662589,0.5492358017712888
4.861754389614028,-13.514135005887873,-9.033050221727974
-3.120843789640689,10.118275275418881,1.680223776147348
8.000559452768398,9.425219757828042,-3.9362428917332615
12.666684722763259,-2.8175613572783007,-0.9100398948410815
5.09012937489004,9.872617659852196,1.8484183081051704
6.350902867426765,-16.474349490319277,1.1315966499430594
19.282368431044905,2.195479561423255,6.657131090115352
-1.8135009223653782,-2.0061217371447206,4.53526385838955
0.6058951640659771,-9.567108612882183,-1.6891138025770438
18.201027206280394,18.84953641233108,4.782686920789468
5.011691971964897,12.474329028303174,-0.4022191320735118
13.462809226923525,0.2480007826999433,-10.009763933675165
1.0542212351012097,9.183812684680214,2.356372860343649
0.0,0.0,0.0
4.132179324166035,2.266304805981055,2.4825568403490195
-1.2386553486631229,-0.170179238964006,-1.0643359025438421
-2.6176165335048545,4.773366838159477,4.905128530989124
3.5918921125635315,-7.867317414594183,-1.3805299552664358
-5.10559813073327,2.204950192473852,2.2370279932115125
6.427384208965538,10.874591374451672,-2.7203258209081476
-0.04832089790413718,16.85580794578702,7.235063268542646
11.251686866236788,3.8800839831823133,2.986280630448441
0.4287488358433489,18.679587414938496,-5.7829407509371755
3.5713947698456856,1.2611398531648703,1.778951316119585
10.498638674267015,-1.3148259671402727,-2.543681548474402
-2.216827890331352,-0.8291161494562047,4.747623101271941
16.433775591018417,-10.816595376698093,4.360211470820765
8.901875315256234,-5.610248156753125,-13.482980046196701
5.752169784814949,-5.107623711211275,2.426825859331924
6.36846391682748,-9.587350245989855,3.9356488355019508
0.7233218048792044,-16.215538370476693,3.179279401609538
5.815753572027116,6.273881022979557,1.8654774263836842
0.9077174718692884,-18.689663845427976,1.466176203636815
-0.14130411457802827,4.92526210079114,-9.21471338135733
-18.94476004245926,-18.145920145689264,-14.631023109270854
0.37163639868134624,19.440035027839834,-10.462400174789247
15.289781573730693,8.959542848259908,8.487346569306261
5.802435311054115,2.05501310896679,1.6934740542751712
1.9193857091495161,17.38218729240173,2.9935041896482684
0.0,0.0,0.0
10.346282131691654,12.167277074038655,-2.064535233978269
1.8331718997607283,-17.963276692473524,3.0479042390403244
5.404785679659273,-0.43041281002964027,4.6463533213633
17.530811970607814,-16.985781086438827,-19.967590241484178
6.708395925476345,-1.5941140062994057,-0.45171652801788886
3.6445669800110063,-4.1624053274277735,0.6891916578168793
1.1994301702892116,-5.099735945256073,4.463056759856085
-1.131247402510943,0.8098185091565657,3.9673875718397227
0.33294450944022175,-3.796622337009069,1.4644986474166526
5.804488770773329,-8.204069605641394,3.6756514075715874
1.4517641030320512,5.919149922499514,1.6831119678699715
8.871123452771062,-4.868814594046711,3.350430219185913
4.601397453925337,-11.268278592257879,6.077266808034132
0.0,0.0,0.0
13.607410970211276,-5.277119849782991,4.000073789023922
5.169007047827106,-1.6407569798936024,-14.572687281085557
0.5792196730648662,-2.8055899316007817,3.815114063590997
13.128380772082686,10.977447337670112,2.040811853852521
7.744569311806065,-19.724722941658754,2.1809115716828202
2.8354827583662896,-4.16135554179006,-4.997681611241767
2.8125844753871725,12.914588406700794,2.4372111267915777
7.4828575351790505,-2.8970721108460395,10.8371930764432
0.1911642634355054,4.614642564338784,6.264490353953109
0.0,0.0,0.0
8.96582928637438,8.86232426116645,-9.915189261925246
-1.3704155215677254,12.309984550747068,4.711164862763113
1.7743252168179957,17.832687327706907,-10.69518373140207
1.9170006546989242,-1.3260700019354665,0.7847664314090679
2.6788227605886563,-12.482098683240473,-2.401584179694053
12.400123785917032,-9.99428459625694,1.6962682386565646
0.0,0.0,0.0
5.8003249345699786,-17.143842794718772,-7.0750711724496025
0.04636484031090049,17.173554255536594,3.585732405551024
0.37307299670322713,4.413075975758568,0.8212808898758386
0.0,0.0,0.0
-4.836508396397086,-16.723626131073175,7.343474823953212
-0.3214449040680911,-2.210959303516063,1.20965873906287
10.510990376049573,17.889479826555224,-3.5149322560656353
1.7695738936250507,0.37409369768854006,8.627051531202198
-3.317077604960077,-11.240459378927477,2.054292389766965
1.175814588912906,6.090975666179077,3.725151656785446
4.135833355209066,10.562460235542904,2.1771355837655335
-4.381205556315777,-2.5241985433847454,-7.000686351714524
8.195321353079878,13.613526382695364,5.771507190345737
2.872940022608738,19.710125906510996,-0.2114693386034432
0.0,0.0,0.0
13.712583782479289,-3.87057747199761,5.19707026166167
16.49287037995439,-8.773332413314613,-1.0102962108135087
0.0,0.0,0.0
0.0,0.0,0.0
2.6428748642017297,-13.37396342082838,-0.43478023942719446
6.4724198551584875,-16.866125109395824,5.065584784449426
1.4956996417029416,-5.642399429994287,-10.753243268862377
3.0495723658522564,18.54617138862406,-10.138946606760342
0.7949236849740693,4.683242527779695,4.158059644884677
13.399430487891024,-2.757999040237115,1.6103797377451645
-1.1584840382422499,5.358311504832326,-4.503888092563795
2.1667263837532573,-16.39043363842202,2.0691712047000195
3.432732809301151,9.38894104473745,6.569568188308867
-0.8905485674118189,-5.184337702506117,4.109947928507822
1.227806896846074,-5.902815275055717,0.9907859649302577
-2.807160642894561,17.597513379603324,-1.802060247229747
18.71196928331806,-15.599079368758616,2.8238324382659923
-5.4085802575547435,17.828123689476506,0.5250258311752052
-1.7882168434201908,-7.492469693563993,5.712727067646528
0.22610418031120005,12.703659841443269,2.299088231814242
0.0,0.0,0.0
5.270574527214487,-8.717612100323429,1.6820424708142347
17.307783901326587,-2.3627658262252886,4.711528815123554
9.810847452256798,-0.34061581868602886,0.9825796234973758
5.963629210043607,1.8773237084071432,2.2315176820060856
-8.663853185200784,12.720698476283296,-4.290295545555525
-0.17121703211310857,-15.829288089956073,5.458446776921678
2.2912283707121244,-19.920710451619055,0.7848277558130601
5.551562240520283,-10.786554591881925,-1.2892057745872556
5.908395337772065,16.93085272662863,6.289054069415227
19.348705286507027,-2.043242301800671,2.5373353951444386
-3.8662541293401933,6.736433667241835,6.711906330335141
-3.720853932434629,10.301165523126441,3.734853352568555
13.786402975435422,-10.584333131122634,2.4160462887480953
4.003545384554534,-10.065655375102207,3.723423392853526
1.7623244982163122,6.521253629520277,-1.8784785691684291
-0.45427073348957814,11.488844429393277,4.609014403711157
0.8591550999359079,-2.894971023493497,-2.1511907927666094
-1.3079155852398414,-10.481876750739929,7.142478710800276
-1.2073857317509926,-11.558929710467211,5.552108359508519
-11.962701552532348,-6.623082932813411,-4.605641594164645
0.8262024118080582,2.9362835202012008,-2.367959097335035
-0.22575465955974394,-5.871203553392364,1.4850892010445662
0.0,0.0,0.0
0.0,0.0,0.0
-4.073456767165688,14.691080628092969,-9.249423743966428
7.234965098384222,-8.851435630230682,5.637750242218658
4.866105657505974,-7.51155058596914,1.9049440614676767
0.0,0.0,0.0
0.520713865792672,0.3874384165274627,1.0184791528511052
4.636447521284211,15.971718142434824,-0.5459240866557522
17.845984134480275,14.960701284079548,6.842947974434878
3.223493840618122,11.7794702681914,1.3990140765979042
9.705483449276915,-15.64208158262322,2.0900479142702473
3.7899790440761763,7.776414609154802,3.17473074113931
8.192468601445547,10.861622322831689,1.4259107555606825
4.1780733689740295,-6.25396656067854,-4.003951303434112
6.307721398298709,-1.5102871580112733,-1.2938834722943575
-2.885146784847354,-8.214156593127434,1.9466654762978983
2.80269938845722,-14.291226071675256,4.436643877944629
-0.3464525775374625,0.5566072892001301,4.2277171921012755
4.971994262416729,-16.46891774825042,-1.301475419001009
2.835738278834242,10.936246774587286,-0.3012842664564346
-1.1298185851440898,16.459070126465008,1.5122296775194677
7.356992867727026,16.669310444340468,2.066033684538393
0.027726394809718613,-9.363450503540793,0.9232997628253763
2.0671917098319987,-12.970537322236638,0.5987802468821104
-9.411445959327125,-0.6460233959725237,2.262765509033799
-2.3906954112684584,10.90650931750002,2.974285428611948
-0.06085991466261831,9.691845468276341,6.524257580419739
-2.155279719988253,12.115523348683933,1.984138287679869
-0.5631063737881199,-17.475239581974684,1.6381555345061911
19.24066834760784,5.500701254526536,-2.8757871310793988
19.6630271683386,12.332155201132132,3.3450368854927426
4.839854892972213,-5.112605694362113,0.8523034765383031
8.715078876874589,5.432710073843033,7.328578413052682
5.012397655919909,2.3022443815518336,-10.86383328334005
0.6642713292309423,-5.974199818095487,6.3996795426115405
1.5734265820906188,12.584249499569431,4.189784264263665
9.714568609789566,10.84063806263514,1.8613705770186009
2.556009567765706,4.602368096452722,4.567018068746563
-0.8209082918928967,0.8649438951901267,2.4209164369391347
3.1211433083097475,13.826942084474602,6.582611189212987
6.91916106672992,16.25824040852202,-5.024116257870141
-2.1026722869764853,19.44963901087473,1.9768808190731642
3.4081421894836934,-16.23272887195556,-0.9633363887794122
5.979538214006102,-11.94911513406269,2.339443308964551
0.5702473638962946,13.021359871256287,-12.50016475633111
15.11684440698652,-16.526625198807647,5.478821339733374
11.935438386975754,-7.3539956101123005,0.7459434852121811
-0.6050973845773129,-1.94770649803238,5.666791564727882
4.263602900785903,15.513242273187757,0.6834930326303269
10.975735321114634,12.195220556123374,-18.810658041007397
-4.9176215857175745,-3.7995910243117272,4.156932420982429
1.6616038003077196,19.986358393259096,-14.286835717052291
-0.17672860294856818,-13.633313806417325,3.2214652077734396
-11.60154678340809,0.29150027126446343,18.96127359073777
3.89188734648973,-18.388329613743135,3.191297807004003
0.7048744505996467,-8.715494845909609,-2.121931758460974
-2.780628317971619,7.19433955988783,7.473820906382684
7.264620897350813,15.672751857416916,1.9788406723022298
3.252796289945625,-4.1565509375032,4.016683882386335
-2.7919302447182055,-0.3089663296534688,1.8239757562331036
13.50301984447401,-5.177759893406773,-1.540514957294869
-1.6169974344707008,9.96496224966494,1.6484209474535803
7.810411535146324,17.026382570391824,5.139933451241381
-2.5606144838160994,-11.327779239778039,5.139626605696708
4.387180158121238,6.960138235496331,-13.01098541264579
5.832041910833006,4.825839824692547,2.051542743257073
-7.315420333948326,-13.317571171148098,-1.1497881542236001
1.8219932784181339,12.16966616681875,3.196690002355343
1.4368630125971098,12.99599605760368,3.2338552944571046
-12.92441607783255,2.2900188983702625,2.416901449162954
6.903730466835977,-1.0471022460222201,5.291981770172196
12.238133209164197,14.183932637953482,-4.34983519646509
-3.480708124780179,6.576872784797519,-18.833709559683616
5.4836200838659295,16.362759591010636,-3.907193958511815
6.5152229226080856,11.150464541614376,3.1253462200543147
5.635750936298064,-0.10080678007803368,1.871332960828266
7.7787304219200415,2.5317379757949903,3.3589141138648957
-1.265863779250326,-2.6663788310806216,0.29928376861742834
3.8949477598601865,19.199710956168325,2.892595671357215
-0.22018368803769306,19.701635624609132,2.96277220765192
-0.5240456122521948,6.360269100445432,3.6037548805477293
-3.3031227750311842,-19.579983133859002,2.7605969516002915
1.2961355679645763,-12.99512918362185,3.08356840982338
-0.6348497656025813,-1.0846571589357588,5.200910576408873
3.0000354746037345,-18.13466499174202,-3.6917436749399095
0.0,0.0,0.0
9.814943272086435,-2.350177981732198,3.268624030738226
-1.3557772021267382,10.697132492844652,-1.06203483484758
13.086641395683754,14.47362275082164,-9.07733332989344
-5.970524280102281,0.2323613310976711,5.461119741915002
-7.079159597598268,-13.996983052756878,-1.9723422405403817
-0.4080210453009556,17.05515867472294,3.0156653259309536
1.8369041716377836,14.836699694783512,4.369621754220237
6.563219451963761,-4.562566986020519,0.7900839108565911
3.413527489086011,6.356925959800044,2.025205008112927
-2.3356670553630976,4.25460332910229,6.048779303146455
6.896416863457841,0.08236247080492731,-0.5363467803925381
2.2097851695222666,-1.745848125766953,1.6027096503638667
11.886173764376146,14.98958736348037,0.7829915599948536
12.9100176494605,-3.9797938517538682,2.8973453472758415
-1.3512731894124892,19.017139439872306,3.444858490454476
5.406398956238281,11.742406630746082,5.168885614301839
8.874518760903136,-3.7533894527993006,-2.4884731297864207
7.280071475054164,4.67084089486354,2.630772407390528
3.5636305520246765,4.9223437369091805,-1.7878999037684764
-0.26113097812134356,-5.3020093745580885,2.834768780000635
4.309051342180354,16.88570344036105,-18.515240566611553
1.8913142490835995,-10.261634014322569,5.379951370394004
-2.2128019286699576,6.682570865689591,1.944294811868886
5.457847978907083,2.694123921748883,-6.311958691266716
0.0,0.0,0.0
0.6147005136028194,15.053830166110025,0.5124604707636209
5.34467735046686,-1.476934146824302,3.871188201494281
14.01637157194719,7.315633888128659,0.6835871685003312
1.1972281212296565,-14.481974438749798,9.207182466483419
2.688145184007176,12.100349153725226,5.872405167387576
9.088843059712987,7.343605481323431,-12.911240831662006
9.282687414455024,15.23310342247342,2.3670917167620438
0.15471627123494613,13.64944171146891,4.690031643871664
7.7103075566554224,-16.34085061924856,2.6966182797461613
4.213885522585864,4.618160557826641,0.05031896157294824
4.20229088349712,-8.21222389706673,3.963851897668988
19.566101274647938,-14.319920042694992,4.644619514475359
7.930070539299688,-11.055382997817585,5.763645296024858
5.429117326363897,15.8492244563317,1.956753157102808
2.4995185898591092,1.6026962822419648,0.9425161461233422
-0.34560944676251637,-5.0230870598491935,6.1437896959627025
7.602323309000843,10.897017325002732,1.961214536391573
7.755089946412301,7.881664850776527,1.6002624539819976
2.425243407988022,-10.92347912907103,0.5762450305270456
12.990446686039995,19.333760848869233,0.8693658171050807
1.9217163054781707,-5.202043729595394,1.001560029146889
3.9783194612445882,-9.060083446542635,-0.748044415634503
10.94595358047021,19.12782125374578,1.3906116965534223
1.1845596790200161,-17.23746877792374,1.0392857594485427
5.003504808167946,-3.4653658672673173,1.9178517771117911
17.720653260506737,5.1599449395681205,6.563105378542133
8.877941092078228,5.6239786235122615,-0.16336484821263042
9.656931078613937,-1.257855032710708,5.242958834210725
8.381340061511573,5.765791952548028,-5.68578215108931
5.205111599146857,4.714823107103527,2.7740100929103306
-2.0363264220230874,-19.78901574695789,-19.196004283909556
10.160827862251779,2.9656754162915213,-0.7859431178793237
11.457316635523162,7.805936231319842,7.965168498991368
-1.471457397565974,9.393185441095724,6.183200063473773
7.97758264583771,-2.5165825148965704,-0.2302484041822126
2.1069034961771784,-10.928091212193031,2.3075690039373207
6.61687990911436,-9.756370479330252,-4.319178681189512
-1.5506112897783773,2.719966559366828,3.498235848213838
11.50119593362973,3.1503800419136034,-0.38569517218648874
-2.3951823050633685,-13.164026900980318,5.25307271172321
6.359899388920139,10.28480297557472,0.3735228693529159
11.091187984245797,-4.8197038273785155,3.247927088741468
5.778350967956115,-11.170349300351267,6.085801912505101
6.026978188144596,-11.525131845360724,-5.365141460106496
15.437675681426914,-2.28167182260559,3.5187331129504416
-4.211252814266922,12.01014274069211,0.8279218316709489
9.211899927243564,-6.892385722394623,-13.47528272029583
19.776781747480555,-7.869488752357784,0.7920023607301285
11.401047830259406,15.814251863907678,-0.6581509316177563
-16.500405109149344,13.628810198284562,-0.5183455518027671
-1.951147018698128,-6.073806028406784,3.406781650913481
17.45021697427779,-14.81301925772176,4.476013624005176
4.346580095428397,-11.554101558611977,1.8619986954567196
7.745691413369009,9.4406615808956,0.5066510671319655
10.095072733016234,2.2535395467276125,5.606454574012249
3.9930783334056628,14.136149055725754,0.747548769094124
2.668858331366362,-9.511352808667063,2.8868197596991862
0.21716084257088664,-3.994329718027668,4.4712388097633635
0.0,0.0,0.0
5.767495703107171,-10.166542028124326,3.246649403338351
12.594948388225063,-0.8610610846842981,0.4827485736946251
-10.272539782792766,16.849042278350442,10.18497880892285
3.98502823848915,-2.080270894495909,-0.9778617484130194
6.398559854390847,2.353146789346649,3.0265762509075493
-2.1242775284365543,13.155128431099763,4.729226782544362
-0.21713920142268006,-4.642479365991123,3.6067195961913896
-4.005755727140745,-16.03796334069635,3.9744990781050022
13.491887115258894,-18.334537958713646,-9.461775698269626
0.0,0.0,0.0
13.591213630777233,-8.763316538462218,2.147132622560573
3.355102309573894,-1.3772623775597062,0.5944994596246538
-1.374264409597263,-18.83250109122797,6.696119889435323
10.752996099053247,6.055115255421508,6.340287247165888
12.416688741684197,-9.257677604343675,-0.13643260623588027
-0.17913129100709568,-10.381329337241711,-0.2401507597182153
4.420001341852565,-16.39872184967817,3.089131521457219
5.426072750886124,-4.495928765495414,0.27691868010321485
0.8633645138551849,-5.884003001273285,0.08934785832162184
16.9422796836122,2.563638392997426,-11.200790321002563
3.2384750544375507,-13.870210128754302,5.540269893271392
1.3459522715907488,-5.479688790680951,1.936269179028895
17.825723001153438,8.531814822867268,6.775072242589087
14.264078150301538,-4.653441009687878,-0.9812665368432807
5.920121519266066,13.16982835189056,5.015470588495369
5.229123353459114,11.447238856884782,0.39568666993248947
2.7856257500750603,-9.087473590596474,4.988173548683113
7.176455631817039,-8.255838421278723,2.844814904092856
0.0,0.0,0.0
8.249018184456661,3.6715760544322915,2.7471722348381036
7.051129945229164,-8.591668665798506,2.097556744423553
-1.8966000050892315,4.499893537104413,-19.623045292490342
0.07823883325474235,4.423408267886199,4.550410614090758
13.17302942495665,-12.849009094095345,2.351982292495924
0.9964059639603366,4.5240577050291115,0.810550880628409
-0.25862035684112783,12.641758298007957,-3.6990133381222883
0.0,0.0,0.0
15.466227543401551,-18.987013939687966,-0.23475706719948874
15.541607014344116,6.92464364809161,3.686043603046979
-0.6459242604420794,-14.219622897112771,3.55130323908735
2.976543608920328,-19.506128105928052,3.9619121303908003
7.747005766734949,4.279409572179389,11.533389084216152
-1.4670484392834942,-15.159561137942095,6.831074289911147
5.5163601727726,6.721801694279119,5.62245047170245
0.7339857521673459,-16.399347943263155,3.353243845534342
14.474894022998736,-9.36626918693931,4.457067601132191
18.631051314403734,3.9561598292917672,-0.2800517399764466
10.192803028718714,-19.77416476026508,1.4505768087754944
-0.8306235461482663,-1.850254263195671,-0.05474120475387645
0.9668326969233192,9.03372700219559,0.8225554310290022
7.955386331316664,-3.4798074903638216,4.164890296442657
14.780106605230173,7.185377993252139,-0.9795366304417978
1.222195578735029,17.44759916031267,2.1696857874543554
3.393341478916725,-15.761233612565945,4.987815953975932
3.477000241010173,6.629094686907109,-1.8714731709443935
6.298930466114015,-8.747766660743906,8.434099566162502
8.572831952522511,8.452452913392941,4.195340656641282
10.082370916512367,-15.250907707960291,6.7416897863625564
2.1304774097994823,-0.55474174259564,1.5996647577053391
4.086594111171571,-9.615920786570276,-0.43482428120658234
-9.348017084254135,-5.201431638315556,-3.675856048412019
-0.6261074041656158,5.679846848120359,1.8841165746069084
8.89151392359176,8.192954441760971,-0.33645282751810157
0.40232352409493544,-3.3403297827722325,0.0402467239495774
-0.39808244126894365,4.0620160832820815,-0.4948961463979309
7.243419970492081,5.501805888814555,2.4929835215140486
14.17941086722665,-17.172482174302083,7.883557263974288
4.597026591619468,-8.630647917788318,0.2916673791969089
8.276941542720227,-13.486451428638553,-1.2865210533304676
2.289834989709286,4.184722141714786,-6.367362655977413
12.499778515143223,-5.605788114025907,5.572139765452169
-2.5246437534588644,-9.453004585463672,3.0951977104410915
11.352216002196855,-11.039487372108171,9.4852483680847
-0.9563128815087021,-3.8577957189197365,5.931698491217475
3.771363131620965,19.477023825642082,1.9191321615215582
0.4929762466906027,-2.739983848940202,2.684094983944526
2.329456390055043,-14.30099167885449,1.2916866325229917
6.043921703065855,12.671884863615901,-7.493862554757749
-3.2458488103792327,-16.565866156548108,3.135605138607783
6.299955559774004,-7.627784746868884,-1.5758793294207618
-0.3496462202136861,1.5661826116326418,12.66792389216797
-1.5836026347581758,12.430257507774563,0.5022499698912313
1.2422580552985778,-17.507064284660288,1.5314247635291096
-2.323712788916783,-1.8187525563409963,0.6026093408242019
0.0,0.0,0.0
2.608530092136988,19.0663065761181,4.21364429875878
17.614346767509467,0.314972131237095,0.5853153296354066
18.5252237058812,-11.089096495998648,2.63071442121001
1.6226891399297059,-6.263638565486724,-0.046872595551547214
15.370999887307654,-1.8699430822193257,-4.553531413386903
4.64706420605896,-5.102366176091042,0.702468527130538
-7.529284250894638,10.65491354972269,-12.062437223306523
0.8527390727495643,14.827935747240076,-6.365347222619462
5.012582963386386,10.304120073480643,10.09191042301821
6.6840278421665005,-14.468405658343517,0.8347940536993264
0.28554695794508733,10.965397497262327,2.7044553407288436
9.92870957829436,10.296893473392444,7.901352062298129
19.538082632225432,18.01738267955698,3.882377303876879
3.3279979678547824,-4.623344512424268,-1.873221552402022
3.962328060567735,4.491448210652091,3.7894592135195886
1.4477194046438164,3.0421623399651025,2.271262212798046
1.703955423869525,-13.297262532637102,7.47487345144736
2.6265916793381088,2.3797003929138785,3.8146306979480897
2.718485826135847,18.045219660735846,2.976882285612337
0.0,0.0,0.0
4.8047360932728225,-13.539411215128851,8.032481337034579
17.511637691579015,-2.8106037120746956,-14.983420140898021
-4.404362400285455,-12.32724741491581,4.386123090640228
0.19573655513153532,6.523936875938562,1.4039002793660924
1.030861859442726,-2.3138035287071386,1.0555044543886247
2.1725834203280447,7.291923404376183,1.64077176032675
15.05455828547494,-15.083765894713926,4.1815782325316775
5.376219717627446,-7.389202138811113,0.01286823112890545
-2.0792480342306234,4.753527184629437,-15.77955859420942
1.714245731782924,-2.141090678712189,-0.7120797725014416
0.4417281241297466,-19.110039181232374,3.656333278214804
3.396089738341569,-8.820081535441485,-1.2233414063587134
-0.6287198385095216,-13.526219804016076,-0.7256525382119321
0.0,0.0,0.0
-2.669465231013554,2.6522190451379863,3.599908695095621
-3.6390913042679713,-9.388430084394894,6.22469185418424
16.57634806633925,-16.981168859854648,2.5508824311604634
-0.9579953419377141,-18.974099465769015,-1.2980971430436838
16.287372748335564,19.675536054850042,4.246685113610802
17.195674579842382,2.1766143564774563,-6.04130341905631
1.6859802987065748,-2.1857894920361183,0.6547171682390776
5.572570721952884,11.487803638390078,-1.2478181538142004
3.8718714871375717,-11.78070827722378,-0.5768067675920232
8.35837949438227,-1.827044933656044,-4.526452134402277
0.0,0.0,0.0
3.5782357374412572,17.570011547784187,-2.2507946059762878
1.0293182829830023,10.604432562543847,2.887236700113997
3.459473469950101,1.136710458330394,5.128786117994647
0.42909919455452616,19.40068887113287,3.6828514813487914
0.13280092397543442,4.795642879163601,3.8037263013108435
1.2022190858481423,17.226671919296585,4.937809414392234
4.3169708259672355,-12.389847586916435,3.1343795833221577
3.203877627555313,-3.479737581326301,5.005278695188901
1.5757418859627674,-19.555811657023092,2.3803510787822373
16.77889585413856,1.0355014353284258,1.0395595695520718
-0.29470237638463104,11.557947594027635,5.293718521869165
15.140562002649482,6.681429142773607,1.0315755813251215
0.0,0.0,0.0
9.264411765120093,-17.4066051063663,0.32623018862497144
11.310735034739334,-5.454218534769469,0.2575225988127059
19.737028913874724,2.6991823781365127,9.51638937163328
1.477863879021088,-8.449184234891087,-0.5219540239025662
1.9133102559253983,-14.59083320117573,-10.82665160417073
6.307764453734144,-11.056969265180951,-3.993077055783684
5.002489187682251,11.174669943446517,3.812996701647947
1.0069818968518298,-2.0349059701964864,1.41318967605417
11.828963804321432,2.02704887797713,1.869577989184954
16.175877805234016,-17.769338303527,-4.557137788144551
2.932283269921246,-3.969367303134863,5.362830719006208
-1.960548703130204,4.303142360727875,6.906669647148476
2.7414593703229997,-7.026652452000107,2.974491126097206
5.124333105295413,3.555940581611207,-1.5888684196339646
11.360137235612763,0.5424014833024549,1.2666071221546042
17.896372512230954,5.420821603303856,0.08603666471340077
2.8068182700631787,-19.52613274850846,9.634761371477808
2.9456167044314157,4.795246689925936,4.324074455951935
16.520778568076075,-9.791026072317333,5.749435246778933
-4.958936901200987,14.690747576501188,-8.507311766185598
8.32530087247879,15.034800267040115,2.6205761880253817
-2.94262688739553,-18.75933102688082,1.3864641309357992
-0.26640956500313423,-4.3037743618984035,6.494284828186206
9.538510434654036,7.52797288456193,5.754378015161372
-0.6599331024698181,-13.413506130373618,5.570414625792748
0.6565857650484901,7.533185564545391,4.291240096159473
2.8543565046998225,-1.724623310645768,0.1804988291484051
-2.639345377564948,-8.843468932504503,1.257599344694924
5.7558668148984875,-11.018186698168995,2.690396098188261
5.3419513664425455,-10.972027105538203,2.6154594807594034
0.3593033295748409,-11.087205677384684,-17.703411707755723
0.0,0.0,0.0
0.1411510204146147,-2.5013978155824583,4.070196580557308
1.1685440798983926,3.331356635930547,3.4931882607975133
-0.28858916265040335,-13.965278223045262,5.914487231955727
2.658266866458016,-0.8259604113360162,-1.3173665215629438
2.442798383531244,-6.095231724475951,2.515062629728117
1.018550553436346,-16.226224535868152,3.937384800421671
19.795192534785315,-3.127940842515219,-2.4589239288233067
0.8149450312370226,19.34005963191783,1.8248268991369354
3.175365930604741,-18.75163046650938,-2.7679410647999845
19.559229073524776,14.541801724563477,0.6853821498771957
1.2299980614948645,-14.297975443735734,1.0436303335021573
18.80913468394104,0.26935551510974065,1.8969896015477907
-10.731119211582145,-2.31483283538822,13.683403069215267
16.772822455626663,1.6122929418602956,3.492293921774035
12.66070984974278,-7.2534614255786725,8.980401193851733
-2.1760836624079563,-8.052682469185466,2.6246295209119204
-0.3738417049831435,-6.181508665163201,5.203391415218576
1.7709407971279498,-11.313379626117166,7.157350106810513
-7.898962720851884,-8.869947575801918,3.8952983575402733
7.981937489105395,-2.3284427457224446,-6.574429580586923
12.811128009276443,-16.783250772833146,4.756134301091979
0.19923070849930458,-10.554749315477723,1.5996885306935562
9.169138264994304,0.4644894767230472,1.728626190075694
2.9464005051449433,-5.863204555770659,2.7383314281316338
13.7959957458609,19.174154748964867,4.647631793172613
0.6137312959288934,2.1441499066824043,6.534596924344726
2.484626331168524,13.364193986389253,-2.263749256981402
19.402081660198746,16.431094616974207,6.200489756290899
14.251671029526065,7.977702964980303,-17.96302647665506
4.601086736432228,19.70590369123553,1.0624401048715528
-2.1617096013316583,17.915488099994587,5.017959022983149
1.8951159188647893,-6.864762567846816,1.3827341857029758
0.5356276194764593,-1.8018694912806836,1.9259647991472555
18.3689727478721,-13.094625089941403,11.435734981416745
-12.108877979101013,-6.759900168467092,0.42518216835564715
3.092419130490441,4.705682917956008,3.040202399861837
-1.6302527982439905,3.6773353364543127,0.9654750699124222
4.6587929161104125,3.452982878906946,0.216329052664733
12.352403513146125,2.1440869609452395,-1.201677066561487
15.000596917807485,8.82217685345722,-1.9888131581729258
-0.6525776280706808,16.74001678298741,5.943004286657526
6.15907155222278,-1.8086082544986053,5.429985715091876
4.50052449858407,11.814833846231785,-0.3164554121100167
5.817284806604871,16.1846221769878,-0.17579883483150027
2.543556120314225,-18.918426260168523,-8.919427855753085
0.0,0.0,0.0
16.763044435916648,19.775121950575212,3.8270993817115144
6.000472906388264,15.444727043135508,-17.712980986701517
6.167011164362458,16.62527626847929,1.708703635699333
6.462673415185346,-17.11451194838005,2.6320647762553726
11.137574598236663,5.439615973397183,1.5129836217015313
0.4149369698694443,-17.881358642914776,-0.142757628282979
-0.8392902991752376,5.661215571822959,2.4439791264171244
2.723796579740963,3.4880993816212467,-4.593612892269652
14.341486683337235,19.802858784470196,0.17906185681387932
-7.6845163224072195,18.08384122232001,8.326931986709297
10.254265696169407,5.915565898659002,1.6271034672410547
-0.8047401746114788,2.8010454999259196,0.6526054750620673
14.248041943987623,9.770483138716727,-2.5940819081725977
9.497472006423823,-2.386815077146096,3.4523032082534826
2.959405565039205,-12.365292456645037,3.7999140232283644
0.4083027125000598,6.836280487444505,4.538309586439272
13.379691964641289,-19.273358744788272,5.991903146715501
0.0,0.0,0.0
5.756560448204315,-7.701554030673437,2.2062096712737933
2.236682987484741,-4.129813684279229,-2.1451741387943493
2.5474628575780063,-5.709640186016162,0.31153839288325
2.19203913291442,4.219423169251954,2.2736477148846177
0.0,0.0,0.0
8.37741950851576,-18.565021053187742,7.046537692206169
-0.25501071653168594,12.951423106207407,4.260098370479749
6.489005132597287,-10.495369749466649,-0.8344603244176787
0.0,0.0,0.0
1.7253231994998828,18.586204992313263,5.589762045602534
9.454842436019895,19.22455664270238,-1.0527083016264966
-0.1431279147902984,-15.78949067706554,2.4055981984402024
4.198457056403566,-10.42250190450416,-1.4417065647107021
3.8469553109727634,0.13215913439401916,-14.288908475906513
9.161679699621203,-19.03988614547456,3.0685903633212632
6.058824334751879,-16.922188558910257,-12.37318224833609
1.1324365790667201,13.675969766604197,3.212041817391519
3.085529663256324,3.0901546610216037,-0.6627276927617309
-0.05506074924239712,13.22670472549354,0.5369644429127902
11.956322317110065,-10.332522871351525,-1.4785543755413293
0.0,0.0,0.0
0.0,0.0,0.0
0.0,0.0,0.0
-2.4155984647408344,-19.312401209835354,1.893551792246118
-2.244762866290289,4.610556221190076,3.3453604354685407
-1.3610609999620848,-11.340810104353544,6.30634666743677
0.49376957852133785,-12.837530868334943,4.3391346658349015
0.06699371108831187,-2.438340950037567,-1.7346555572293916
9.172581233940925,-9.930276504564036,1.5443794338695547
2.8079505133972056,16.425122346848944,4.613670915049376
9.759269273265172,7.975802567625479,-1.445400053872806
8.079180759312692,2.075544416735241,1.3255612760513706
1.4331973430577882,-15.033917567505409,6.692114711209793
16.43994212476703,13.305058097211777,15.124108917154935
7.663145768537289,14.559366104117773,0.9978815848905875
-0.3458193399358933,4.889283004178672,-0.522842058096721
2.5140690966065407,0.8225508957072325,1.9317479572715417
1.6887549421062182,-5.495745054533209,2.370752835079429
1.6600597729564122,-14.585781543228885,5.7770635203602865
5.115440425189799,7.708545423114984,2.0610352766140707
-2.0835769161659066,-16.147047950969956,3.6030778924227747
0.4940524027557771,11.007903278500972,-14.767216313745921
0.0,0.0,0.0
13.984273850707233,-10.36781102701434,0.689297000257632
5.7588474169569235,-9.372433157486004,0.12657325884782722
17.136070130217128,5.45770061141782,2.4522077027803135
-2.360053927600589,6.212499745192119,3.962597626672398
-7.7799207476088075,1.3424528379836005,0.39132257258974623
-0.33695876224778054,9.005268363568721,3.130029281690618
-1.1522570221268715,7.4883738366546195,8.462139372823593
-0.31217004511631186,9.38056486568433,3.2510571971961584
2.038432277107564,-7.1308434085474595,2.2166494835227653
0.5439427205236314,-15.463202478850981,2.6438619378096857
19.02098614108166,-0.8772434615207807,5.738378276443264
6.59506105706563,-10.732985095029367,1.0476659485976025
0.0,0.0,0.0
2.1501507556369006,4.329697130550869,2.818694115674397
7.985309369182062,-19.47600454789899,1.2018173546614683
7.289999768196259,-1.767812872278185,3.930092669492062
-1.6712694993608643,10.093249348863708,0.7411227460350815
0.0,0.0,0.0
-3.3803721838903105,-18.157226998374615,5.716176995211802
0.9377981226553427,12.386156998841479,1.9739074662979077
2.254844687606578,-13.553744285814075,0.7675882539036252
17.347125501147737,7.089758749061414,5.791269175733596
14.413721871757893,15.859212099395378,0.8277071344203897
3.83718476346041,19.560273992364642,3.1161282265980077
2.8584698358031417,-18.160585811986962,-2.265736001414858
1.2848947632090741,1.120145149698761,-1.4038739819201567
2.6993172379919996,-10.384439399541977,-1.8827497665317199
12.199083472151486,-13.868980545213505,3.823465303213794
4.643240044589227,17.0088426684259,1.3593511946649777
16.095295764994546,-6.867619168553972,7.0165972143136415
-2.398980870841484,-17.47377533181855,1.8952717320306185
0.0,0.0,0.0
0.5344992833853652,3.146999052497179,4.220991239054996
0.04556675077991734,-9.09462307880157,8.844809658216835
-0.852829119417013,-2.3833496647271737,4.6414334398915855
2.31055869673105,6.337882445607665,1.246391611908237
-11.3245849266821,15.793299799259643,-15.084062240597753
2.311475653087946,-6.965686559027321,6.29089313581214
6.965631173440858,1.2725066698576977,1.2975208931064262
5.113682566652905,-4.637044026321503,3.695848845491637
-1.051912830008419,-10.411652940236182,3.9627664382558265
10.751145459025238,-12.6345449835402,4.200110086683395
12.889000567235346,-7.999982464790425,-1.2179898760098897
13.246996306747747,9.278741713496968,-0.009859755978679274
-1.2849000693669588,-14.458542374846399,3.6127873853214076
16.978598702036948,-3.203852831626822,-2.108980059438
9.301511717466543,-1.3459959445129464,3.6961993000866107
15.531969676241026,-10.917897025158668,-19.965495009476776
7.943757310011149,19.53492471009519,2.9505444791480473
11.106590707879175,-3.340878236574693,3.1489299381588767
0.0,0.0,0.0
0.25885889859392464,9.597319935159488,5.8758397315360025
4.548912282685114,6.614229353343548,-19.948142503095266
4.4887717382832575,-4.759415012080489,-17.55793308903707
2.4419116494654167,2.0446367777557874,5.304228433879784
13.96734175239822,6.671076088147497,-4.0667146206601235
-1.4130855008422945,-2.717418327044655,4.158583355858829
1.3396080018303589,4.143346065328174,5.075619357650032
17.235533229898046,-6.3098901111926935,-10.378704534118363
4.679094247506592,-18.428523715587268,6.708529965817638
8.125796985735732,7.730387879869273,-6.975053016704882
0.3480738948919253,7.682077036796763,-6.450255487588436
5.669376784620908,15.18978059065045,0.7005494573954465
